   0.0000000000000000        205.29454424870625     
   3.3333333333333332E-004   205.19187993364091     
   6.6666666666666664E-004   204.84933919727550     
   1.0000000000000000E-003   204.19947842164254     
   1.3333333333333333E-003   203.21916881400438     
   1.6666666666666666E-003   201.97987415663738     
   2.0000000000000000E-003   200.62353647059325     
   2.3333333333333331E-003   199.27781241243400     
   2.6666666666666666E-003   197.97604929097307     
   3.0000000000000001E-003   196.64643249628176     
   3.3333333333333331E-003   195.18085228512192     
   3.6666666666666666E-003   193.53032882403701     
   4.0000000000000001E-003   191.75198508437276     
   4.3333333333333331E-003   189.97074857848651     
   4.6666666666666662E-003   188.28684341777850     
   5.0000000000000001E-003   186.70319152435562     
   5.3333333333333332E-003   185.13046415422147     
   5.6666666666666662E-003   183.46500172092806     
   6.0000000000000001E-003   181.67656775893181     
   6.3333333333333332E-003   179.83568403699618     
   6.6666666666666662E-003   178.05951499085896     
   7.0000000000000001E-003   176.42085749348820     
   7.3333333333333332E-003   174.89382669368018     
   7.6666666666666662E-003   173.37933369934311     
   8.0000000000000002E-003   171.78866693694144     
   8.3333333333333332E-003   170.11703575786524     
   8.6666666666666663E-003   168.44803852064382     
   8.9999999999999993E-003   166.88660560070039     
   9.3333333333333324E-003   165.47571173695161     
   9.6666666666666672E-003   164.16438390287121     
   1.0000000000000000E-002   162.85200398221386     
   1.0333333333333333E-002   161.47180766662615     
   1.0666666666666666E-002   160.04536255918001     
   1.0999999999999999E-002   158.66441820674757     
   1.1333333333333332E-002   157.41608533904389     
   1.1666666666666665E-002   156.31299325692268     
   1.2000000000000000E-002   155.28502513784989     
   1.2333333333333333E-002   154.23830676001342     
   1.2666666666666666E-002   153.13239054535322     
   1.2999999999999999E-002   152.01258352521231     
   1.3333333333333332E-002   150.97187912806015     
   1.3666666666666666E-002   150.07466270162763     
   1.4000000000000000E-002   149.30497407092707     
   1.4333333333333333E-002   148.58109421428273     
   1.4666666666666666E-002   147.82348187936276     
   1.4999999999999999E-002   147.01976774442142     
   1.5333333333333332E-002   146.23379704360480     
   1.5666666666666666E-002   145.55223010041701     
   1.6000000000000000E-002   145.01333403677705     
   1.6333333333333332E-002   144.57647949065696     
   1.6666666666666666E-002   144.15667738122002     
   1.6999999999999998E-002   143.69489557318906     
   1.7333333333333333E-002   143.20602354535490     
   1.7666666666666667E-002   142.76550598370156     
   1.7999999999999999E-002   142.44649644957661     
   1.8333333333333333E-002   142.25979902089850     
   1.8666666666666665E-002   142.14586183638474     
   1.9000000000000000E-002   142.02469053665189     
   1.9333333333333334E-002   141.86189728538028     
   1.9666666666666666E-002   141.69637707123678     
   2.0000000000000000E-002   141.60733317376710     
   2.0333333333333332E-002   141.64853088195696     
   2.0666666666666667E-002   141.80429386414841     
   2.0999999999999998E-002   142.00323119856756     
   2.1333333333333333E-002   142.17774044031501     
   2.1666666666666667E-002   142.31975262551109     
   2.1999999999999999E-002   142.48680114015906     
   2.2333333333333334E-002   142.75390865562645     
   2.2666666666666665E-002   143.15150296348682     
   2.3000000000000000E-002   143.64071346682746     
   2.3333333333333331E-002   144.14609656242487     
   2.3666666666666666E-002   144.61828160908161     
   2.4000000000000000E-002   145.07457501868288     
   2.4333333333333332E-002   145.58417750273429     
   2.4666666666666667E-002   146.21064611464433     
   2.4999999999999998E-002   146.95942336772586     
   2.5333333333333333E-002   147.77371495798604     
   2.5666666666666667E-002   148.58177510845798     
   2.5999999999999999E-002   149.35620477902432     
   2.6333333333333334E-002   150.13622536988049     
   2.6666666666666665E-002   150.99478051223412     
   2.7000000000000000E-002   151.97797168811820     
   2.7333333333333331E-002   153.06698327737709     
   2.7666666666666666E-002   154.19376968545339     
   2.8000000000000001E-002   155.29721801524474     
   2.8333333333333332E-002   156.37319221733932     
   2.8666666666666667E-002   157.47720793479479     
   2.8999999999999998E-002   158.67781965608376     
   2.9333333333333333E-002   159.99946158615165     
   2.9666666666666664E-002   161.40193196862643     
   2.9999999999999999E-002   162.81319342984082     
   3.0333333333333334E-002   164.18809852127643     
   3.0666666666666665E-002   165.54445688740665     
   3.1000000000000000E-002   166.94685491948405     
   3.1333333333333331E-002   168.45189238785665     
   3.1666666666666662E-002   170.06020008967710     
   3.2000000000000001E-002   171.71470611661616     
   3.2333333333333332E-002   173.34624782752812     
   3.2666666666666663E-002   174.92862291904251     
   3.3000000000000002E-002   176.49766646714255     
   3.3333333333333333E-002   178.11888072260612     
   3.3666666666666664E-002   179.83059898480275     
   3.3999999999999996E-002   181.60959386910906     
   3.4333333333333334E-002   183.38722432926173     
   3.4666666666666665E-002   185.10244801840489     
   3.4999999999999996E-002   186.74783876529011     
   3.5333333333333335E-002   188.37084303145809     
   3.5666666666666666E-002   190.02954040941191     
   3.5999999999999997E-002   191.73945231646587     
   3.6333333333333336E-002   193.45491479381457     
   3.6666666666666667E-002   195.09984586983546     
   3.6999999999999998E-002   196.62230570323811     
   3.7333333333333329E-002   198.02822119235475     
   3.7666666666666668E-002   199.36712789022613     
   3.7999999999999999E-002   200.68180427971018     
   3.8333333333333330E-002   201.96208222065943     
   3.8666666666666669E-002   203.13829281048007     
   3.9000000000000000E-002   204.11693723820335     
   3.9333333333333331E-002   204.82816948926941     
   3.9666666666666663E-002   205.24844720576036     
   4.0000000000000001E-002   205.38587880438382     
