   3.3333333333333333E-006   28.060983188102416     
   3.3000000000000000E-004   28.064893829892895     
   6.6333333333333327E-004   28.076002407227357     
   9.9666666666666675E-004   28.092141688342696     
   1.3300000000000000E-003   28.110326769201688     
   1.6633333333333333E-003   28.127543974342039     
   1.9966666666666666E-003   28.141557066508401     
   2.3299999999999996E-003   28.151522567191030     
   2.6633333333333331E-003   28.158252649441124     
   2.9966666666666666E-003   28.164052074921408     
   3.3299999999999996E-003   28.172163368368970     
   3.6633333333333331E-003   28.185955142501317     
   3.9966666666666666E-003   28.208056974874541     
   4.3299999999999996E-003   28.239662971394647     
   4.6633333333333327E-003   28.280189682885624     
   4.9966666666666666E-003   28.327390445830478     
   5.3299999999999997E-003   28.377917240087609     
   5.6633333333333327E-003   28.428209498456390     
   5.9966666666666666E-003   28.475504192153668     
   6.3299999999999997E-003   28.518724096486746     
   6.6633333333333327E-003   28.559021299823712     
   6.9966666666666667E-003   28.599826906466298     
   7.3299999999999997E-003   28.646368735150602     
   7.6633333333333328E-003   28.704740887406700     
   7.9966666666666675E-003   28.780713746425068     
   8.3300000000000006E-003   28.878535611501079     
   8.6633333333333336E-003   28.999982952124004     
   8.9966666666666667E-003   29.143863717817364     
   9.3299999999999998E-003   29.306079495620942     
   9.6633333333333345E-003   29.480230546014418     
   9.9966666666666676E-003   29.658631096364900     
   1.0330000000000001E-002   29.833517473369533     
   1.0663333333333334E-002   29.998197644932446     
   1.0996666666666667E-002   30.147914227029702     
   1.1330000000000000E-002   30.280267040182501     
   1.1663333333333333E-002   30.395147119141555     
   1.1996666666666668E-002   30.494245816189213     
   1.2330000000000001E-002   30.580293652029070     
   1.2663333333333334E-002   30.656232905459557     
   1.2996666666666667E-002   30.724525318676648     
   1.3330000000000000E-002   30.786744447284384     
   1.3663333333333333E-002   30.843515910353638     
   1.3996666666666668E-002   30.894771117295321     
   1.4330000000000001E-002   30.940196331202007     
   1.4663333333333334E-002   30.979710488741866     
   1.4996666666666667E-002   31.013803969526961     
   1.5330000000000000E-002   31.043616103215641     
   1.5663333333333331E-002   31.070709077434074     
   1.5996666666666666E-002   31.096588606721863     
   1.6329999999999997E-002   31.122102364503888     
   1.6663333333333332E-002   31.146893840650431     
   1.6996666666666663E-002   31.169088643265820     
   1.7329999999999998E-002   31.185341098877355     
   1.7663333333333333E-002   31.191282674196415     
   1.7996666666666664E-002   31.182311451342439     
   1.8329999999999999E-002   31.154569452992121     
   1.8663333333333330E-002   31.105895986981977     
   1.8996666666666665E-002   31.036536359195516     
   1.9330000000000000E-002   30.949430155462249     
   1.9663333333333331E-002   30.849992360935708     
   1.9996666666666666E-002   30.745413217714354     
   2.0329999999999997E-002   30.643612031406988     
   2.0663333333333332E-002   30.552059589334366     
   2.0996666666666663E-002   30.476713854829747     
   2.1329999999999998E-002   30.421286457179917     
   2.1663333333333333E-002   30.386979460732832     
   2.1996666666666664E-002   30.372721786077879     
   2.2329999999999999E-002   30.375819310365774     
   2.2663333333333330E-002   30.392840359345424     
   2.2996666666666665E-002   30.420511678213185     
   2.3329999999999997E-002   30.456410355032478     
   2.3663333333333331E-002   30.499301593246248     
   2.3996666666666666E-002   30.549073994566385     
   2.4329999999999997E-002   30.606336748067541     
   2.4663333333333332E-002   30.671837322701588     
   2.4996666666666664E-002   30.745908755527083     
   2.5329999999999998E-002   30.828148094371159     
   2.5663333333333333E-002   30.917462446150406     
   2.5996666666666664E-002   31.012511920514118     
   2.6329999999999999E-002   31.112456617226503     
   2.6663333333333331E-002   31.217809785359879     
   2.6996666666666665E-002   31.331140512572016     
   2.7329999999999997E-002   31.457375427725541     
   2.7663333333333331E-002   31.603522928652534     
   2.7996666666666666E-002   31.777771313879196     
   2.8329999999999998E-002   31.988065506258785     
   2.8663333333333332E-002   32.240409459574956     
   2.8996666666666664E-002   32.537237104015070     
   2.9329999999999998E-002   32.876217431276444     
   2.9663333333333330E-002   33.249798799775732     
   2.9996666666666665E-002   33.645662784299425     
   3.0329999999999999E-002   34.048075833764777     
   3.0663333333333331E-002   34.439936786754984     
   3.0996666666666665E-002   34.805162545345659     
   3.1329999999999997E-002   35.130969185774511     
   3.1663333333333328E-002   35.409612802837138     
   3.1996666666666666E-002   35.639254498062286     
   3.2329999999999998E-002   35.823787216504037     
   3.2663333333333329E-002   35.971671875671376     
   3.2996666666666667E-002   36.094030958692464     
   3.3329999999999999E-002   36.202395531223488     
   3.3663333333333330E-002   36.306564091228921     
   3.3996666666666661E-002   36.412995361180222     
   3.4329999999999999E-002   36.524030791039721     
   3.4663333333333331E-002   36.638055040640680     
   3.4996666666666662E-002   36.750496512556452     
   3.5330000000000000E-002   36.855391413572249     
   3.5663333333333332E-002   36.947123360836464     
   3.5996666666666663E-002   37.021929941313878     
   3.6330000000000001E-002   37.078840469275690     
   3.6663333333333332E-002   37.119856523914933     
   3.6996666666666664E-002   37.149372834237383     
   3.7329999999999995E-002   37.173016485250095     
   3.7663333333333333E-002   37.196215087883949     
   3.7996666666666665E-002   37.222859263638391     
   3.8329999999999996E-002   37.254390244216943     
   3.8663333333333334E-002   37.289529655957502     
   3.8996666666666666E-002   37.324704478307595     
   3.9329999999999997E-002   37.355046248794700     
   3.9663333333333328E-002   37.375702229932280     
   3.9996666666666666E-002   37.383121544020341     
