   3.3333331843217230E-006   40.087903785431841     
   3.2999999269843104E-004   39.094250566082138     
   6.6333331858118379E-004   37.533005564607691     
   9.9666664446393643E-004   35.740060948207400     
   1.3299999703466892E-003   34.070024156128753     
   1.6633332962294419E-003   32.834105758308368     
   1.9966666221121949E-003   32.237676361190758     
   2.3299999479949474E-003   32.343697980597263     
   2.6633332738777004E-003   33.068951561546001     
   2.9966665997604534E-003   34.212667486628987     
   3.3299999256432059E-003   35.510271424686664     
   3.6633332515259584E-003   36.699679782542219     
   3.9966665774087114E-003   37.584748577976555     
   4.3299999032914644E-003   38.080620716340832     
   4.6633332291742165E-003   38.229082877255991     
   4.9966665550569694E-003   38.178514682074614     
   5.3299998809397224E-003   38.131838836073776     
   5.6633332068224754E-003   38.275403588810263     
   5.9966665327052283E-003   38.709351555260497     
   6.3299998585879804E-003   39.402703344468279     
   6.6633331844707334E-003   40.191704506326367     
   6.9966665103534864E-003   40.827609195976969     
   7.3299998362362385E-003   41.062803211376782     
   7.6633331621189914E-003   40.747836429493439     
   7.9966664880017444E-003   39.903623864527582     
   8.3299998138844974E-003   38.738006393545987     
   8.6633331397672503E-003   37.594288898627269     
   8.9966664656500033E-003   36.845292665226253     
   9.3299997915327545E-003   36.769388480893213     
   9.6633331174155075E-003   37.454473593347174     
   9.9966664432982605E-003   38.766713193271706     
   1.0329999769181013E-002   40.396167258051719     
   1.0663333095063766E-002   41.961520621166713     
   1.0996666420946519E-002   43.133860721694575     
   1.1329999746829272E-002   43.734015409263634     
   1.1663333072712025E-002   43.770788416498426     
   1.1996666398594778E-002   43.411962102185036     
   1.2329999724477530E-002   42.905282899043961     
   1.2663333050360282E-002   42.482803855554003     
   1.2996666376243035E-002   42.283937743207971     
   1.3329999702125788E-002   42.321645826441497     
   1.3663333028008541E-002   42.498260305616988     
   1.3996666353891294E-002   42.659875420127015     
   1.4329999679774047E-002   42.666843165504183     
   1.4663333005656799E-002   42.455246117853541     
   1.4996666331539552E-002   42.069583002598769     
   1.5329999657422304E-002   41.657376711024895     
   1.5663332983305057E-002   41.428309452013913     
   1.5996666309187810E-002   41.590516545502183     
   1.6329999635070563E-002   42.282596251332734     
   1.6663332960953316E-002   43.520728487764998     
   1.6996666286836069E-002   45.176208841664504     
   1.7329999612718822E-002   46.990836337826977     
   1.7663332938601575E-002   48.627829693912311     
   1.7996666264484328E-002   49.746614218552914     
   1.8329999590367081E-002   50.083253587713266     
   1.8663332916249831E-002   49.516288314230167     
   1.8996666242132584E-002   48.100996964686360     
   1.9329999568015337E-002   46.062924995623895     
   1.9663332893898090E-002   43.751905365852011     
   1.9996666219780843E-002   41.567888548250487     
   2.0329999545663596E-002   39.876896960514870     
   2.0663332871546349E-002   38.937410732159542     
   2.0996666197429101E-002   38.854061753115346     
   2.1329999523311854E-002   39.567830912412113     
   2.1663332849194607E-002   40.882339127857449     
   2.1996666175077360E-002   42.517017270242619     
   2.2329999500960113E-002   44.172220784127816     
   2.2663332826842866E-002   45.589964889857718     
   2.2996666152725619E-002   46.596855620945924     
   2.3329999478608372E-002   47.121801059578743     
   2.3663332804491125E-002   47.188313336672024     
   2.3996666130373878E-002   46.887610068375643     
   2.4329999456256628E-002   46.342647807568980     
   2.4663332782139381E-002   45.673848120980274     
   2.4996666108022134E-002   44.974815378737496     
   2.5329999433904887E-002   44.301937936137548     
   2.5663332759787640E-002   43.677088023005759     
   2.5996666085670393E-002   43.099269729890075     
   2.6329999411553145E-002   42.559856313448201     
   2.6663332737435898E-002   42.056791442483345     
   2.6996666063318651E-002   41.604731364106549     
   2.7329999389201404E-002   41.239364103073498     
   2.7663332715084157E-002   41.014553681810611     
   2.7996666040966910E-002   40.991128322256479     
   2.8329999366849663E-002   41.217336637194300     
   2.8663332692732416E-002   41.704044949620304     
   2.8996666018615169E-002   42.401912531479297     
   2.9329999344497919E-002   43.190688150294243     
   2.9663332670380672E-002   43.889651009497797     
   2.9996665996263425E-002   44.291885874364311     
   3.0329999322146178E-002   44.215322044754913     
   3.0663332648028931E-002   43.554672794567047     
   3.0996665973911684E-002   42.315396863153445     
   3.1329999299794437E-002   40.615989631742771     
   3.1663332625677193E-002   38.656668102286552     
   3.1996665951559942E-002   36.665741214303019     
   3.2329999277442692E-002   34.843637364501859     
   3.2663332603325448E-002   33.324797289315704     
   3.2996665929208198E-002   32.169495083268117     
   3.3329999255090954E-002   31.384902627102569     
   3.3663332580973704E-002   30.962876678343601     
   3.3996665906856460E-002   30.915732934717870     
   3.4329999232739210E-002   31.292743833673779     
   3.4663332558621966E-002   32.168212422044306     
   3.4996665884504716E-002   33.603391202180809     
   3.5329999210387472E-002   35.595078568802485     
   3.5663332536270222E-002   38.029931226279658     
   3.5996665862152978E-002   40.663488939918039     
   3.6329999188035728E-002   43.136674359547925     
   3.6663332513918484E-002   45.031900216108241     
   3.6996665839801234E-002   45.958859024769374     
   3.7329999165683983E-002   45.649975661717583     
   3.7663332491566739E-002   44.040352117702049     
   3.7996665817449489E-002   41.308624654152759     
   3.8329999143332245E-002   37.863538202396867     
   3.8663332469214995E-002   34.274358247942516     
   3.8996665795097751E-002   31.158070370435215     
   3.9329999120980501E-002   29.048570738459205     
   3.9663332446863257E-002   28.279144343284134     
   3.9996665772746007E-002   28.907504336722106     
