   3.3333331843217230E-006   27.875989200125009     
   3.2999999269843104E-004   27.877271736801731     
   6.6333331858118379E-004   27.881170813230121     
   9.9666664446393643E-004   27.887683757177797     
   1.3299999703466892E-003   27.896806104998070     
   1.6633332962294419E-003   27.908531604689063     
   1.9966666221121949E-003   27.922852220178541     
   2.3299999479949474E-003   27.939758136831426     
   2.6633332738777004E-003   27.959237768176280     
   2.9966665997604534E-003   27.981277763846062     
   3.3299999256432059E-003   28.005863018727826     
   3.6633332515259584E-003   28.032976683314992     
   3.9966665774087114E-003   28.062600175255177     
   4.3299999032914644E-003   28.094713192085607     
   4.6633332291742165E-003   28.129293725147388     
   4.9966665550569694E-003   28.166318074669196     
   5.3299998809397224E-003   28.205760866009854     
   5.6633332068224754E-003   28.247595067048877     
   5.9966665327052283E-003   28.291792006712956     
   6.3299998585879804E-003   28.338321394625641     
   6.6633331844707334E-003   28.387151341866868     
   6.9966665103534864E-003   28.438248382828053     
   7.3299998362362385E-003   28.491577498147738     
   7.6633331621189914E-003   28.547102138712091     
   7.9966664880017444E-003   28.604784250703851     
   8.3299998138844974E-003   28.664584301682567     
   8.6633331397672503E-003   28.726461307678072     
   8.9966664656500033E-003   28.790372861278954     
   9.3299997915327545E-003   28.856275160696374     
   9.6633331174155075E-003   28.924123039783694     
   9.9966664432982605E-003   28.993869998991073     
   1.0329999769181013E-002   29.065468237233947     
   1.0663333095063766E-002   29.138868684653527     
   1.0996666420946519E-002   29.214021036246752     
   1.1329999746829272E-002   29.290873786342924     
   1.1663333072712025E-002   29.369374263903094     
   1.1996666398594778E-002   29.449468668618124     
   1.2329999724477530E-002   29.531102107780768     
   1.2663333050360282E-002   29.614218633906404     
   1.2996666376243035E-002   29.698761283076610     
   1.3329999702125788E-002   29.784672113979425     
   1.3663333028008541E-002   29.871892247619407     
   1.3996666353891294E-002   29.960361907670382     
   1.4329999679774047E-002   30.050020461443125     
   1.4663333005656799E-002   30.140806461440015     
   1.4996666331539552E-002   30.232657687468055     
   1.5329999657422304E-002   30.325511189281489     
   1.5663332983305057E-002   30.419303329724755     
   1.5996666309187810E-002   30.513969828346259     
   1.6329999635070563E-002   30.609445805452928     
   1.6663332960953316E-002   30.705665826575533     
   1.6996666286836069E-002   30.802563947314230     
   1.7329999612718822E-002   30.900073758533537     
   1.7663332938601575E-002   30.998128431875848     
   1.7996666264484328E-002   31.096660765562259     
   1.8329999590367081E-002   31.195603230449297     
   1.8663332916249831E-002   31.294888016310036     
   1.8996666242132584E-002   31.394447078307866     
   1.9329999568015337E-002   31.494212183630964     
   1.9663332893898090E-002   31.594114958255723     
   1.9996666219780843E-002   31.694086933806862     
   2.0329999545663596E-002   31.794059594482228     
   2.0663332871546349E-002   31.893964424010136     
   2.0996666197429101E-002   31.993732952606972     
   2.1329999523311854E-002   32.093296803902973     
   2.1663332849194607E-002   32.192587741803983     
   2.1996666175077360E-002   32.291537717257093     
   2.2329999500960113E-002   32.390078914888015     
   2.2663332826842866E-002   32.488143799478351     
   2.2996666152725619E-002   32.585665162250926     
   2.3329999478608372E-002   32.682576166931284     
   2.3663332804491125E-002   32.778810395553919     
   2.3996666130373878E-002   32.874301893981873     
   2.4329999456256628E-002   32.968985217108404     
   2.4663332782139381E-002   33.062795473709762     
   2.4996666108022134E-002   33.155668370918399     
   2.5329999433904887E-002   33.247540258286165     
   2.5663332759787640E-002   33.338348171407027     
   2.5996666085670393E-002   33.428029875069832     
   2.6329999411553145E-002   33.516523905911185     
   2.6663332737435898E-002   33.603769614539345     
   2.6996666063318651E-002   33.689707207100291     
   2.7329999389201404E-002   33.774277786257500     
   2.7663332715084157E-002   33.857423391557184     
   2.7996666040966910E-002   33.939087039151516     
   2.8329999366849663E-002   34.019212760852497     
   2.8663332692732416E-002   34.097745642489805     
   2.8996666018615169E-002   34.174631861546153     
   2.9329999344497919E-002   34.249818724044644     
   2.9663332670380672E-002   34.323254700662517     
   2.9996665996263425E-002   34.394889462046791     
   3.0329999322146178E-002   34.464673913307529     
   3.0663332648028931E-002   34.532560227664973     
   3.0996665973911684E-002   34.598501879227690     
   3.1329999299794437E-002   34.662453674879039     
   3.1663332625677193E-002   34.724371785250305     
   3.1996665951559942E-002   34.784213774759138     
   3.2329999277442692E-002   34.841938630692844     
   3.2663332603325448E-002   34.897506791316374     
   3.2996665929208198E-002   34.950880172985997     
   3.3329999255090954E-002   35.002022196249953     
   3.3663332580973704E-002   35.050897810918158     
   3.3996665906856460E-002   35.097473520083831     
   3.4329999232739210E-002   35.141717403080641     
   3.4663332558621966E-002   35.183599137359529     
   3.4996665884504716E-002   35.223090019270266     
   3.5329999210387472E-002   35.260162983733494     
   3.5663332536270222E-002   35.294792622789799     
   3.5996665862152978E-002   35.326955203013036     
   3.6329999188035728E-002   35.356628681776037     
   3.6663332513918484E-002   35.383792722357569     
   3.6996665839801234E-002   35.408428707880056     
   3.7329999165683983E-002   35.430519754068655     
   3.7663332491566739E-002   35.450050720822951     
   3.7996665817449489E-002   35.467008222593194     
   3.8329999143332245E-002   35.481380637554039     
   3.8663332469214995E-002   35.493158115569670     
   3.8996665795097751E-002   35.502332584944483     
   3.9329999120980501E-002   35.508897757955111     
   3.9663332446863257E-002   35.512849135159648     
   3.9996665772746007E-002   35.514184008481379     
