   3.3333331843217230E-006   55.976986792067251     
   3.2999999269843104E-004   51.816493965095717     
   6.6333331858118379E-004   44.430900815334297     
   9.9666664446393643E-004   35.464248335236903     
   1.3299999703466892E-003   26.725592187029577     
   1.6633332962294419E-003   19.856077567818630     
   1.9966666221121949E-003   16.007375951749168     
   2.3299999479949474E-003   15.642025406757142     
   2.6633332738777004E-003   18.491488491798204     
   2.9966665997604534E-003   23.672937540301970     
   3.3299999256432059E-003   29.932985541410250     
   3.6633332515259584E-003   35.961244580509110     
   3.9966665774087114E-003   40.702282354576028     
   4.3299999032914644E-003   43.593434577573611     
   4.6633332291742165E-003   44.669230221116493     
   4.9966665550569694E-003   44.500861016624604     
   5.3299998809397224E-003   43.978667280645155     
   5.6633332068224754E-003   43.990428829390879     
   5.9966665327052283E-003   45.086955797700540     
   6.3299998585879804E-003   47.244558144269661     
   6.6633331844707334E-003   49.818618363812917     
   6.9966665103534864E-003   51.729557023527093     
   7.3299998362362385E-003   51.842526932523192     
   7.6633331621189914E-003   49.421299354935293     
   7.9966664880017444E-003   44.489279864552515     
   8.3299998138844974E-003   37.944204339872854     
   8.6633331397672503E-003   31.353256658217511     
   8.9966664656500033E-003   26.477086518258272     
   9.3299997915327545E-003   24.685549789102215     
   9.6633331174155075E-003   26.482938407811972     
   9.9966664432982605E-003   31.326734260897638     
   1.0329999769181013E-002   37.811751803988741     
   1.0663333095063766E-002   44.148075405005834     
   1.0996666420946519E-002   48.748626713523024     
   1.1329999746829272E-002   50.707881029026638     
   1.1663333072712025E-002   50.007893618136734     
   1.1996666398594778E-002   47.402661683639636     
   1.2329999724477530E-002   44.055095480306782     
   1.2663333050360282E-002   41.082911688228187     
   1.2996666376243035E-002   39.184153986211776     
   1.3329999702125788E-002   38.463841244004165     
   1.3663333028008541E-002   38.497957197066214     
   1.3996666353891294E-002   38.585370469724438     
   1.4329999679774047E-002   38.081284324634240     
   1.4663333005656799E-002   36.690991803028872     
   1.4996666331539552E-002   34.627394195654738     
   1.5329999657422304E-002   32.586070909913651     
   1.5663332983305057E-002   31.549610886533852     
   1.5996666309187810E-002   32.482083465308179     
   1.6329999635070563E-002   36.003709793226420     
   1.6663332960953316E-002   42.139945672285506     
   1.6996666286836069E-002   50.219081013425743     
   1.7329999612718822E-002   58.953774668497836     
   1.7663332938601575E-002   66.694069002464971     
   1.7996666264484328E-002   71.793904302697541     
   1.8329999590367081E-002   73.001465430259401     
   1.8663332916249831E-002   69.774555310307818     
   1.8996666242132584E-002   62.438922623123688     
   1.9329999568015337E-002   52.146466334133599     
   1.9663332893898090E-002   40.641378911801844     
   1.9996666219780843E-002   29.891557602097258     
   2.0329999545663596E-002   21.676244399462789     
   2.0663332871546349E-002   17.229625927342049     
   2.0996666197429101E-002   17.022216969852174     
   2.1329999523311854E-002   20.723253409887970     
   2.1663332849194607E-002   27.339674212696110     
   2.1996666175077360E-002   35.484061243410594     
   2.2329999500960113E-002   43.696387252617662     
   2.2663332826842866E-002   50.738629840622792     
   2.2996666152725619E-002   55.796884826231690     
   2.3329999478608372E-002   58.556519035506902     
   2.3663332804491125E-002   59.152527675942160     
   2.3996666130373878E-002   58.029203265856694     
   2.4329999456256628E-002   55.762075643519331     
   2.4663332782139381E-002   52.896650766234139     
   2.4996666108022134E-002   49.843923437748408     
   2.5329999433904887E-002   46.848145115138287     
   2.5663332759787640E-002   44.017066822164807     
   2.5996666085670393E-002   41.387675932405330     
   2.6329999411553145E-002   38.996230406090085     
   2.6663332737435898E-002   36.929076751749790     
   2.6996666063318651E-002   35.343950521169177     
   2.7329999389201404E-002   34.462246048162768     
   2.7663332715084157E-002   34.536441024124400     
   2.7996666040966910E-002   35.795114015504524     
   2.8329999366849663E-002   38.367458309125148     
   2.8663332692732416E-002   42.196149979301829     
   2.8996666018615169E-002   46.961675595013944     
   2.9329999344497919E-002   52.054059822614128     
   2.9663332670380672E-002   56.626735521967419     
   2.9996665996263425E-002   59.744622375103738     
   3.0329999322146178E-002   60.599526567399444     
   3.0663332648028931E-002   58.728479023081512     
   3.0996665973911684E-002   54.155923058504662     
   3.1329999299794437E-002   47.400900272819626     
   3.1663332625677193E-002   39.340079239156537     
   3.1996665951559942E-002   30.975030543889904     
   3.2329999277442692E-002   23.190783488062664     
   3.2663332603325448E-002   16.594271663404509     
   3.2996665929208198E-002   11.485221321122932     
   3.3329999255090954E-002   7.9548822058717592     
   3.3663332580973704E-002   6.0546659515469798     
   3.3996665906856460E-002   5.9489436820723132     
   3.4329999232739210E-002   7.9737551566017846     
   3.4663332558621966E-002   12.561423000808059     
   3.4996665884504716E-002   20.044641862684387     
   3.5329999210387472E-002   30.403102476933579     
   3.5663332536270222E-002   43.044532516030387     
   3.5996665862152978E-002   56.711101286316577     
   3.6329999188035728E-002   69.571564144252747     
   3.6663332513918484E-002   79.507801186017247     
   3.6996665839801234E-002   84.545791335244317     
   3.7329999165683983E-002   83.331983270237274     
   3.7663332491566739E-002   75.531044243160807     
   3.7996665817449489E-002   62.028955166279559     
   3.8329999143332245E-002   44.866717402883765     
   3.8663332469214995E-002   26.895472768337385     
   3.8996665795097751E-002   11.216866531101390     
   3.9329999120980501E-002  0.53288958259111041     
   3.9663332446863257E-002  -3.4404258021884644     
   3.9996665772746007E-002 -0.35087014336130906     
