   3.3333331843217230E-006   34.809345104579180     
   3.2999999269843104E-004   34.681763778445202     
   6.6333331858118379E-004   34.659780381019822     
   9.9666664446393643E-004   34.749046014551183     
   1.3299999703466892E-003   34.940534189925977     
   1.6633332962294419E-003   35.214624622661397     
   1.9966666221121949E-003   35.543071396338753     
   2.3299999479949474E-003   35.892540688560629     
   2.6633332738777004E-003   36.229482169796590     
   2.9966665997604534E-003   36.525732462923173     
   3.3299999256432059E-003   36.763882371099356     
   3.6633332515259584E-003   36.941188141401149     
   3.9966665774087114E-003   37.070806792677267     
   4.3299999032914644E-003   37.179497959305372     
   4.6633332291742165E-003   37.301687104657802     
   4.9966665550569694E-003   37.470815663344993     
   5.3299998809397224E-003   37.709942774024448     
   5.6633332068224754E-003   38.024229173658533     
   5.9966665327052283E-003   38.397856368631722     
   6.3299998585879804E-003   38.796927328619262     
   6.6633331844707334E-003   39.178109611400849     
   6.9966665103534864E-003   39.500747955279820     
   7.3299998362362385E-003   39.738664722425412     
   7.6633331621189914E-003   39.887599424654667     
   7.9966664880017444E-003   39.965516872948264     
   8.3299998138844974E-003   40.005500367263309     
   8.6633331397672503E-003   40.043717626002845     
   8.9966664656500033E-003   40.106854879361620     
   9.3299997915327545E-003   40.203612947608732     
   9.6633331174155075E-003   40.323228563372751     
   9.9966664432982605E-003   40.441215823152646     
   1.0329999769181013E-002   40.529800512505382     
   1.0663333095063766E-002   40.568960876438688     
   1.0996666420946519E-002   40.554134122787666     
   1.1329999746829272E-002   40.498267763728840     
   1.1663333072712025E-002   40.428170962623042     
   1.1996666398594778E-002   40.377082535607975     
   1.2329999724477530E-002   40.376332674956522     
   1.2663333050360282E-002   40.448766038847673     
   1.2996666376243035E-002   40.605525678806217     
   1.3329999702125788E-002   40.846429832819503     
   1.3663333028008541E-002   41.163038930122923     
   1.3996666353891294E-002   41.542922080658180     
   1.4329999679774047E-002   41.973635071505463     
   1.4663333005656799E-002   42.445355240714889     
   1.4996666331539552E-002   42.951735910333511     
   1.5329999657422304E-002   43.489119309506918     
   1.5663332983305057E-002   44.054640960933114     
   1.5996666309187810E-002   44.643925031449058     
   1.6329999635070563E-002   45.249037158239183     
   1.6663332960953316E-002   45.857194637201736     
   1.6996666286836069E-002   46.450505840440904     
   1.7329999612718822E-002   47.006780328655026     
   1.7663332938601575E-002   47.501256907874676     
   1.7996666264484328E-002   47.908958346781837     
   1.8329999590367081E-002   48.207304316145184     
   1.8663332916249831E-002   48.378595757050704     
   1.8996666242132584E-002   48.412017410268341     
   1.9329999568015337E-002   48.304881397205477     
   1.9663332893898090E-002   48.062942618913681     
   1.9996666219780843E-002   47.699743884827910     
   2.0329999545663596E-002   47.235081330568285     
   2.0663332871546349E-002   46.692804275173664     
   2.0996666197429101E-002   46.098263593471998     
   2.1329999523311854E-002   45.475785057167784     
   2.1663332849194607E-002   44.846556578744050     
   2.1996666175077360E-002   44.227271205543900     
   2.2329999500960113E-002   43.629756128243052     
   2.2663332826842866E-002   43.061645153641742     
   2.2996666152725619E-002   42.527934189785618     
   2.3329999478608372E-002   42.033029849994030     
   2.3663332804491125E-002   41.582712740430985     
   2.3996666130373878E-002   41.185355227560812     
   2.4329999456256628E-002   40.851822064195026     
   2.4663332782139381E-002   40.593776334312309     
   2.4996666108022134E-002   40.420588874115921     
   2.5329999433904887E-002   40.335601816094844     
   2.5663332759787640E-002   40.332944853065079     
   2.5996666085670393E-002   40.396233287683849     
   2.6329999411553145E-002   40.500129752058868     
   2.6663332737435898E-002   40.614917812866786     
   2.6996666063318651E-002   40.713122632484236     
   2.7329999389201404E-002   40.776222770348447     
   2.7663332715084157E-002   40.799090817388858     
   2.7996666040966910E-002   40.790291480497643     
   2.8329999366849663E-002   40.767719437159741     
   2.8663332692732416E-002   40.750828435922159     
   2.8996666018615169E-002   40.752166434192645     
   2.9329999344497919E-002   40.771405999062623     
   2.9663332670380672E-002   40.794243617257138     
   2.9996665996263425E-002   40.796705326520474     
   3.0329999322146178E-002   40.753290521286154     
   3.0663332648028931E-002   40.645904420052645     
   3.0996665973911684E-002   40.470287853863766     
   3.1329999299794437E-002   40.237707243728480     
   3.1663332625677193E-002   39.971515950732233     
   3.1996665951559942E-002   39.700045591764017     
   3.2329999277442692E-002   39.448420255999089     
   3.2663332603325448E-002   39.231970729901903     
   3.2996665929208198E-002   39.053080933135604     
   3.3329999255090954E-002   38.901975894624975     
   3.3663332580973704E-002   38.760700045554280     
   3.3996665906856460E-002   38.608741469937627     
   3.4329999232739210E-002   38.428584480344682     
   3.4663332558621966E-002   38.209828662243886     
   3.4996665884504716E-002   37.951160108535618     
   3.5329999210387472E-002   37.660137233478380     
   3.5663332536270222E-002   37.351263685791110     
   3.5996665862152978E-002   37.043076203565874     
   3.6329999188035728E-002   36.754986862906136     
   3.6663332513918484E-002   36.504461189050119     
   3.6996665839801234E-002   36.304880682230660     
   3.7329999165683983E-002   36.164212570004025     
   3.7663332491566739E-002   36.084443152731666     
   3.7996665817449489E-002   36.061643109796776     
   3.8329999143332245E-002   36.086516269700674     
   3.8663332469214995E-002   36.145314332457623     
   3.8996665795097751E-002   36.221049937999517     
   3.9329999120980501E-002   36.294982671499447     
   3.9663332446863257E-002   36.348367713533762     
   3.9996665772746007E-002   36.364435112449954     
