   3.3333331843217230E-006   32.425529569301389     
   3.2999999269843104E-004   32.422577770010356     
   6.6333331858118379E-004   32.413610004310577     
   9.9666664446393643E-004   32.398650837138092     
   1.3299999703466892E-003   32.377741245330292     
   1.6633332962294419E-003   32.350938505328500     
   1.9966666221121949E-003   32.318316036211414     
   2.3299999479949474E-003   32.279963198489618     
   2.6633332738777004E-003   32.235985049212580     
   2.9966665997604534E-003   32.186502054059424     
   3.3299999256432059E-003   32.131649757202482     
   3.6633332515259584E-003   32.071578409848591     
   3.9966665774087114E-003   32.006452558476163     
   4.3299999032914644E-003   31.936450593896609     
   4.6633332291742165E-003   31.861764262376017     
   4.9966665550569694E-003   31.782598140157173     
   5.3299998809397224E-003   31.699169072821899     
   5.6633332068224754E-003   31.611705581030591     
   5.9966665327052283E-003   31.520447234267522     
   6.3299998585879804E-003   31.425643994308469     
   6.6633331844707334E-003   31.327555530209988     
   6.9966665103534864E-003   31.226450506697983     
   7.3299998362362385E-003   31.122605847905813     
   7.6633331621189914E-003   31.016305978479927     
   7.9966664880017444E-003   30.907842044133094     
   8.3299998138844974E-003   30.797511113781450     
   8.6633331397672503E-003   30.685615365452161     
   8.9966664656500033E-003   30.572461258193030     
   9.3299997915327545E-003   30.458358692253555     
   9.6633331174155075E-003   30.343620159839357     
   9.9966664432982605E-003   30.228559888767499     
   1.0329999769181013E-002   30.113492981369752     
   1.0663333095063766E-002   29.998734551003956     
   1.0996666420946519E-002   29.884598858539970     
   1.1329999746829272E-002   29.771398451187167     
   1.1663333072712025E-002   29.659443306023494     
   1.1996666398594778E-002   29.549039980573571     
   1.2329999724477530E-002   29.440490772764008     
   1.2663333050360282E-002   29.334092892558139     
   1.2996666376243035E-002   29.230137647540644     
   1.3329999702125788E-002   29.128909644684068     
   1.3663333028008541E-002   29.030686010485059     
   1.3996666353891294E-002   28.935735631607713     
   1.4329999679774047E-002   28.844318418115158     
   1.4663333005656799E-002   28.756684591308776     
   1.4996666331539552E-002   28.673073998126672     
   1.5329999657422304E-002   28.593715453980668     
   1.5663332983305057E-002   28.518826115832688     
   1.5996666309187810E-002   28.448610887228888     
   1.6329999635070563E-002   28.383261856921926     
   1.6663332960953316E-002   28.322957772620086     
   1.6996666286836069E-002   28.267863551305439     
   1.7329999612718822E-002   28.218129827462981     
   1.7663332938601575E-002   28.173892540458937     
   1.7996666264484328E-002   28.135272562199003     
   1.8329999590367081E-002   28.102375366086843     
   1.8663332916249831E-002   28.075290738190141     
   1.8996666242132584E-002   28.054092531405619     
   1.9329999568015337E-002   28.038838463296631     
   1.9663332893898090E-002   28.029569958157435     
   1.9996666219780843E-002   28.026312033736556     
   2.0329999545663596E-002   28.029073232929889     
   2.0663332871546349E-002   28.037845600630316     
   2.0996666197429101E-002   28.052604705797243     
   2.1329999523311854E-002   28.073309708685301     
   2.1663332849194607E-002   28.099903473047874     
   2.1996666175077360E-002   28.132312723007662     
   2.2329999500960113E-002   28.170448244164035     
   2.2663332826842866E-002   28.214205128385963     
   2.2996666152725619E-002   28.263463061619262     
   2.3329999478608372E-002   28.318086653919160     
   2.3663332804491125E-002   28.377925810803330     
   2.3996666130373878E-002   28.442816144907496     
   2.4329999456256628E-002   28.512579426815016     
   2.4663332782139381E-002   28.587024073824573     
   2.4996666108022134E-002   28.665945675316173     
   2.5329999433904887E-002   28.749127553275308     
   2.5663332759787640E-002   28.836341356438599     
   2.5996666085670393E-002   28.927347686432466     
   2.6329999411553145E-002   29.021896754188287     
   2.6663332737435898E-002   29.119729064834718     
   2.6996666063318651E-002   29.220576129189833     
   2.7329999389201404E-002   29.324161199902758     
   2.7663332715084157E-002   29.430200030226835     
   2.7996666040966910E-002   29.538401653344557     
   2.8329999366849663E-002   29.648469180107902     
   2.8663332692732416E-002   29.760100613007488     
   2.8996666018615169E-002   29.872989674139298     
   2.9329999344497919E-002   29.986826644899448     
   2.9663332670380672E-002   30.101299215105279     
   2.9996665996263425E-002   30.216093339215313     
   3.0329999322146178E-002   30.330894097301080     
   3.0663332648028931E-002   30.445386558410728     
   3.0996665973911684E-002   30.559256643958051     
   3.1329999299794437E-002   30.672191988770077     
   3.1663332625677193E-002   30.783882797433282     
   3.1996665951559942E-002   30.894022693590863     
   3.2329999277442692E-002   31.002309559863381     
   3.2663332603325448E-002   31.108446366090174     
   3.2996665929208198E-002   31.212141983621535     
   3.3329999255090954E-002   31.313111983429515     
   3.3663332580973704E-002   31.411079415849755     
   3.3996665906856460E-002   31.505775569816826     
   3.4329999232739210E-002   31.596940709512360     
   3.4663332558621966E-002   31.684324786406357     
   3.4996665884504716E-002   31.767688124740250     
   3.5329999210387472E-002   31.846802078572551     
   3.5663332536270222E-002   31.921449658586305     
   3.5996665862152978E-002   31.991426126940027     
   3.6329999188035728E-002   32.056539558531789     
   3.6663332513918484E-002   32.116611367137949     
   3.6996665839801234E-002   32.171476794984208     
   3.7329999165683983E-002   32.220985364407326     
   3.7663332491566739E-002   32.265001290369327     
   3.7996665817449489E-002   32.303403852693442     
   3.8329999143332245E-002   32.336087727001477     
   3.8663332469214995E-002   32.362963273445672     
   3.8996665795097751E-002   32.383956782443391     
   3.9329999120980501E-002   32.399010676741241     
   3.9663332446863257E-002   32.408083669254587     
   3.9996665772746007E-002   32.411150876250090     
