   3.3333331843217230E-006   26.168493537714625     
   3.2999999269843104E-004   26.293889439373846     
   6.6333331858118379E-004   26.535199807742529     
   9.9666664446393643E-004   26.864944528024470     
   1.3299999703466892E-003   27.235392973465540     
   1.6633332962294419E-003   27.590326135012589     
   1.9966666221121949E-003   27.880747132194067     
   2.3299999479949474E-003   28.078121199271603     
   2.6633332738777004E-003   28.180883554698095     
   2.9966665997604534E-003   28.212248667270355     
   3.3299999256432059E-003   28.210353131170450     
   3.6633332515259584E-003   28.214377231653518     
   3.9966665774087114E-003   28.251564233524533     
   4.3299999032914644E-003   28.329539888535539     
   4.6633332291742165E-003   28.436249837810863     
   4.9966665550569694E-003   28.546985737446974     
   5.3299998809397224E-003   28.635436780860253     
   5.6633332068224754E-003   28.684409948886426     
   5.9966665327052283E-003   28.692241419856209     
   6.3299998585879804E-003   28.672759295938747     
   6.6633331844707334E-003   28.649199488811661     
   6.9966665103534864E-003   28.644735640733074     
   7.3299998362362385E-003   28.673426804926944     
   7.6633331621189914E-003   28.735041355761581     
   7.9966664880017444E-003   28.815588535106588     
   8.3299998138844974E-003   28.893154899031614     
   8.6633331397672503E-003   28.946664275422801     
   8.9966664656500033E-003   28.964173625350277     
   9.3299997915327545E-003   28.947598575736517     
   9.6633331174155075E-003   28.912156674390669     
   9.9966664432982605E-003   28.880758796540380     
   1.0329999769181013E-002   28.875349165039399     
   1.0663333095063766E-002   28.908186687070081     
   1.0996666420946519E-002   28.975988502871104     
   1.1329999746829272E-002   29.058824114859799     
   1.1663333072712025E-002   29.124073773277477     
   1.1996666398594778E-002   29.134205601566496     
   1.2329999724477530E-002   29.056075600438771     
   1.2663333050360282E-002   28.869186104581608     
   1.2996666376243035E-002   28.570842919501192     
   1.3329999702125788E-002   28.177180615732951     
   1.3663333028008541E-002   28.497779631008409     
   1.3996666353891294E-002   28.783674321731613     
   1.4329999679774047E-002   29.040676998052135     
   1.4663333005656799E-002   29.280360154943562     
   1.4996666331539552E-002   29.510606955984453     
   1.5329999657422304E-002   29.734912647273386     
   1.5663332983305057E-002   29.952487573501841     
   1.5996666309187810E-002   30.158986774918603     
   1.6329999635070563E-002   30.347647353914557     
   1.6663332960953316E-002   30.510608393307720     
   1.6996666286836069E-002   30.640210648452211     
   1.7329999612718822E-002   30.730114986414797     
   1.7663332938601575E-002   30.776130416268774     
   1.7996666264484328E-002   30.776696581528224     
   1.8329999590367081E-002   30.733015514001934     
   1.8663332916249831E-002   30.648868889748950     
   1.8996666242132584E-002   30.530187384801494     
   1.9329999568015337E-002   30.384456969439935     
   1.9663332893898090E-002   30.220053342761460     
   1.9996666219780843E-002   30.045591390841953     
   2.0329999545663596E-002   29.869363423491297     
   2.0663332871546349E-002   29.698920311780697     
   2.0996666197429101E-002   29.540826051442718     
   2.1329999523311854E-002   29.400591321534684     
   2.1663332849194607E-002   29.282767808347138     
   2.1996666175077360E-002   29.191164693392633     
   2.2329999500960113E-002   29.129133643121637     
   2.2663332826842866E-002   29.099860248414853     
   2.2996666152725619E-002   29.106598891505858     
   2.3329999478608372E-002   29.152794558452463     
   2.3663332804491125E-002   29.242048618305731     
   2.3996666130373878E-002   29.377904933366455     
   2.4329999456256628E-002   29.563456247514761     
   2.4663332782139381E-002   29.800796642598502     
   2.4996666108022134E-002   30.090371685320967     
   2.5329999433904887E-002   30.430301213340059     
   2.5663332759787640E-002   30.815767872136288     
   2.5996666085670393E-002   31.238574784590554     
   2.6329999411553145E-002   31.686975467565119     
   2.6663332737435898E-002   32.145865996553482     
   2.6996666063318651E-002   32.650491801245416     
   2.7329999389201404E-002   33.152165823201194     
   2.7663332715084157E-002   33.634133973416823     
   2.7996666040966910E-002   34.081697773343009     
   2.8329999366849663E-002   34.484045894497967     
   2.8663332692732416E-002   34.835943754664243     
   2.8996666018615169E-002   35.138419062834984     
   2.9329999344497919E-002   35.398204655067033     
   2.9663332670380672E-002   35.625972948593194     
   2.9996665996263425E-002   35.833692477124785     
   3.0329999322146178E-002   36.031684705314937     
   3.0663332648028931E-002   36.226089275853568     
   3.0996665973911684E-002   36.417409176593985     
   3.1329999299794437E-002   36.600591662329670     
   3.1663332625677193E-002   36.766739119589538     
   3.1996665951559942E-002   36.906113044727775     
   3.2329999277442692E-002   37.011700496271843     
   3.2663332603325448E-002   37.082368361236568     
   3.2996665929208198E-002   37.124625576223984     
   3.3329999255090954E-002   37.152284466932144     
   3.3663332580973704E-002   37.183826616516079     
   3.3996665906856460E-002   37.237930039858213     
   3.4329999232739210E-002   37.328240601291554     
   3.4663332558621966E-002   37.458888325267985     
   3.4996665884504716E-002   37.622301663483427     
   3.5329999210387472E-002   37.800477904280498     
   3.5663332536270222E-002   37.970055095127229     
   3.5996665862152978E-002   38.110453101800395     
   3.6329999188035728E-002   38.213265707777580     
   3.6663332513918484E-002   38.290300723504537     
   3.6996665839801234E-002   38.377465241239570     
   3.7329999165683983E-002   38.532254486633917     
   3.7663332491566739E-002   38.823923230906523     
   3.7996665817449489E-002   39.317284638328637     
   3.8329999143332245E-002   40.053085169115498     
   3.8663332469214995E-002   41.029519225575889     
   3.8996665795097751E-002   42.190149890515414     
   3.9329999120980501E-002   43.422915585810770     
   3.9663332446863257E-002   44.572928379670586     
   3.9996665772746007E-002   45.468668371878394     
