   3.3333331843217230E-006   30.346835459434214     
   3.2999999269843104E-004   30.325261084469794     
   6.6333331858118379E-004   30.260102092385210     
   9.9666664446393643E-004   30.152697296322852     
   1.3299999703466892E-003   30.005254618820189     
   1.6633332962294419E-003   29.820807366213241     
   1.9966666221121949E-003   29.603154194990147     
   2.3299999479949474E-003   29.356783994833783     
   2.6633332738777004E-003   29.086787219133807     
   2.9966665997604534E-003   28.798755467397804     
   3.3299999256432059E-003   28.498671359511881     
   3.6633332515259584E-003   28.192790934287697     
   3.9966665774087114E-003   27.887520950222566     
   4.3299999032914644E-003   27.589293561953610     
   4.6633332291742165E-003   27.304440889655204     
   4.9966665550569694E-003   27.039071989884018     
   5.3299998809397224E-003   26.798954675527902     
   5.6633332068224754E-003   26.589404521097169     
   5.9966665327052283E-003   26.415183230227065     
   6.3299998585879804E-003   26.280408338580198     
   6.6633331844707334E-003   26.188475981925954     
   6.9966665103534864E-003   26.141998181441384     
   7.3299998362362385E-003   26.142755792346151     
   7.6633331621189914E-003   26.191667934541922     
   7.9966664880017444E-003   26.288778382085408     
   8.3299998138844974E-003   26.433259039453024     
   8.6633331397672503E-003   26.623430284121184     
   8.9966664656500033E-003   26.856797614386398     
   9.3299997915327545E-003   27.130103715748401     
   9.6633331174155075E-003   27.439394755357121     
   9.9966664432982605E-003   27.780099438220645     
   1.0329999769181013E-002   28.147119116665113     
   1.0663333095063766E-002   28.534927040716568     
   1.0996666420946519E-002   28.937674675547797     
   1.1329999746829272E-002   29.349302895844311     
   1.1663333072712025E-002   29.763655797820515     
   1.1996666398594778E-002   30.174594848538245     
   1.2329999724477530E-002   30.576111118965549     
   1.2663333050360282E-002   30.962433420640249     
   1.2996666376243035E-002   31.328130283647020     
   1.3329999702125788E-002   31.668203872709487     
   1.3663333028008541E-002   31.978174134513466     
   1.3996666353891294E-002   32.254151698127217     
   1.4329999679774047E-002   32.492898306139431     
   1.4663333005656799E-002   32.691873830953973     
   1.4996666331539552E-002   32.849269222245674     
   1.5329999657422304E-002   32.964025031353927     
   1.5663332983305057E-002   33.035835459751901     
   1.5996666309187810E-002   33.065138175135836     
   1.6329999635070563E-002   33.053090423809017     
   1.6663332960953316E-002   33.001532235924287     
   1.6996666286836069E-002   32.912937765322724     
   1.7329999612718822E-002   32.790356023295374     
   1.7663332938601575E-002   32.637342451433909     
   1.7996666264484328E-002   32.457882929449511     
   1.8329999590367081E-002   32.256311926901304     
   1.8663332916249831E-002   32.037226581556517     
   1.8996666242132584E-002   31.805398520888104     
   1.9329999568015337E-002   31.565685237203343     
   1.9663332893898090E-002   31.322942782181514     
   1.9996666219780843E-002   31.081941465126679     
   2.0329999545663596E-002   30.847286123749317     
   2.0663332871546349E-002   30.623342390224117     
   2.0996666197429101E-002   30.414170202698884     
   2.1329999523311854E-002   30.223465617924223     
   2.1663332849194607E-002   30.054511769208034     
   2.1996666175077360E-002   29.910139590708692     
   2.2329999500960113E-002   29.792698699547682     
   2.2663332826842866E-002   29.704038596735902     
   2.2996666152725619E-002   29.645500121741811     
   2.3329999478608372E-002   29.617916878720706     
   2.3663332804491125E-002   29.621626149656667     
   2.3996666130373878E-002   29.656488625168308     
   2.4329999456256628E-002   29.721916121180040     
   2.4663332782139381E-002   29.816906312119862     
   2.4996666108022134E-002   29.940083401153657     
   2.5329999433904887E-002   30.089743566860939     
   2.5663332759787640E-002   30.263903974611836     
   2.5996666085670393E-002   30.460354119884887     
   2.6329999411553145E-002   30.676708279300371     
   2.6663332737435898E-002   30.910457881964856     
   2.6996666063318651E-002   31.159022676906758     
   2.7329999389201404E-002   31.419799659418093     
   2.7663332715084157E-002   31.690208826983532     
   2.7996666040966910E-002   31.967734960729889     
   2.8329999366849663E-002   32.249964767199366     
   2.8663332692732416E-002   32.534618863747880     
   2.8996666018615169E-002   32.819578244892213     
   2.9329999344497919E-002   33.102905022365675     
   2.9663332670380672E-002   33.382857384479834     
   2.9996665996263425E-002   33.657898866816041     
   3.0329999322146178E-002   33.926702162766134     
   3.0663332648028931E-002   34.188147825862956     
   3.0996665973911684E-002   34.441318323492744     
   3.1329999299794437E-002   34.685487991277206     
   3.1663332625677193E-002   34.920109507518369     
   3.1996665951559942E-002   35.144797556558906     
   3.2329999277442692E-002   35.359310378269413     
   3.2663332603325448E-002   35.563529908259191     
   3.2996665929208198E-002   35.757441200528291     
   3.3329999255090954E-002   35.941111792376404     
   3.3663332580973704E-002   36.114671622194066     
   3.3996665906856460E-002   36.278294046451606     
   3.4329999232739210E-002   36.432178425295199     
   3.4663332558621966E-002   36.576534659469090     
   3.4996665884504716E-002   36.711569967808572     
   3.5329999210387472E-002   36.837478097406411     
   3.5663332536270222E-002   36.954431060866000     
   3.5996665862152978E-002   37.062573399876740     
   3.6329999188035728E-002   37.162018884568333     
   3.6663332513918484E-002   37.252849476375161     
   3.6996665839801234E-002   37.335116310805105     
   3.7329999165683983E-002   37.408842397522250     
   3.7663332491566739E-002   37.474026690050586     
   3.7996665817449489E-002   37.530649147256170     
   3.8329999143332245E-002   37.578676394140892     
   3.8663332469214995E-002   37.618067590459724     
   3.8996665795097751E-002   37.648780131828076     
   3.9329999120980501E-002   37.670774838418630     
   3.9663332446863257E-002   37.684020329704410     
   3.9996665772746007E-002   37.688496338237783     
