   0.0000000000000000        132.95991197109831     
   3.3333333333333332E-004   132.89086826005141     
   6.6666666666666664E-004   132.81949630841706     
   1.0000000000000000E-003   132.97901058899657     
   1.3333333333333333E-003   133.39883185067518     
   1.6666666666666666E-003   133.85576589929872     
   2.0000000000000000E-003   134.13771433081808     
   2.3333333333333331E-003   134.29860555275195     
   2.6666666666666666E-003   134.60623330394918     
   3.0000000000000001E-003   135.25217525080853     
   3.3333333333333331E-003   136.15095934726347     
   3.6666666666666666E-003   137.03286887601891     
   4.0000000000000001E-003   137.71243003942919     
   4.3333333333333331E-003   138.25193171065115     
   4.6666666666666662E-003   138.87448601578944     
   5.0000000000000001E-003   139.74085214202779     
   5.3333333333333332E-003   140.82305229404145     
   5.6666666666666662E-003   141.98308764879553     
   6.0000000000000001E-003   143.13637632031526     
   6.3333333333333332E-003   144.29567561207082     
   6.6666666666666662E-003   145.45892700637097     
   7.0000000000000001E-003   146.53151320350386     
   7.3333333333333332E-003   147.44307401172577     
   7.6666666666666662E-003   148.31930923801559     
   8.0000000000000002E-003   149.42244049507704     
   8.3333333333333332E-003   150.87970003469897     
   8.6666666666666663E-003   152.57680748221017     
   8.9999999999999993E-003   154.38515955923566     
   9.3333333333333324E-003   156.35648060124376     
   9.6666666666666672E-003   158.55062662497406     
   1.0000000000000000E-002   160.79060404353376     
   1.0333333333333333E-002   162.79788311244178     
   1.0666666666666666E-002   164.51353302287677     
   1.0999999999999999E-002   166.06898605430945     
   1.1333333333333332E-002   167.46231364483748     
   1.1666666666666665E-002   168.49493938868872     
   1.2000000000000000E-002   169.06988615584984     
   1.2333333333333333E-002   169.35517535195302     
   1.2666666666666666E-002   169.56455728282060     
   1.2999999999999999E-002   169.71400050935671     
   1.3333333333333332E-002   169.69583855382396     
   1.3666666666666666E-002   169.50513108038518     
   1.4000000000000000E-002   169.27690419630747     
   1.4333333333333333E-002   169.11732454612013     
   1.4666666666666666E-002   168.98554659970333     
   1.4999999999999999E-002   168.76765591542215     
   1.5333333333333332E-002   168.42166551255380     
   1.5666666666666666E-002   168.01167625994856     
   1.6000000000000000E-002   167.60971961341673     
   1.6333333333333332E-002   167.19955886962435     
   1.6666666666666666E-002   166.70269982558227     
   1.6999999999999998E-002   166.09928841682543     
   1.7333333333333333E-002   165.49697883993008     
   1.7666666666666667E-002   165.04001662643967     
   1.7999999999999999E-002   164.72679585897103     
   1.8333333333333333E-002   164.33770448506240     
   1.8666666666666665E-002   163.59102158862822     
   1.9000000000000000E-002   162.39254189322185     
   1.9333333333333334E-002   160.90857971162913     
   1.9666666666666666E-002   159.37532402108039     
   2.0000000000000000E-002   157.87553356836071     
   2.0333333333333332E-002   156.36079017831054     
   2.0666666666666667E-002   154.87931336275921     
   2.0999999999999998E-002   153.68605232921294     
   2.1333333333333333E-002   153.05250978862816     
   2.1666666666666667E-002   152.98977859248691     
   2.1999999999999999E-002   153.22847244781323     
   2.2333333333333334E-002   153.49126362231499     
   2.2666666666666665E-002   153.74568866850981     
   2.3000000000000000E-002   154.16427154855376     
   2.3333333333333331E-002   154.86899683832186     
   2.3666666666666666E-002   155.76645124504896     
   2.4000000000000000E-002   156.64976022751301     
   2.4333333333333332E-002   157.43909928536087     
   2.4666666666666667E-002   158.29170420294219     
   2.4999999999999998E-002   159.45920765500333     
   2.5333333333333333E-002   161.03653949188856     
   2.5666666666666667E-002   162.86511165742166     
   2.5999999999999999E-002   164.69860222787190     
   2.6333333333333334E-002   166.45093817721622     
   2.6666666666666665E-002   168.23623508606732     
   2.7000000000000000E-002   170.15709539510851     
   2.7333333333333331E-002   172.15041103041580     
   2.7666666666666666E-002   174.16177608067991     
   2.8000000000000001E-002   176.43162922038181     
   2.8333333333333332E-002   179.41108372224534     
   2.8666666666666667E-002   183.31293059667487     
   2.8999999999999998E-002   187.91610888141761     
   2.9333333333333333E-002   192.93408097892254     
   2.9666666666666664E-002   198.37002479149979     
   2.9999999999999999E-002   204.27917209927577     
   3.0333333333333334E-002   210.35693328538656     
   3.0666666666666665E-002   216.09308877333368     
   3.1000000000000000E-002   221.26623568910435     
   3.1333333333333331E-002   225.96226289326259     
   3.1666666666666662E-002   230.12641656721323     
   3.2000000000000001E-002   233.45289563462219     
   3.2333333333333332E-002   235.82491664259939     
   3.2666666666666663E-002   237.59716832488425     
   3.3000000000000002E-002   239.27330692850018     
   3.3333333333333333E-002   241.04960489230206     
   3.3666666666666664E-002   242.81811440193434     
   3.3999999999999996E-002   244.50432683791473     
   3.4333333333333334E-002   246.20295989765143     
   3.4666666666666665E-002   247.95925521340783     
   3.4999999999999996E-002   249.56226504051932     
   3.5333333333333335E-002   250.68620729105919     
   3.5666666666666666E-002   251.25658977911451     
   3.5999999999999997E-002   251.61886269082180     
   3.6333333333333336E-002   252.27272427314801     
   3.6666666666666667E-002   253.39497075610927     
   3.6999999999999998E-002   254.63498003932835     
   3.7333333333333329E-002   255.43879430776309     
   3.7666666666666668E-002   255.61664419661568     
   3.7999999999999999E-002   255.55778793428357     
   3.8333333333333330E-002   255.81697254510723     
   3.8666666666666669E-002   256.49383580567405     
   3.9000000000000000E-002   257.11978166163425     
   3.9333333333333331E-002   257.21833565628401     
   3.9666666666666663E-002   256.88532043298500     
   4.0000000000000001E-002   256.66936916818457     
