   3.3333331843217230E-006   32.976432315970371     
   3.2999999269843104E-004   32.704014143717053     
   6.6333331858118379E-004   32.512616046273024     
   9.9666664446393643E-004   32.413379893593238     
   1.3299999703466892E-003   32.397609908278341     
   1.6633332962294419E-003   32.443975730487075     
   1.9966666221121949E-003   32.521214392535342     
   2.3299999479949474E-003   32.592653246128052     
   2.6633332738777004E-003   32.622197550283879     
   2.9966665997604534E-003   32.581004498363860     
   3.3299999256432059E-003   32.453654185508803     
   3.6633332515259584E-003   32.242369287825049     
   3.9966665774087114E-003   31.967891797986383     
   4.3299999032914644E-003   31.666122935766001     
   4.6633332291742165E-003   31.380585518040363     
   4.9966665550569694E-003   31.152014755191765     
   5.3299998809397224E-003   31.007571512378011     
   5.6633332068224754E-003   30.952830997952937     
   5.9966665327052283E-003   30.969406004190521     
   6.3299998585879804E-003   31.019656611316037     
   6.6633331844707334E-003   31.057692268090143     
   6.9966665103534864E-003   31.043511598553330     
   7.3299998362362385E-003   30.955610481167266     
   7.6633331621189914E-003   30.797513007796582     
   7.9966664880017444E-003   30.595641429035286     
   8.3299998138844974E-003   30.389126474039422     
   8.6633331397672503E-003   30.215307923535018     
   8.9966664656500033E-003   30.096413431384018     
   9.3299997915327545E-003   30.032409821709667     
   9.6633331174155075E-003   30.002468640260577     
   9.9966664432982605E-003   29.973999112251565     
   1.0329999769181013E-002   29.915312409035302     
   1.0663333095063766E-002   29.806893380573445     
   1.0996666420946519E-002   29.647284596561011     
   1.1329999746829272E-002   29.452083164136063     
   1.1663333072712025E-002   29.247301757673750     
   1.1996666398594778E-002   29.060201917016339     
   1.2329999724477530E-002   28.911084218125374     
   1.2663333050360282E-002   28.808548125430814     
   1.2996666376243035E-002   28.749061387715688     
   1.3329999702125788E-002   28.720081893985260     
   1.3663333028008541E-002   28.705013027031029     
   1.3996666353891294E-002   28.688123035300556     
   1.4329999679774047E-002   28.658052054767300     
   1.4663333005656799E-002   28.609319892736451     
   1.4996666331539552E-002   28.541989144603637     
   1.5329999657422304E-002   28.460111422563529     
   1.5663332983305057E-002   28.369727826047367     
   1.5996666309187810E-002   28.277071498884723     
   1.6329999635070563E-002   28.187354092158575     
   1.6663332960953316E-002   28.104233453516098     
   1.6996666286836069E-002   28.029843900599069     
   1.7329999612718822E-002   27.965160787144963     
   1.7663332938601575E-002   27.910463154795821     
   1.7996666264484328E-002   27.865721069519498     
   1.8329999590367081E-002   27.830827243609964     
   1.8663332916249831E-002   27.805678978040937     
   1.8996666242132584E-002   27.790171380198668     
   1.9329999568015337E-002   27.784176231397097     
   1.9663332893898090E-002   27.787557036680038     
   1.9996666219780843E-002   27.800224712147521     
   2.0329999545663596E-002   27.822190774377347     
   2.0663332871546349E-002   27.853546434043334     
   2.0996666197429101E-002   27.894301658777003     
   2.1329999523311854E-002   27.944062887670373     
   2.1663332849194607E-002   28.001603578203579     
   2.1996666175077360E-002   28.064466933837789     
   2.2329999500960113E-002   28.128803617529488     
   2.2663332826842866E-002   28.189654245408938     
   2.2996666152725619E-002   28.241809538409463     
   2.3329999478608372E-002   28.281213452858346     
   2.3663332804491125E-002   28.306643012807754     
   2.3996666130373878E-002   28.321168776987147     
   2.4329999456256628E-002   28.332768890970748     
   2.4663332782139381E-002   28.353538214271335     
   2.4996666108022134E-002   28.397261426152266     
   2.5329999433904887E-002   28.475673742405675     
   2.5663332759787640E-002   28.594363096165047     
   2.5996666085670393E-002   28.749720352451810     
   2.6329999411553145E-002   28.928348247233277     
   2.6663332737435898E-002   29.109737878140880     
   2.6996666063318651E-002   29.271896744655152     
   2.7329999389201404E-002   29.398332490601288     
   2.7663332715084157E-002   29.483916632102712     
   2.7996666040966910E-002   29.537179144925805     
   2.8329999366849663E-002   29.577696034052700     
   2.8663332692732416E-002   29.629106312346792     
   2.8996666018615169E-002   29.710177045378639     
   2.9329999344497919E-002   29.827355094768748     
   2.9663332670380672E-002   29.971849297645040     
   2.9996665996263425E-002   30.122557150084941     
   3.0329999322146178E-002   30.253804244568940     
   3.0663332648028931E-002   30.344929940997812     
   3.0996665973911684E-002   30.388067159479629     
   3.1329999299794437E-002   30.391279273321992     
   3.1663332625677193E-002   30.376107745316006     
   3.1996665951559942E-002   30.370694417688554     
   3.2329999277442692E-002   30.401112198890385     
   3.2663332603325448E-002   30.483878778319575     
   3.2996665929208198E-002   30.621874286941836     
   3.3329999255090954E-002   30.804487824028083     
   3.3663332580973704E-002   31.011387124264061     
   3.3996665906856460E-002   31.218333831056992     
   3.4329999232739210E-002   31.403174138957858     
   3.4663332558621966E-002   31.550456472979295     
   3.4996665884504716E-002   31.653814178796534     
   3.5329999210387472E-002   31.716003920058071     
   3.5663332536270222E-002   31.747076356676359     
   3.5996665862152978E-002   31.761460621337278     
   3.6329999188035728E-002   31.774770366220423     
   3.6663332513918484E-002   31.800966506871884     
   3.6996665839801234E-002   31.850248654185346     
   3.7329999165683983E-002   31.927790695253250     
   3.7663332491566739E-002   32.033249415549790     
   3.7996665817449489E-002   32.160882729375111     
   3.8329999143332245E-002   32.300107709898541     
   3.8663332469214995E-002   32.436379378539108     
   3.8996665795097751E-002   32.552342452241241     
   3.9329999120980501E-002   32.629265734278910     
   3.9663332446863257E-002   32.648787694861674     
   3.9996665772746007E-002   32.594970059812269     
