   3.3333331843217230E-006   28.608637602256152     
   3.2999999269843104E-004   28.730247945034776     
   6.6333331858118379E-004   28.981615154531234     
   9.9666664446393643E-004   29.353816947069262     
   1.3299999703466892E-003   29.833301614329194     
   1.6633332962294419E-003   30.401436139320161     
   1.9966666221121949E-003   31.035906870422860     
   2.3299999479949474E-003   31.712783781969158     
   2.6633332738777004E-003   32.409103688455168     
   2.9966665997604534E-003   33.105666133627814     
   3.3299999256432059E-003   33.789575717600790     
   3.6633332515259584E-003   34.455958959571134     
   3.9966665774087114E-003   35.108294748760599     
   4.3299999032914644E-003   35.756977271948671     
   4.6633332291742165E-003   36.416093695335015     
   4.9966665550569694E-003   37.098896359099413     
   5.3299998809397224E-003   37.812955729653410     
   5.6633332068224754E-003   38.556313550498075     
   5.9966665327052283E-003   39.315931442743874     
   6.3299998585879804E-003   40.069245297915010     
   6.6633331844707334E-003   40.788746536488006     
   6.9966665103534864E-003   41.448464844413678     
   7.3299998362362385E-003   42.030407758685598     
   7.6633331621189914E-003   42.528800807663110     
   7.9966664880017444E-003   42.950562348815936     
   8.3299998138844974E-003   43.311713635085546     
   8.6633331397672503E-003   43.630918795524366     
   8.9966664656500033E-003   43.922464540749431     
   9.3299997915327545E-003   44.191230421961109     
   9.6633331174155075E-003   44.431430621309616     
   9.9966664432982605E-003   44.629436048178100     
   1.0329999769181013E-002   44.769432942235426     
   1.0663333095063766E-002   44.839686469558927     
   1.0996666420946519E-002   44.837125273049608     
   1.1329999746829272E-002   44.768788845194869     
   1.1663333072712025E-002   44.649962533595129     
   1.1996666398594778E-002   44.500005647918336     
   1.2329999724477530E-002   44.337519779533650     
   1.2663333050360282E-002   44.176457511319938     
   1.2996666376243035E-002   44.024182193551994     
   1.3329999702125788E-002   43.881678707383749     
   1.3663333028008541E-002   43.745413440259505     
   1.3996666353891294E-002   43.609959739371718     
   1.4329999679774047E-002   43.470487334103886     
   1.4663333005656799E-002   43.324469731658844     
   1.4996666331539552E-002   43.172338348922729     
   1.5329999657422304E-002   43.017160954552402     
   1.5663332983305057E-002   42.863653236714640     
   1.5996666309187810E-002   42.716918763426456     
   1.6329999635070563E-002   42.581277120054466     
   1.6663332960953316E-002   42.459430625129322     
   1.6996666286836069E-002   42.352086935381664     
   1.7329999612718822E-002   42.258035897473938     
   1.7663332938601575E-002   42.174594615132122     
   1.7996666264484328E-002   42.098289739595430     
   1.8329999590367081E-002   42.025634964715564     
   1.8663332916249831E-002   41.953874386131787     
   1.8996666242132584E-002   41.881588155791128     
   1.9329999568015337E-002   41.809087308291943     
   1.9663332893898090E-002   41.738554532610067     
   1.9996666219780843E-002   41.673914930734242     
   2.0329999545663596E-002   41.620445835275632     
   2.0663332871546349E-002   41.584159414052543     
   2.0996666197429101E-002   41.571018168850699     
   2.1329999523311854E-002   41.586072424866785     
   2.1663332849194607E-002   41.632638627354730     
   2.1996666175077360E-002   41.711661730042913     
   2.2329999500960113E-002   41.821413614215992     
   2.2663332826842866E-002   41.957658463966254     
   2.2996666152725619E-002   42.114352108517785     
   2.3329999478608372E-002   42.284829691886230     
   2.3663332804491125E-002   42.463284689839242     
   2.3996666130373878E-002   42.646185195106803     
   2.4329999456256628E-002   42.833166813445935     
   2.4663332782139381E-002   43.026953656522842     
   2.4996666108022134E-002   43.232044200713943     
   2.5329999433904887E-002   43.452262474859879     
   2.5663332759787640E-002   43.687742326500548     
   2.5996666085670393E-002   43.932323126975319     
   2.6329999411553145E-002   44.172482593369395     
   2.6663332737435898E-002   44.388649146424754     
   2.6996666063318651E-002   44.559000013225706     
   2.7329999389201404E-002   44.664856041389790     
   2.7663332715084157E-002   44.695918268865832     
   2.7996666040966910E-002   44.653296567857090     
   2.8329999366849663E-002   44.548833031143801     
   2.8663332692732416E-002   44.400540103874683     
   2.8996666018615169E-002   44.225574990524869     
   2.9329999344497919E-002   44.033351791340287     
   2.9663332670380672E-002   43.821552220089977     
   2.9996665996263425E-002   43.576766459279227     
   3.0329999322146178E-002   43.279668092474580     
   3.0663332648028931E-002   42.912789396238495     
   3.0996665973911684E-002   42.467924429169194     
   3.1329999299794437E-002   41.950384003111566     
   3.1663332625677193E-002   41.378626433195791     
   3.1996665951559942E-002   40.779584099148316     
   3.2329999277442692E-002   40.181532873492181     
   3.2663332603325448E-002   39.607041410724030     
   3.2996665929208198E-002   39.068236761652841     
   3.3329999255090954E-002   38.565590351412993     
   3.3663332580973704E-002   38.090154289591737     
   3.3996665906856460E-002   37.628144409520431     
   3.4329999232739210E-002   37.166266159800095     
   3.4663332558621966E-002   36.696254641604689     
   3.4996665884504716E-002   36.217592817885176     
   3.5329999210387472E-002   35.738033966918948     
   3.5663332536270222E-002   35.272155637238292     
   3.5996665862152978E-002   34.838568172699198     
   3.6329999188035728E-002   34.456549127273732     
   3.6663332513918484E-002   34.142813904660926     
   3.6996665839801234E-002   33.908942799782785     
   3.7329999165683983E-002   33.759750261212091     
   3.7663332491566739E-002   33.692669252729466     
   3.7996665817449489E-002   33.698068753734631     
   3.8329999143332245E-002   33.760335225325420     
   3.8663332469214995E-002   33.859519481366725     
   3.8996665795097751E-002   33.973358985141772     
   3.9329999120980501E-002   34.079510067298443     
   3.9663332446863257E-002   34.157845997715221     
   3.9996665772746007E-002   34.192682530923847     
