   3.3333331843217230E-006   34.036253311405900     
   3.2999999269843104E-004   33.510936745545450     
   6.6333331858118379E-004   32.904482883882366     
   9.9666664446393643E-004   32.305540603462887     
   1.3299999703466892E-003   31.784050569358978     
   1.6633332962294419E-003   31.387934901251413     
   1.9966666221121949E-003   31.135189265805877     
   2.3299999479949474E-003   31.012952186274649     
   2.6633332738777004E-003   30.984084781559311     
   2.9966665997604534E-003   30.999930264364103     
   3.3299999256432059E-003   31.016151738644275     
   3.6633332515259584E-003   31.007347141350646     
   3.9966665774087114E-003   30.975962854652849     
   4.3299999032914644E-003   30.952158156789750     
   4.6633332291742165E-003   30.983671469997734     
   4.9966665550569694E-003   31.117920791957435     
   5.3299998809397224E-003   31.381609180615243     
   5.6633332068224754E-003   31.764842082242659     
   5.9966665327052283E-003   32.216213671664249     
   6.3299998585879804E-003   32.652178777103522     
   6.6633331844707334E-003   32.979029495061987     
   6.9966665103534864E-003   33.120680461752755     
   7.3299998362362385E-003   33.042414274092430     
   7.6633331621189914E-003   32.761410288022546     
   7.9966664880017444E-003   32.339483724325149     
   8.3299998138844974E-003   31.860379625573028     
   8.6633331397672503E-003   31.400287416605131     
   8.9966664656500033E-003   31.003075001759392     
   9.3299997915327545E-003   30.669677201212764     
   9.6633331174155075E-003   30.364987978141475     
   9.9966664432982605E-003   30.038292677929167     
   1.0329999769181013E-002   29.648054236913307     
   1.0663333095063766E-002   29.180922397121478     
   1.0996666420946519E-002   28.658213156976924     
   1.1329999746829272E-002   28.128868476425744     
   1.1663333072712025E-002   27.653273774057752     
   1.1996666398594778E-002   27.285081197115428     
   1.2329999724477530E-002   27.057660846457757     
   1.2663333050360282E-002   26.978827477118060     
   1.2996666376243035E-002   27.033770672289783     
   1.3329999702125788E-002   27.193281245717863     
   1.3663333028008541E-002   27.423294938006425     
   1.3996666353891294E-002   27.692422342149055     
   1.4329999679774047E-002   27.975801268115617     
   1.4663333005656799E-002   28.255399627070783     
   1.4996666331539552E-002   28.518124556420140     
   1.5329999657422304E-002   28.753470022238105     
   1.5663332983305057E-002   28.952058755218566     
   1.5996666309187810E-002   29.105639128610839     
   1.6329999635070563E-002   29.208272032410932     
   1.6663332960953316E-002   29.257889400399030     
   1.6996666286836069E-002   29.257270389189280     
   1.7329999612718822E-002   29.213746267901911     
   1.7663332938601575E-002   29.137469831826820     
   1.7996666264484328E-002   29.038665277119787     
   1.8329999590367081E-002   28.924707508245607     
   1.8663332916249831E-002   28.798021823028051     
   1.8996666242132584E-002   28.655598060263017     
   1.9329999568015337E-002   28.490436983669195     
   1.9663332893898090E-002   28.294638436132495     
   1.9996666219780843E-002   28.063291548218949     
   2.0329999545663596E-002   27.798013217691668     
   2.0663332871546349E-002   27.509009667038331     
   2.0996666197429101E-002   27.214912746988524     
   2.1329999523311854E-002   26.940269001147641     
   2.1663332849194607E-002   26.711259718014290     
   2.1996666175077360E-002   26.550799849259626     
   2.2329999500960113E-002   26.474424057452303     
   2.2663332826842866E-002   26.488214333363405     
   2.2996666152725619E-002   26.589457332299098     
   2.3329999478608372E-002   26.769862076830339     
   2.3663332804491125E-002   27.020249496733154     
   2.3996666130373878E-002   27.334941829555135     
   2.4329999456256628E-002   27.713923867407598     
   2.4663332782139381E-002   28.161403218729895     
   2.4996666108022134E-002   28.680631223383713     
   2.5329999433904887E-002   29.266443662501874     
   2.5663332759787640E-002   29.898367794977318     
   2.5996666085670393E-002   30.537652343712615     
   2.6329999411553145E-002   31.130730357543527     
   2.6663332737435898E-002   31.619432450096102     
   2.6996666063318651E-002   31.955393445728493     
   2.7329999389201404E-002   32.113723839610110     
   2.7663332715084157E-002   32.100392916790490     
   2.7996666040966910E-002   31.949559032221877     
   2.8329999366849663E-002   31.710880292508531     
   2.8663332692732416E-002   31.431155836989227     
   2.8996666018615169E-002   31.137495631038373     
   2.9329999344497919E-002   30.829078195112281     
   2.9663332670380672E-002   30.481237848326824     
   2.9996665996263425E-002   30.060481227288012     
   3.0329999322146178E-002   29.544375389663763     
   3.0663332648028931E-002   28.938203399121221     
   3.0996665973911684E-002   28.281732356828297     
   3.1329999299794437E-002   27.643619107798028     
   3.1663332625677193E-002   27.105923160726690     
   3.1996665951559942E-002   26.744747716682859     
   3.2329999277442692E-002   26.613851651695491     
   3.2663332603325448E-002   26.736154781706265     
   3.2996665929208198E-002   27.104528362385476     
   3.3329999255090954E-002   27.689739063977690     
   3.3663332580973704E-002   28.451246523928933     
   3.3996665906856460E-002   29.346333962858989     
   3.4329999232739210E-002   30.334535443286278     
   3.4663332558621966E-002   31.376698735070462     
   3.4996665884504716E-002   32.430317036595255     
   3.5329999210387472E-002   33.444207792146244     
   3.5663332536270222E-002   34.355848534575600     
   3.5996665862152978E-002   35.093759283013036     
   3.6329999188035728E-002   35.585628990557645     
   3.6663332513918484E-002   35.770959310619325     
   3.6996665839801234E-002   35.615384816969232     
   3.7329999165683983E-002   35.122948779971004     
   3.7663332491566739E-002   34.342696007285113     
   3.7996665817449489E-002   33.366986912263215     
   3.8329999143332245E-002   32.320713375665612     
   3.8663332469214995E-002   31.342703769064894     
   3.8996665795097751E-002   30.562547417560580     
   3.9329999120980501E-002   30.077374765509035     
   3.9663332446863257E-002   29.933461587182812     
   3.9996665772746007E-002   30.116769583242938     
