   3.3333331843217230E-006   32.922464105806938     
   3.2999999269843104E-004   32.913765131646329     
   6.6333331858118379E-004   32.887634093275658     
   9.9666664446393643E-004   32.845012478089799     
   1.3299999703466892E-003   32.787373365514142     
   1.6633332962294419E-003   32.716583702176131     
   1.9966666221121949E-003   32.634736286910538     
   2.3299999479949474E-003   32.543972231221467     
   2.6633332738777004E-003   32.446315140672539     
   2.9966665997604534E-003   32.343535810424022     
   3.3299999256432059E-003   32.237061270503823     
   3.6633332515259584E-003   32.127935344289412     
   3.9966665774087114E-003   32.016830524320397     
   4.3299999032914644E-003   31.904104023847061     
   4.6633332291742165E-003   31.789885333874807     
   4.9966665550569694E-003   31.674179257615521     
   5.3299998809397224E-003   31.556967601775398     
   5.6633332068224754E-003   31.438294462389830     
   5.9966665327052283E-003   31.318323944285961     
   6.3299998585879804E-003   31.197364475119038     
   6.6633331844707334E-003   31.075859705828673     
   6.9966665103534864E-003   30.954351381340636     
   7.3299998362362385E-003   30.833423687181050     
   7.6633331621189914E-003   30.713640844039020     
   7.9966664880017444E-003   30.595489878361697     
   8.3299998138844974E-003   30.479338645958794     
   8.6633331397672503E-003   30.365415756128549     
   8.9966664656500033E-003   30.253814705370022     
   9.3299997915327545E-003   30.144520070327530     
   9.6633331174155075E-003   30.037449798591663     
   9.9966664432982605E-003   29.932505094997385     
   1.0329999769181013E-002   29.829618504632446     
   1.0663333095063766E-002   29.728791615505692     
   1.0996666420946519E-002   29.630116115924913     
   1.1329999746829272E-002   29.533775266149373     
   1.1663333072712025E-002   29.440026545312772     
   1.1996666398594778E-002   29.349169636677441     
   1.2329999724477530E-002   29.261506419919421     
   1.2663333050360282E-002   29.177300832863299     
   1.2996666376243035E-002   29.096746180277350     
   1.3329999702125788E-002   29.019945807809322     
   1.3663333028008541E-002   28.946910372242382     
   1.3996666353891294E-002   28.877571746640658     
   1.4329999679774047E-002   28.811810498221838     
   1.4663333005656799E-002   28.749491432081996     
   1.4996666331539552E-002   28.690500335166572     
   1.5329999657422304E-002   28.634775003581471     
   1.5663332983305057E-002   28.582324870161216     
   1.5996666309187810E-002   28.533235811474100     
   1.6329999635070563E-002   28.487659564547329     
   1.6663332960953316E-002   28.445790084597235     
   1.6996666286836069E-002   28.407831587747879     
   1.7329999612718822E-002   28.373964507965461     
   1.7663332938601575E-002   28.344315893939285     
   1.7996666264484328E-002   28.318939841305671     
   1.8329999590367081E-002   28.297811587589280     
   1.8663332916249831E-002   28.280836270460799     
   1.8996666242132584E-002   28.267870561342992     
   1.9329999568015337E-002   28.258752958373858     
   1.9663332893898090E-002   28.253336906432509     
   1.9996666219780843E-002   28.251520404597983     
   2.0329999545663596E-002   28.253266452356232     
   2.0663332871546349E-002   28.258610440940590     
   2.0996666197429101E-002   28.267653083389575     
   2.1329999523311854E-002   28.280540228346208     
   2.1663332849194607E-002   28.297433401411315     
   2.1996666175077360E-002   28.318476693949528     
   2.2329999500960113E-002   28.343766336710043     
   2.2663332826842866E-002   28.373328815344546     
   2.2996666152725619E-002   28.407111791114055     
   2.3329999478608372E-002   28.444989675763146     
   2.3663332804491125E-002   28.486782923246562     
   2.3996666130373878E-002   28.532287464532462     
   2.4329999456256628E-002   28.581308723760031     
   2.4663332782139381E-002   28.633693697166116     
   2.4996666108022134E-002   28.689354844486726     
   2.5329999433904887E-002   28.748281003165012     
   2.5663332759787640E-002   28.810532932051292     
   2.5996666085670393E-002   28.876223987406735     
   2.6329999411553145E-002   28.945489292818621     
   2.6663332737435898E-002   29.018449045935636     
   2.6996666063318651E-002   29.095172865775709     
   2.7329999389201404E-002   29.175652063156715     
   2.7663332715084157E-002   29.259785385668632     
   2.7996666040966910E-002   29.347381363773145     
   2.8329999366849663E-002   29.438177292143422     
   2.8663332692732416E-002   29.531871682547099     
   2.8996666018615169E-002   29.628164319633349     
   2.9329999344497919E-002   29.726796363569552     
   2.9663332670380672E-002   29.827582625835458     
   2.9996665996263425E-002   29.930429306369188     
   3.0329999322146178E-002   30.035332960990321     
   3.0663332648028931E-002   30.142359856943369     
   3.0996665973911684E-002   30.251608577287374     
   3.1329999299794437E-002   30.363162075687566     
   3.1663332625677193E-002   30.477037724022402     
   3.1996665951559942E-002   30.593144753393535     
   3.2329999277442692E-002   30.711257630510786     
   3.2663332603325448E-002   30.831011402837117     
   3.2996665929208198E-002   30.951921255773215     
   3.3329999255090954E-002   31.073424070920417     
   3.3663332580973704E-002   31.194935423815540     
   3.3996665906856460E-002   31.315912001848073     
   3.4329999232739210E-002   31.435907531924993     
   3.4663332558621966E-002   31.554610418057177     
   3.4996665884504716E-002   31.671853512162272     
   3.5329999210387472E-002   31.787590529673480     
   3.5663332536270222E-002   31.901838995817062     
   3.5996665862152978E-002   32.014595441152565     
   3.6329999188035728E-002   32.125733908760282     
   3.6663332513918484E-002   32.234902776087630     
   3.6996665839801234E-002   32.341436703630713     
   3.7329999165683983E-002   32.444299784869031     
   3.7663332491566739E-002   32.542072663954961     
   3.7996665817449489E-002   32.632990896062751     
   3.8329999143332245E-002   32.715034897529762     
   3.8663332469214995E-002   32.786064469074759     
   3.8996665795097751E-002   32.843984176505629     
   3.9329999120980501E-002   32.886920870312657     
   3.9663332446863257E-002   32.913392115904927     
   3.9996665772746007E-002   32.922444725248411     
