   3.3333331843217230E-006   35.566801231788013     
   3.2999999269843104E-004   35.579696296346313     
   6.6333331858118379E-004   35.618631087906174     
   9.9666664446393643E-004   35.682776837383123     
   1.3299999703466892E-003   35.770781118869152     
   1.6633332962294419E-003   35.880815697575443     
   1.9966666221121949E-003   36.010641142391293     
   2.3299999479949474E-003   36.157685848809692     
   2.6633332738777004E-003   36.319136590202675     
   2.9966665997604534E-003   36.492037290894345     
   3.3299999256432059E-003   36.673392408517621     
   3.6633332515259584E-003   36.860271136915379     
   3.9966665774087114E-003   37.049908600942118     
   4.3299999032914644E-003   37.239800312708091     
   4.6633332291742165E-003   37.427786391963686     
   4.9966665550569694E-003   37.612122413539218     
   5.3299998809397224E-003   37.791534219603832     
   5.6633332068224754E-003   37.965254607459578     
   5.9966665327052283E-003   38.133040454584673     
   6.3299998585879804E-003   38.295169548793950     
   6.6633331844707334E-003   38.452417127763113     
   6.9966665103534864E-003   38.606012872658958     
   7.3299998362362385E-003   38.757579818868201     
   7.6633331621189914E-003   38.909057317113977     
   7.9966664880017444E-003   39.062610776455479     
   8.3299998138844974E-003   39.220531425059832     
   8.6633331397672503E-003   39.385129716682961     
   8.9966664656500033E-003   39.558626275822107     
   9.3299997915327545E-003   39.743044402208206     
   9.6633331174155075E-003   39.940108140171859     
   9.9966664432982605E-003   40.151149759898232     
   1.0329999769181013E-002   40.377030200181679     
   1.0663333095063766E-002   40.618075595398530     
   1.0996666420946519E-002   40.874032467044309     
   1.1329999746829272E-002   41.144043520483329     
   1.1663333072712025E-002   41.426645272229564     
   1.1996666398594778E-002   41.719787966626576     
   1.2329999724477530E-002   42.020877449700890     
   1.2663333050360282E-002   42.326837879786602     
   1.2996666376243035E-002   42.634193396933753     
   1.3329999702125788E-002   42.939166172966416     
   1.3663333028008541E-002   43.237787646417864     
   1.3996666353891294E-002   43.526019233866705     
   1.4329999679774047E-002   43.799878420404156     
   1.4663333005656799E-002   44.055565881933454     
   1.4996666331539552E-002   44.289589190917489     
   1.5329999657422304E-002   44.498878710176164     
   1.5663332983305057E-002   44.680891486239048     
   1.5996666309187810E-002   44.833699309120739     
   1.6329999635070563E-002   44.956057598576962     
   1.6663332960953316E-002   45.047452392442231     
   1.6996666286836069E-002   45.108123430716169     
   1.7329999612718822E-002   45.139062126106417     
   1.7663332938601575E-002   45.141984061268346     
   1.7996666264484328E-002   45.119276526453135     
   1.8329999590367081E-002   45.073922479033165     
   1.8663332916249831E-002   45.009403138653191     
   1.8996666242132584E-002   44.929582199701777     
   1.9329999568015337E-002   44.838575319445773     
   1.9663332893898090E-002   44.740609101383249     
   1.9996666219780843E-002   44.639874218676823     
   2.0329999545663596E-002   44.540377595854032     
   2.0663332871546349E-002   44.445798677202518     
   2.0996666197429101E-002   44.359354751743510     
   2.1329999523311854E-002   44.283680077265366     
   2.1663332849194607E-002   44.220723155264274     
   2.1996666175077360E-002   44.171665965938196     
   2.2329999500960113E-002   44.136868294012473     
   2.2663332826842866E-002   44.115839483254909     
   2.2996666152725619E-002   44.107239075239718     
   2.3329999478608372E-002   44.108906844663160     
   2.3663332804491125E-002   44.117921770049342     
   2.3996666130373878E-002   44.130688507084812     
   2.4329999456256628E-002   44.143048994418344     
   2.4663332782139381E-002   44.150415950084749     
   2.4996666108022134E-002   44.147924240418476     
   2.5329999433904887E-002   44.130595449205806     
   2.5663332759787640E-002   44.093510465898007     
   2.5996666085670393E-002   44.031984566412255     
   2.6329999411553145E-002   43.941739291596519     
   2.6663332737435898E-002   43.819065444348183     
   2.6996666063318651E-002   43.660971728168775     
   2.7329999389201404E-002   43.465313933033393     
   2.7663332715084157E-002   43.230900128283537     
   2.7996666040966910E-002   42.957568030553752     
   2.8329999366849663E-002   42.646231556050374     
   2.8663332692732416E-002   42.298894514814783     
   2.8996666018615169E-002   41.918630430199890     
   2.9329999344497919E-002   41.509528537175363     
   2.9663332670380672E-002   41.076607094023750     
   2.9996665996263425E-002   40.625696198650459     
   3.0329999322146178E-002   40.163293298754141     
   3.0663332648028931E-002   39.696395491783917     
   3.0996665973911684E-002   39.232313495933369     
   3.1329999299794437E-002   38.778472811084200     
   3.1663332625677193E-002   38.342208056886179     
   3.1996665951559942E-002   37.930556757627073     
   3.2329999277442692E-002   37.550058929669298     
   3.2663332603325448E-002   37.206568712719793     
   3.2996665929208198E-002   36.905083973198430     
   3.3329999255090954E-002   36.649599305007861     
   3.3663332580973704E-002   36.442987174770160     
   3.3996665906856460E-002   36.286911125472919     
   3.4329999232739210E-002   36.181773989931393     
   3.4663332558621966E-002   36.126703003274216     
   3.4996665884504716E-002   36.119572574895038     
   3.5329999210387472E-002   36.157064320365862     
   3.5663332536270222E-002   36.234762799230438     
   3.5996665862152978E-002   36.347284291931629     
   3.6329999188035728E-002   36.488434913735141     
   3.6663332513918484E-002   36.651393438437722     
   3.6996665839801234E-002   36.828913419542125     
   3.7329999165683983E-002   37.013538576751422     
   3.7663332491566739E-002   37.197824981209656     
   3.7996665817449489E-002   37.374563338198158     
   3.8329999143332245E-002   37.536994638981028     
   3.8663332469214995E-002   37.679012635603904     
   3.8996665795097751E-002   37.795346978475955     
   3.9329999120980501E-002   37.881721434820463     
   3.9663332446863257E-002   37.934982358761097     
   3.9996665772746007E-002   37.953193487563908     
