   3.3333331843217230E-006   29.539895452597182     
   3.2999999269843104E-004   29.611733889966910     
   6.6333331858118379E-004   29.800040329835372     
   9.9666664446393643E-004   30.082592977824909     
   1.3299999703466892E-003   30.417929905303346     
   1.6633332962294419E-003   30.754993423279650     
   1.9966666221121949E-003   31.045500981151974     
   2.3299999479949474E-003   31.255191510437541     
   2.6633332738777004E-003   31.370725339329876     
   2.9966665997604534E-003   31.400411906078702     
   3.3299999256432059E-003   31.368910688404263     
   3.6633332515259584E-003   31.307924151354925     
   3.9966665774087114E-003   31.246043177585015     
   4.3299999032914644E-003   31.200949057880997     
   4.6633332291742165E-003   31.176151485795753     
   4.9966665550569694E-003   31.162755294477570     
   5.3299998809397224E-003   31.145023677092990     
   5.6633332068224754E-003   31.107348645992406     
   5.9966665327052283E-003   31.040018833411903     
   6.3299998585879804E-003   30.941897808773348     
   6.6633331844707334E-003   30.819456720195031     
   6.9966665103534864E-003   30.683008452022243     
   7.3299998362362385E-003   30.541944338268475     
   7.6633331621189914E-003   30.400962681070208     
   7.9966664880017444E-003   30.258694619422894     
   8.3299998138844974E-003   30.109060757393273     
   8.6633331397672503E-003   29.944576740214881     
   8.9966664656500033E-003   29.760095319628341     
   9.3299997915327545E-003   29.555377012986042     
   9.6633331174155075E-003   29.335414462990727     
   9.9966664432982605E-003   29.108355412471418     
   1.0329999769181013E-002   28.881807709923347     
   1.0663333095063766E-002   28.658918551751256     
   1.0996666420946519E-002   28.435696669759107     
   1.1329999746829272E-002   28.200594902651630     
   1.1663333072712025E-002   27.936583402993556     
   1.1996666398594778E-002   27.625114561641141     
   1.2329999724477530E-002   27.250792704665773     
   1.2663333050360282E-002   26.805390127266413     
   1.2996666376243035E-002   26.290115373587202     
   1.3329999702125788E-002   25.715614292650535     
   1.3663333028008541E-002   25.555441332324019     
   1.3996666353891294E-002   25.391976376160709     
   1.4329999679774047E-002   25.233993283273808     
   1.4663333005656799E-002   25.092713245675132     
   1.4996666331539552E-002   24.976326009176038     
   1.5329999657422304E-002   24.889591468804994     
   1.5663332983305057E-002   24.833951284250077     
   1.5996666309187810E-002   24.808039862236107     
   1.6329999635070563E-002   24.808454458375031     
   1.6663332960953316E-002   24.830638403704210     
   1.6996666286836069E-002   24.869744763353715     
   1.7329999612718822E-002   24.921374309988348     
   1.7663332938601575E-002   24.982115697979818     
   1.7996666264484328E-002   25.049851888186549     
   1.8329999590367081E-002   25.123830900738191     
   1.8663332916249831E-002   25.204527713817768     
   1.8996666242132584E-002   25.293345583489536     
   1.9329999568015337E-002   25.392218282841359     
   1.9663332893898090E-002   25.503179673330219     
   1.9996666219780843E-002   25.627964237908277     
   2.0329999545663596E-002   25.767692841993139     
   2.0663332871546349E-002   25.922683518388055     
   2.0996666197429101E-002   26.092409202770426     
   2.1329999523311854E-002   26.275604912998798     
   2.1663332849194607E-002   26.470507732955152     
   2.1996666175077360E-002   26.675195918415756     
   2.2329999500960113E-002   26.887980087722994     
   2.2663332826842866E-002   27.107791090570995     
   2.2996666152725619E-002   27.334506659289339     
   2.3329999478608372E-002   27.569162762273024     
   2.3663332804491125E-002   27.814005618377696     
   2.3996666130373878E-002   28.072356014274437     
   2.4329999456256628E-002   28.348277844641252     
   2.4663332782139381E-002   28.646066189609709     
   2.4996666108022134E-002   28.969594886980207     
   2.5329999433904887E-002   29.321587225175950     
   2.5663332759787640E-002   29.702893542739695     
   2.5996666085670393E-002   30.111873406959685     
   2.6329999411553145E-002   30.543984813529331     
   2.6663332737435898E-002   30.991675828474943     
   2.6996666063318651E-002   31.426849700472683     
   2.7329999389201404E-002   31.874112023455510     
   2.7663332715084157E-002   32.318170330352508     
   2.7996666040966910E-002   32.745057176220868     
   2.8329999366849663E-002   33.144640569218737     
   2.8663332692732416E-002   33.512270267309155     
   2.8996666018615169E-002   33.849434543784412     
   2.9329999344497919E-002   34.163193115866264     
   2.9663332670380672E-002   34.464410541854093     
   2.9996665996263425E-002   34.765102835709335     
   3.0329999322146178E-002   35.075459815151753     
   3.0663332648028931E-002   35.401246919942992     
   3.0996665973911684E-002   35.742269924130447     
   3.1329999299794437E-002   36.092385100842598     
   3.1663332625677193E-002   36.441181998618262     
   3.1996665951559942E-002   36.777027999388977     
   3.2329999277442692E-002   37.090749653297813     
   3.2663332603325448E-002   37.378953251524472     
   3.2996665929208198E-002   37.645955002234174     
   3.3329999255090954E-002   37.903548421424681     
   3.3663332580973704E-002   38.168359377078545     
   3.3996665906856460E-002   38.457224419433579     
   3.4329999232739210E-002   38.781707132072341     
   3.4663332558621966E-002   39.143341821784787     
   3.4996665884504716E-002   39.531286105318991     
   3.5329999210387472E-002   39.923671243687252     
   3.5663332536270222E-002   40.293078106294729     
   3.5996665862152978E-002   40.615392396258649     
   3.6329999188035728E-002   40.880082091000958     
   3.6663332513918484E-002   41.099037436332466     
   3.6996665839801234E-002   41.310847090558724     
   3.7329999165683983E-002   41.577967715170367     
   3.7663332491566739E-002   41.975695739851695     
   3.7996665817449489E-002   42.573943911890915     
   3.8329999143332245E-002   43.415107675143489     
   3.8663332469214995E-002   44.493175978634596     
   3.8996665795097751E-002   45.740087607108151     
   3.9329999120980501E-002   47.024707593086532     
   3.9663332446863257E-002   48.167566715921822     
   3.9996665772746007E-002   48.970956625485549     
