   0.0000000000000000        140.34440027658809     
   3.3333333333333332E-004   137.97683382353094     
   6.6666666666666664E-004   138.36862772888699     
   1.0000000000000000E-003   144.07732937889386     
   1.3333333333333333E-003   151.27046658081537     
   1.6666666666666666E-003   150.98874092518301     
   2.0000000000000000E-003   142.38625037006136     
   2.3333333333333331E-003   137.31607922370887     
   2.6666666666666666E-003   143.67588008350737     
   3.0000000000000001E-003   151.69377055960689     
   3.3333333333333331E-003   148.29765349631825     
   3.6666666666666666E-003   138.60233422126572     
   4.0000000000000001E-003   137.96225261760210     
   4.3333333333333331E-003   146.57300402814425     
   4.6666666666666662E-003   149.79515641503247     
   5.0000000000000001E-003   143.49871236345442     
   5.3333333333333332E-003   140.03887040560645     
   5.6666666666666662E-003   145.24825430689609     
   6.0000000000000001E-003   148.41725475680266     
   6.3333333333333332E-003   142.92947800922445     
   6.6666666666666662E-003   139.26618158175100     
   7.0000000000000001E-003   145.91198199555504     
   7.3333333333333332E-003   152.34239117097613     
   7.6666666666666662E-003   145.96018095827583     
   8.0000000000000002E-003   134.91705685244170     
   8.3333333333333332E-003   136.75734536598128     
   8.6666666666666663E-003   150.18648658524833     
   8.9999999999999993E-003   156.15273901009030     
   9.3333333333333324E-003   147.01208239128670     
   9.6666666666666672E-003   138.03863563373835     
   1.0000000000000000E-002   144.31010204568682     
   1.0333333333333333E-002   158.86770503783538     
   1.0666666666666666E-002   163.48443330018947     
   1.0999999999999999E-002   154.04796202323740     
   1.1333333333333332E-002   144.44954315528619     
   1.1666666666666665E-002   146.73958607300816     
   1.2000000000000000E-002   156.79005280745608     
   1.2333333333333333E-002   162.45101359801106     
   1.2666666666666666E-002   159.54023161593412     
   1.2999999999999999E-002   154.18176825493941     
   1.3333333333333332E-002   151.30586149861671     
   1.3666666666666666E-002   157.52359674748459     
   1.4000000000000000E-002   154.58381719824146     
   1.4333333333333333E-002   146.93343384005817     
   1.4666666666666666E-002   144.36999152755277     
   1.4999999999999999E-002   151.65883701629420     
   1.5333333333333332E-002   163.05100216521780     
   1.5666666666666666E-002   168.17714375794966     
   1.6000000000000000E-002   162.98984187483458     
   1.6333333333333332E-002   153.32713878608868     
   1.6666666666666666E-002   147.30797485814730     
   1.6999999999999998E-002   146.41305811444667     
   1.7333333333333333E-002   146.35312838638353     
   1.7666666666666667E-002   145.35972858676996     
   1.7999999999999999E-002   147.32019386913709     
   1.8333333333333333E-002   154.95776069896178     
   1.8666666666666665E-002   163.47506404211066     
   1.9000000000000000E-002   165.16724824798845     
   1.9333333333333334E-002   159.23488200648305     
   1.9666666666666666E-002   152.45100610412823     
   2.0000000000000000E-002   149.42477300684422     
   2.0333333333333332E-002   146.91493143884546     
   2.0666666666666667E-002   140.57832367433750     
   2.0999999999999998E-002   133.36404010648533     
   2.1333333333333333E-002   132.23297458270119     
   2.1666666666666667E-002   138.24155304780945     
   2.1999999999999999E-002   145.38666018926691     
   2.2333333333333334E-002   149.53767477386720     
   2.2666666666666665E-002   152.94620537042513     
   2.3000000000000000E-002   157.68459613199258     
   2.3333333333333331E-002   159.86004159139227     
   2.3666666666666666E-002   155.14386461950571     
   2.4000000000000000E-002   146.97887390429869     
   2.4333333333333332E-002   143.30351305589323     
   2.4666666666666667E-002   145.63523972082953     
   2.4999999999999998E-002   147.43756808594389     
   2.5333333333333333E-002   145.18485035228784     
   2.5666666666666667E-002   145.47592798577793     
   2.5999999999999999E-002   156.15838881048955     
   2.6333333333333334E-002   173.01743565042733     
   2.6666666666666665E-002   181.65931351475319     
   2.7000000000000000E-002   175.85623650810146     
   2.7333333333333331E-002   162.56859084506499     
   2.7666666666666666E-002   154.47061347203683     
   2.8000000000000001E-002   159.19515903590684     
   2.8333333333333332E-002   173.56169776450497     
   2.8666666666666667E-002   187.83613561470273     
   2.8999999999999998E-002   194.86866185876289     
   2.9333333333333333E-002   195.39551431438383     
   2.9666666666666664E-002   195.52891578461308     
   2.9999999999999999E-002   200.09392647164475     
   3.0333333333333334E-002   208.68640420306656     
   3.0666666666666665E-002   217.64324995436635     
   3.1000000000000000E-002   224.75887040289982     
   3.1333333333333331E-002   231.11325471982505     
   3.1666666666666662E-002   238.19983790735992     
   3.2000000000000001E-002   244.38864319257453     
   3.2333333333333332E-002   245.91787614109791     
   3.2666666666666663E-002   242.18423008273808     
   3.3000000000000002E-002   238.90070142429914     
   3.3333333333333333E-002   243.61570365990707     
   3.3666666666666664E-002   256.79087999672123     
   3.3999999999999996E-002   268.80175549173424     
   3.4333333333333334E-002   268.79451099123895     
   3.4666666666666665E-002   257.54020553957372     
   3.4999999999999996E-002   248.81917462945677     
   3.5333333333333335E-002   254.69608239206553     
   3.5666666666666666E-002   270.30339912519810     
   3.5999999999999997E-002   278.33053713096245     
   3.6333333333333336E-002   271.05172299946565     
   3.6666666666666667E-002   262.24893418411887     
   3.6999999999999998E-002   269.32483115381558     
   3.7333333333333329E-002   285.95824265713702     
   3.7666666666666668E-002   286.15421394493950     
   3.7999999999999999E-002   261.85081957258780     
   3.8333333333333330E-002   241.10449486468431     
   3.8666666666666669E-002   250.70310315924951     
   3.9000000000000000E-002   274.64006354372816     
   3.9333333333333331E-002   284.33169051277628     
   3.9666666666666663E-002   298.26826153655816     
   4.0000000000000001E-002   342.05665329335744     
