   3.3333331843217230E-006   13.633081242393143     
   3.2999999269843104E-004   15.048954462766698     
   6.6333331858118379E-004   19.172998849025852     
   9.9666664446393643E-004   25.479151457185964     
   1.3299999703466892E-003   33.164175082903981     
   1.6633332962294419E-003   41.251649021342871     
   1.9966666221121949E-003   48.718218343530893     
   2.3299999479949474E-003   54.625634125224771     
   2.6633332738777004E-003   58.241382792012288     
   2.9966665997604534E-003   59.132221989134834     
   3.3299999256432059E-003   57.218511604227317     
   3.6633332515259584E-003   52.782380742746959     
   3.9966665774087114E-003   46.428826239069835     
   4.3299999032914644E-003   39.004999447707029     
   4.6633332291742165E-003   31.488396356406451     
   4.9966665550569694E-003   24.858705756595796     
   5.3299998809397224E-003   19.970163161429078     
   5.6633332068224754E-003   17.441133144299467     
   5.9966665327052283E-003   17.575320830830272     
   6.3299998585879804E-003   20.324804579614906     
   6.6633331844707334E-003   25.299544448257539     
   6.9966665103534864E-003   31.821886853606017     
   7.3299998362362385E-003   39.018664150244810     
   7.6633331621189914E-003   45.938558406952893     
   7.9966664880017444E-003   51.679108941818981     
   8.3299998138844974E-003   55.506523258234076     
   8.6633331397672503E-003   56.952457207888855     
   8.9966664656500033E-003   55.875024850766266     
   9.3299997915327545E-003   52.476068635619157     
   9.6633331174155075E-003   47.272532862765246     
   9.9966664432982605E-003   41.025868147474966     
   1.0329999769181013E-002   34.638947383326901     
   1.0663333095063766E-002   29.034261725533689     
   1.0996666420946519E-002   25.029623823781286     
   1.1329999746829272E-002   23.227912892163658     
   1.1663333072712025E-002   23.935514831868787     
   1.1996666398594778E-002   27.120292312815259     
   1.2329999724477530E-002   32.414671762048748     
   1.2663333050360282E-002   39.163452027269635     
   1.2996666376243035E-002   46.510014554087107     
   1.3329999702125788E-002   53.509530109096225     
   1.3663333028008541E-002   59.254183325037879     
   1.3996666353891294E-002   62.993844204773886     
   1.4329999679774047E-002   64.236213569244782     
   1.4663333005656799E-002   62.813176320865502     
   1.4996666331539552E-002   58.904553148093619     
   1.5329999657422304E-002   53.016058333125706     
   1.5663332983305057E-002   45.914306773695586     
   1.5996666309187810E-002   38.527371136693624     
   1.6329999635070563E-002   31.823925062876903     
   1.6663332960953316E-002   26.686824445424953     
   1.6996666286836069E-002   23.797707321417192     
   1.7329999612718822E-002   23.547740749673572     
   1.7663332938601575E-002   25.986204448975741     
   1.7996666264484328E-002   30.813631360668598     
   1.8329999590367081E-002   37.420380727268672     
   1.8663332916249831E-002   44.965569550982622     
   1.8996666242132584E-002   52.486015318226791     
   1.9329999568015337E-002   59.020937645334655     
   1.9663332893898090E-002   63.736138346336631     
   1.9996666219780843E-002   66.031489439245277     
   2.0329999545663596E-002   65.617785988097438     
   2.0663332871546349E-002   62.553066317120894     
   2.0996666197429101E-002   57.233828891332024     
   2.1329999523311854E-002   50.342479382667698     
   2.1663332849194607E-002   42.758046202496963     
   2.1996666175077360E-002   35.441960446120000     
   2.2329999500960113E-002   29.313886767579483     
   2.2663332826842866E-002   25.133803971391156     
   2.2996666152725619E-002   23.405618933947398     
   2.3329999478608372E-002   24.314686293037212     
   2.3663332804491125E-002   27.707092594421585     
   2.3996666130373878E-002   33.113049572997674     
   2.4329999456256628E-002   39.810957732497542     
   2.4663332782139381E-002   46.923410535116588     
   2.4996666108022134E-002   53.532304144196132     
   2.5329999433904887E-002   58.797830159250367     
   2.5663332759787640E-002   62.065761629887334     
   2.5996666085670393E-002   62.949129726096714     
   2.6329999411553145E-002   61.373892111159151     
   2.6663332737435898E-002   57.583038088394900     
   2.6996666063318651E-002   52.099109626776901     
   2.7329999389201404E-002   45.650604110106300     
   2.7663332715084157E-002   39.072438082445416     
   2.7996666040966910E-002   33.193972870049748     
   2.8329999366849663E-002   28.729603187095645     
   2.8663332692732416E-002   26.186403976738049     
   2.8996666018615169E-002   25.800902024734715     
   2.9329999344497919E-002   27.513025777747966     
   2.9663332670380672E-002   30.980236434143844     
   2.9996665996263425E-002   35.629437430130302     
   3.0329999322146178E-002   40.739222487090721     
   3.0663332648028931E-002   45.541024972948712     
   3.0996665973911684E-002   49.325300797396451     
   3.1329999299794437E-002   51.538327876600491     
   3.1663332625677193E-002   51.856598090033657     
   3.1996665951559942E-002   50.228912810040363     
   3.2329999277442692E-002   46.880738278346485     
   3.2663332603325448E-002   42.280526717968826     
   3.2996665929208198E-002   37.072866111952287     
   3.3329999255090954E-002   31.987791575278621     
   3.3663332580973704E-002   27.738775402691232     
   3.3996665906856460E-002   24.923388067885902     
   3.4329999232739210E-002   23.940197338894553     
   3.4663332558621966E-002   24.933212528552783     
   3.4996665884504716E-002   27.771397890360255     
   3.5329999210387472E-002   32.065989554795657     
   3.5663332536270222E-002   37.223204418966098     
   3.5996665862152978E-002   42.525123379674376     
   3.6329999188035728E-002   47.227713797971440     
   3.6663332513918484E-002   50.662640706626561     
   3.6996665839801234E-002   52.329012828831836     
   3.7329999165683983E-002   51.962582698119022     
   3.7663332491566739E-002   49.572981479002209     
   3.7996665817449489E-002   45.443902463804164     
   3.8329999143332245E-002   40.096165621439098     
   3.8663332469214995E-002   34.218620289466472     
   3.8996665795097751E-002   28.576195337582405     
   3.9329999120980501E-002   23.907498492639526     
   3.9663332446863257E-002   20.825782084150468     
   3.9996665772746007E-002   19.736640860228466     
