   0.0000000000000000        219.83435906404654     
   3.3333333333333332E-004   211.01275573521656     
   6.6666666666666664E-004   211.41673216310224     
   1.0000000000000000E-003   217.57991727859087     
   1.3333333333333333E-003   221.03749844088097     
   1.6666666666666666E-003   215.93735866842277     
   2.0000000000000000E-003   206.39571715926786     
   2.3333333333333331E-003   202.53953459772669     
   2.6666666666666666E-003   207.11904508081349     
   3.0000000000000001E-003   211.19589840808879     
   3.3333333333333331E-003   207.18355550753540     
   3.6666666666666666E-003   200.11802572031866     
   4.0000000000000001E-003   198.91630456238926     
   4.3333333333333331E-003   201.79775531509694     
   4.6666666666666662E-003   200.19599553913133     
   5.0000000000000001E-003   193.81607444119348     
   5.3333333333333332E-003   190.35125219868362     
   5.6666666666666662E-003   191.13206308612180     
   6.0000000000000001E-003   189.20409949606758     
   6.3333333333333332E-003   183.23883363506548     
   6.6666666666666662E-003   181.09435424748077     
   7.0000000000000001E-003   185.26374136636886     
   7.3333333333333332E-003   186.30820972954572     
   7.6666666666666662E-003   177.84275834326155     
   8.0000000000000002E-003   168.38206376076849     
   8.3333333333333332E-003   168.82789374442831     
   8.6666666666666663E-003   175.01201364069203     
   8.9999999999999993E-003   173.76364208645029     
   9.3333333333333324E-003   163.23547251650035     
   9.6666666666666672E-003   155.77057996344419     
   1.0000000000000000E-002   159.39898752870218     
   1.0333333333333333E-002   166.29729268700180     
   1.0666666666666666E-002   164.36173393143773     
   1.0999999999999999E-002   153.70068901847117     
   1.1333333333333332E-002   145.14383229709131     
   1.1666666666666665E-002   145.26145860525941     
   1.2000000000000000E-002   149.41483015164079     
   1.2333333333333333E-002   150.03817924126986     
   1.2666666666666666E-002   146.38812733621620     
   1.2999999999999999E-002   142.86612027799055     
   1.3333333333333332E-002   140.35807602306886     
   1.3666666666666666E-002   139.62366146189413     
   1.4000000000000000E-002   132.81187296898713     
   1.4333333333333333E-002   126.78477239319756     
   1.4666666666666666E-002   128.08459680434487     
   1.4999999999999999E-002   135.22963381796643     
   1.5333333333333332E-002   140.46789085353075     
   1.5666666666666666E-002   138.71231493138259     
   1.6000000000000000E-002   132.39411418733803     
   1.6333333333333332E-002   126.76356722543815     
   1.6666666666666666E-002   123.19461498093506     
   1.6999999999999998E-002   119.88828796108088     
   1.7333333333333333E-002   117.36653896601440     
   1.7666666666666667E-002   118.85528803732623     
   1.7999999999999999E-002   124.70340016644131     
   1.8333333333333333E-002   130.49277763197469     
   1.8666666666666665E-002   132.54173265234652     
   1.9000000000000000E-002   131.90560509024758     
   1.9333333333333334E-002   130.67809865764170     
   1.9666666666666666E-002   127.90731382617891     
   2.0000000000000000E-002   122.58011065098543     
   2.0333333333333332E-002   117.51935447625380     
   2.0666666666666667E-002   115.98889359370314     
   2.0999999999999998E-002   116.75092558902037     
   2.1333333333333333E-002   117.06903848126538     
   2.1666666666666667E-002   118.48860618000616     
   2.1999999999999999E-002   124.24185917180614     
   2.2333333333333334E-002   132.24281930356616     
   2.2666666666666665E-002   136.52469062315382     
   2.3000000000000000E-002   135.40394837425154     
   2.3333333333333331E-002   132.66869281400551     
   2.3666666666666666E-002   130.56592128963609     
   2.4000000000000000E-002   127.42848492791229     
   2.4333333333333332E-002   123.18067793996316     
   2.4666666666666667E-002   121.34076812448362     
   2.4999999999999998E-002   123.49268873766671     
   2.5333333333333333E-002   126.95135076077601     
   2.5666666666666667E-002   130.43157305979562     
   2.5999999999999999E-002   136.79203639001918     
   2.6333333333333334E-002   146.17344058056142     
   2.6666666666666665E-002   151.03780730761710     
   2.7000000000000000E-002   147.59276165792559     
   2.7333333333333331E-002   136.69310384747445     
   2.7666666666666666E-002   128.24945595178283     
   2.8000000000000001E-002   130.76140979215785     
   2.8333333333333332E-002   143.22631148592095     
   2.8666666666666667E-002   156.37427180410313     
   2.8999999999999998E-002   161.42432960886347     
   2.9333333333333333E-002   157.44607196424593     
   2.9666666666666664E-002   150.78763136352299     
   2.9999999999999999E-002   148.32188317152281     
   3.0333333333333334E-002   151.71999536794326     
   3.0666666666666665E-002   157.74280549653341     
   3.1000000000000000E-002   162.83932715401284     
   3.1333333333333331E-002   166.39148050115261     
   3.1666666666666662E-002   169.48895151579504     
   3.2000000000000001E-002   171.81862681374955     
   3.2333333333333332E-002   171.44560418213607     
   3.2666666666666663E-002   168.28629648418791     
   3.3000000000000002E-002   166.55810967009967     
   3.3333333333333333E-002   171.56611305135266     
   3.3666666666666664E-002   182.99128995779361     
   3.3999999999999996E-002   192.80148842001296     
   3.4333333333333334E-002   192.49502147376651     
   3.4666666666666665E-002   183.27812768632617     
   3.4999999999999996E-002   176.73728120016199     
   3.5333333333333335E-002   182.57630681184455     
   3.5666666666666666E-002   196.43196356213420     
   3.5999999999999997E-002   204.05002918599109     
   3.6333333333333336E-002   199.43862978019541     
   3.6666666666666667E-002   194.10787882045665     
   3.6999999999999998E-002   201.86961959473496     
   3.7333333333333329E-002   216.75479885689904     
   3.7666666666666668E-002   217.38394505521393     
   3.7999999999999999E-002   198.16097011352670     
   3.8333333333333330E-002   182.92049976182926     
   3.8666666666666669E-002   192.72151667919456     
   3.9000000000000000E-002   212.45839399490853     
   3.9333333333333331E-002   218.43533973206388     
   3.9666666666666663E-002   228.17445598388693     
   4.0000000000000001E-002   263.68282702526386     
