   0.0000000000000000       -3411492.4621396838     
   3.3333333333333332E-004  -1544070.4704600878     
   6.6666666666666664E-004   2400008.7334766365     
   1.0000000000000000E-003   4862761.6115243649     
   1.3333333333333333E-003   3406250.9622360966     
   1.6666666666666666E-003  -1240329.3186806750     
   2.0000000000000000E-003  -5754560.3194468385     
   2.3333333333333331E-003  -6812076.1152915582     
   2.6666666666666666E-003  -3541307.5669249273     
   3.0000000000000001E-003   1977473.1010653733     
   3.3333333333333331E-003   6311851.3050483419     
   3.6666666666666666E-003   7006067.0205663852     
   4.0000000000000001E-003   3990086.1160539272     
   4.3333333333333331E-003  -692400.50370208919     
   4.6666666666666662E-003  -4394827.8011312410     
   5.0000000000000001E-003  -5488049.2348620147     
   5.3333333333333332E-003  -4087597.4652966009     
   5.6666666666666662E-003  -1587455.9109949302     
   6.0000000000000001E-003   514971.14871620142     
   6.3333333333333332E-003   1610175.4393930007     
   6.6666666666666662E-003   2096769.3761882395     
   7.0000000000000001E-003   2643121.4322444997     
   7.3333333333333332E-003   3313851.9583445042     
   7.6666666666666662E-003   3410698.4473624681     
   8.0000000000000002E-003   2212390.2690174589     
   8.3333333333333332E-003  -125849.69723509351     
   8.6666666666666663E-003  -2499577.6426340910     
   8.9999999999999993E-003  -3777351.9557662075     
   9.3333333333333324E-003  -3776844.1443476435     
   9.6666666666666672E-003  -3222687.3833018672     
   1.0000000000000000E-002  -2740151.7790709110     
   1.0333333333333333E-002  -2080338.7942459369     
   1.0666666666666666E-002  -529378.28013941529     
   1.0999999999999999E-002   1962546.8203317162     
   1.1333333333333332E-002   4302591.0864288416     
   1.1666666666666665E-002   5081572.1259860191     
   1.2000000000000000E-002   3866215.7977244807     
   1.2333333333333333E-002   1591523.9852007700     
   1.2666666666666666E-002  -326468.28809169948     
   1.2999999999999999E-002  -1215457.9245982759     
   1.3333333333333332E-002  -1518188.7859438891     
   1.3666666666666666E-002  -2059786.8223931533     
   1.4000000000000000E-002  -3019155.5923080882     
   1.4333333333333333E-002  -3600417.6103045796     
   1.4666666666666666E-002  -2697297.2284817323     
   1.4999999999999999E-002   22609.806607432227     
   1.5333333333333332E-002   3519093.6084216121     
   1.5666666666666666E-002   5806837.7795243515     
   1.6000000000000000E-002   5212245.7625231380     
   1.6333333333333332E-002   1644722.0567935565     
   1.6666666666666666E-002  -3046398.3272257750     
   1.6999999999999998E-002  -6049024.0717800129     
   1.7333333333333333E-002  -5418184.3853544509     
   1.7666666666666667E-002  -1539079.0568708929     
   1.7999999999999999E-002   2955806.8576376224     
   1.8333333333333333E-002   4985987.3351249192     
   1.8666666666666665E-002   3328740.3932206230     
   1.9000000000000000E-002  -399023.68479810189     
   1.9333333333333334E-002  -3028863.5164896441     
   1.9666666666666666E-002  -2470093.4807884754     
   2.0000000000000000E-002   521357.74110375083     
   2.0333333333333332E-002   3019802.0836604200     
   2.0666666666666667E-002   2519147.1069260845     
   2.0999999999999998E-002  -826262.91850060655     
   2.1333333333333333E-002  -4275902.5143924998     
   2.1666666666666667E-002  -4801503.8187092906     
   2.1999999999999999E-002  -1606844.7130623332     
   2.2333333333333334E-002   3214415.7825941448     
   2.2666666666666665E-002   6298518.7229736680     
   2.3000000000000000E-002   5495031.2597068278     
   2.3333333333333331E-002   1304280.0994516958     
   2.3666666666666666E-002  -3633052.7170950891     
   2.4000000000000000E-002  -6405730.9915474355     
   2.4333333333333332E-002  -5651680.0821475489     
   2.4666666666666667E-002  -2178078.8237104681     
   2.4999999999999998E-002   1828221.9290228982     
   2.5333333333333333E-002   4307497.9072632026     
   2.5666666666666667E-002   4512940.3676037788     
   2.5999999999999999E-002   3160532.2230521184     
   2.6333333333333334E-002   1571500.7580869750     
   2.6666666666666665E-002   536030.11379931378     
   2.7000000000000000E-002  -188313.02474457654     
   2.7333333333333331E-002  -1354404.3573271474     
   2.7666666666666666E-002  -3191497.7685146490     
   2.8000000000000001E-002  -4889910.5570319407     
   2.8333333333333332E-002  -5193166.4400514672     
   2.8666666666666667E-002  -3573930.5744041470     
   2.8999999999999998E-002  -788678.54380447394     
   2.9333333333333333E-002   1807673.4093521356     
   2.9666666666666664E-002   3462336.2483947906     
   2.9999999999999999E-002   4421050.2616972923     
   3.0333333333333334E-002   5136474.7634406164     
   3.0666666666666665E-002   5331838.0115827713     
   3.1000000000000000E-002   4148971.3899716167     
   3.1333333333333331E-002   1278390.5051458688     
   3.1666666666666662E-002  -2277913.3559181560     
   3.2000000000000001E-002  -4804043.0542786522     
   3.2333333333333332E-002  -5287139.0618003588     
   3.2666666666666663E-002  -4193864.7278482402     
   3.3000000000000002E-002  -2837416.0574423913     
   3.3333333333333333E-002  -2023260.8174137985     
   3.3666666666666664E-002  -1330251.8939196607     
   3.3999999999999996E-002   304526.40291859151     
   3.4333333333333334E-002   3272693.9189973371     
   3.4666666666666665E-002   6465041.8396377545     
   3.4999999999999996E-002   7720381.8477938902     
   3.5333333333333335E-002   5330791.6201125849     
   3.5666666666666666E-002  -443183.18112255470     
   3.5999999999999997E-002  -6994179.8401440978     
   3.6333333333333336E-002  -10608301.446098549     
   3.6666666666666667E-002  -8749308.1457455810     
   3.6999999999999998E-002  -1971699.3798002934     
   3.7333333333333329E-002   5979772.9675112013     
   3.7666666666666668E-002   10308385.245102046     
   3.7999999999999999E-002   8366280.2559108669     
   3.8333333333333330E-002   1671906.8712172182     
   3.8666666666666669E-002  -4988690.7410225086     
   3.9000000000000000E-002  -7026913.0242845006     
   3.9333333333333331E-002  -3550467.1265478684     
   3.9666666666666663E-002   1968412.1702307460     
   4.0000000000000001E-002   4573337.2449530372     
