   3.3333331843217230E-006   26.741784682581880     
   3.2999999269843104E-004   26.807404665106972     
   6.6333331858118379E-004   27.045972415756509     
   9.9666664446393643E-004   27.396537872951285     
   1.3299999703466892E-003   27.756937900804608     
   1.6633332962294419E-003   28.022353045258871     
   1.9966666221121949E-003   28.125194270030420     
   2.3299999479949474E-003   28.060222980488145     
   2.6633332738777004E-003   27.883992960612566     
   2.9966665997604534E-003   27.688458558245696     
   3.3299999256432059E-003   27.559835208005168     
   3.6633332515259584E-003   27.540518558075139     
   3.9966665774087114E-003   27.610904110494772     
   4.3299999032914644E-003   27.699491961419543     
   4.6633332291742165E-003   27.717278777615387     
   4.9966665550569694E-003   27.601553573989165     
   5.3299998809397224E-003   27.349696998865870     
   5.6633332068224754E-003   27.027555625975385     
   5.9966665327052283E-003   26.747800935369462     
   6.3299998585879804E-003   26.626707033876567     
   6.6633331844707334E-003   26.737312202653552     
   6.9966665103534864E-003   27.078795285906509     
   7.3299998362362385E-003   27.575265164954509     
   7.6633331621189914E-003   28.104878903977749     
   7.9966664880017444E-003   28.547528500463354     
   8.3299998138844974E-003   28.831630668039018     
   8.6633331397672503E-003   28.960989882059064     
   8.9966664656500033E-003   29.010965358342347     
   9.3299997915327545E-003   29.095685722607751     
   9.6633331174155075E-003   29.319596188548001     
   9.9966664432982605E-003   29.732546253048561     
   1.0329999769181013E-002   30.305752057692416     
   1.0663333095063766E-002   30.937356096768568     
   1.0996666420946519E-002   31.484657106468330     
   1.1329999746829272E-002   31.810098807284209     
   1.1663333072712025E-002   31.823565055775422     
   1.1996666398594778E-002   31.505857242334535     
   1.2329999724477530E-002   30.906115921361469     
   1.2663333050360282E-002   30.116058516179841     
   1.2996666376243035E-002   29.232317355821795     
   1.3329999702125788E-002   28.321897035875381     
   1.3663333028008541E-002   27.961853310592968     
   1.3996666353891294E-002   27.609710418400262     
   1.4329999679774047E-002   27.301992985561125     
   1.4663333005656799E-002   27.077774507005611     
   1.4996666331539552E-002   26.975470202940027     
   1.5329999657422304E-002   27.031908728038175     
   1.5663332983305057E-002   27.277794711298419     
   1.5996666309187810E-002   27.730643228541762     
   1.6329999635070563E-002   28.387135644731408     
   1.6663332960953316E-002   29.217189245476508     
   1.6996666286836069E-002   30.161809454117929     
   1.7329999612718822E-002   31.136074809503732     
   1.7663332938601575E-002   32.037554348036480     
   1.7996666264484328E-002   32.759294946922438     
   1.8329999590367081E-002   33.205478527467733     
   1.8663332916249831E-002   33.307144753452391     
   1.8996666242132584E-002   33.035148934411502     
   1.9329999568015337E-002   32.407832738450871     
   1.9663332893898090E-002   31.491683367573170     
   1.9996666219780843E-002   30.394409982061941     
   2.0329999545663596E-002   29.251171832890698     
   2.0663332871546349E-002   28.205916778752830     
   2.0996666197429101E-002   27.390708074187444     
   2.1329999523311854E-002   26.906358790114165     
   2.1663332849194607E-002   26.807566775673315     
   2.1996666175077360E-002   27.095058365655234     
   2.2329999500960113E-002   27.716115371801276     
   2.2663332826842866E-002   28.573468209607242     
   2.2996666152725619E-002   29.541128198722241     
   2.3329999478608372E-002   30.484551147012819     
   2.3663332804491125E-002   31.281782696331170     
   2.3996666130373878E-002   31.842069444381114     
   2.4329999456256628E-002   32.118864512732650     
   2.4663332782139381E-002   32.115139887134347     
   2.4996666108022134E-002   31.880271159241552     
   2.5329999433904887E-002   31.499244936597425     
   2.5663332759787640E-002   31.076288985726386     
   2.5996666085670393E-002   30.715993072060034     
   2.6329999411553145E-002   30.505391303516319     
   2.6663332737435898E-002   30.500230113538176     
   2.6996666063318651E-002   30.811905508096725     
   2.7329999389201404E-002   31.221633958705613     
   2.7663332715084157E-002   31.685840643155828     
   2.7996666040966910E-002   32.191887288508731     
   2.8329999366849663E-002   32.757303871348689     
   2.8663332692732416E-002   33.418678954171043     
   2.8996666018615169E-002   34.212033530556440     
   2.9329999344497919E-002   35.150518652570184     
   2.9663332670380672E-002   36.206451652718890     
   2.9996665996263425E-002   37.303984256244526     
   3.0329999322146178E-002   38.326114700690496     
   3.0663332648028931E-002   39.135869824551342     
   3.0996665973911684E-002   39.607268941790807     
   3.1329999299794437E-002   39.658312204317411     
   3.1663332625677193E-002   39.276771084947427     
   3.1996665951559942E-002   38.530625993468689     
   3.2329999277442692E-002   37.558560754401107     
   3.2663332603325448E-002   36.541216901110793     
   3.2996665929208198E-002   35.659565345981662     
   3.3329999255090954E-002   35.051133112553764     
   3.3663332580973704E-002   34.776476939750424     
   3.3996665906856460E-002   34.806415079539867     
   3.4329999232739210E-002   35.035274780667194     
   3.4663332558621966E-002   35.317994483320241     
   3.4996665884504716E-002   35.521361188835861     
   3.5329999210387472E-002   35.574290327482927     
   3.5663332536270222E-002   35.500813036295511     
   3.5996665862152978E-002   35.423228364883741     
   3.6329999188035728E-002   35.531137905713166     
   3.6663332513918484E-002   36.022737941852789     
   3.6996665839801234E-002   37.034670187869871     
   3.7329999165683983E-002   38.582587450182409     
   3.7663332491566739E-002   40.533876363617779     
   3.7996665817449489E-002   42.625983558690308     
   3.8329999143332245E-002   44.530106808749551     
   3.8663332469214995E-002   45.944385783984231     
   3.8996665795097751E-002   46.688172820960325     
   3.9329999120980501E-002   46.764304108237724     
   3.9663332446863257E-002   46.362495849887139     
   3.9996665772746007E-002   45.793833947925798     
