   3.3333331843217230E-006   35.590421950064055     
   3.2999999269843104E-004   35.547147402903043     
   6.6333331858118379E-004   35.635516498682158     
   9.9666664446393643E-004   35.854664267761763     
   1.3299999703466892E-003   36.191230110265053     
   1.6633332962294419E-003   36.622271941872135     
   1.9966666221121949E-003   37.117350683521536     
   2.3299999479949474E-003   37.641994046113652     
   2.6633332738777004E-003   38.162288557850658     
   2.9966665997604534E-003   38.650018135789594     
   3.3299999256432059E-003   39.087444950304850     
   3.6633332515259584E-003   39.470621413511260     
   3.9966665774087114E-003   39.810153630770508     
   4.3299999032914644E-003   40.128702938093959     
   4.6633332291742165E-003   40.455228279359133     
   4.9966665550569694E-003   40.816923261539408     
   5.3299998809397224E-003   41.230729109270861     
   5.6633332068224754E-003   41.696854365907676     
   5.9966665327052283E-003   42.196573202458318     
   6.3299998585879804E-003   42.695559959089607     
   6.6633331844707334E-003   43.152322021289699     
   6.9966665103534864E-003   43.529437573141145     
   7.3299998362362385E-003   43.804016311723778     
   7.6633331621189914E-003   43.973720795717824     
   7.9966664880017444E-003   44.056038882852420     
   8.3299998138844974E-003   44.080898211834501     
   8.6633331397672503E-003   44.079247269504776     
   8.9966664656500033E-003   44.071820690506264     
   9.3299997915327545E-003   44.062230308184482     
   9.6633331174155075E-003   44.036772245978426     
   9.9966664432982605E-003   43.970664985265500     
   1.0329999769181013E-002   43.837992526003887     
   1.0663333095063766E-002   43.621432052607702     
   1.0996666420946519E-002   43.318296334858552     
   1.1329999746829272E-002   42.941167575444993     
   1.1663333072712025E-002   42.513578781162337     
   1.1996666398594778E-002   42.062886202186796     
   1.2329999724477530E-002   41.613098729405486     
   1.2663333050360282E-002   41.179947942153504     
   1.2996666376243035E-002   40.769298962238288     
   1.3329999702125788E-002   40.378699836774793     
   1.3663333028008541E-002   40.000932036639909     
   1.3996666353891294E-002   39.628083524867044     
   1.4329999679774047E-002   39.254873123569801     
   1.4663333005656799E-002   38.880490167127149     
   1.4996666331539552E-002   38.508814334425431     
   1.5329999657422304E-002   38.147346901130426     
   1.5663332983305057E-002   37.805424004548392     
   1.5996666309187810E-002   37.492301984393116     
   1.6329999635070563E-002   37.215572589422251     
   1.6663332960953316E-002   36.980167510226288     
   1.6996666286836069E-002   36.788018823329914     
   1.7329999612718822E-002   36.638297334006545     
   1.7663332938601575E-002   36.528068572935382     
   1.7996666264484328E-002   36.453179831480625     
   1.8329999590367081E-002   36.409204329433749     
   1.8663332916249831E-002   36.392301925776231     
   1.8996666242132584E-002   36.399894869506255     
   1.9329999568015337E-002   36.431092922495779     
   1.9663332893898090E-002   36.486831515792481     
   1.9996666219780843E-002   36.569710656922560     
   2.0329999545663596E-002   36.683545015831669     
   2.0663332871546349E-002   36.832661663705082     
   2.0996666197429101E-002   37.021014771807742     
   2.1329999523311854E-002   37.251226412065861     
   2.1663332849194607E-002   37.523704590986711     
   2.1996666175077360E-002   37.836022747680097     
   2.2329999500960113E-002   38.182752353911098     
   2.2663332826842866E-002   38.555902527793926     
   2.2996666152725619E-002   38.946022197731068     
   2.3329999478608372E-002   39.343859412510135     
   2.3663332804491125E-002   39.742270971922061     
   2.3996666130373878E-002   40.137886029338020     
   2.4329999456256628E-002   40.531928033643027     
   2.4663332782139381E-002   40.929674153561514     
   2.4996666108022134E-002   41.338332681035261     
   2.5329999433904887E-002   41.763624561599777     
   2.5663332759787640E-002   42.205938338159264     
   2.5996666085670393E-002   42.657366821054730     
   2.6329999411553145E-002   43.100978923955353     
   2.6663332737435898E-002   43.513168827030647     
   2.6996666063318651E-002   43.868902720038591     
   2.7329999389201404E-002   44.148462058008356     
   2.7663332715084157E-002   44.343369567204093     
   2.7996666040966910E-002   44.459081504266621     
   2.8329999366849663E-002   44.512966077868882     
   2.8663332692732416E-002   44.527831153577537     
   2.8996666018615169E-002   44.523140589936936     
   2.9329999344497919E-002   44.507220689472391     
   2.9663332670380672E-002   44.473595986702520     
   2.9996665996263425E-002   44.403072492807560     
   3.0329999322146178E-002   44.270914332645795     
   3.0663332648028931E-002   44.056418928958877     
   3.0996665973911684E-002   43.751272610077457     
   3.1329999299794437E-002   43.363629195808358     
   3.1663332625677193E-002   42.916593625346913     
   3.1996665951559942E-002   42.441918795896846     
   3.2329999277442692E-002   41.971357065270048     
   3.2663332603325448E-002   41.528675467161435     
   3.2996665929208198E-002   41.124778138962938     
   3.3329999255090954E-002   40.757062086140472     
   3.3663332580973704E-002   40.412656022872845     
   3.3996665906856460E-002   40.074086965507135     
   3.4329999232739210E-002   39.725468912483535     
   3.4663332558621966E-002   39.357507340485668     
   3.4996665884504716E-002   38.970247323990861     
   3.5329999210387472E-002   38.573268583975008     
   3.5663332536270222E-002   38.183695052842971     
   3.5996665862152978E-002   37.822794336278463     
   3.6329999188035728E-002   37.512065003064102     
   3.6663332513918484E-002   37.269603849204721     
   3.6996665839801234E-002   37.107307925290023     
   3.7329999165683983E-002   37.029193308176616     
   3.7663332491566739E-002   37.030874913538568     
   3.7996665817449489E-002   37.100085789621815     
   3.8329999143332245E-002   37.218026870549004     
   3.8663332469214995E-002   37.361315187323477     
   3.8996665795097751E-002   37.504316194276598     
   3.9329999120980501E-002   37.621678920767344     
   3.9663332446863257E-002   37.690920038812948     
   3.9996665772746007E-002   37.694910813212651     
