   3.3333331843217230E-006   40.118413993426465     
   3.2999999269843104E-004   39.198164939406766     
   6.6333331858118379E-004   37.976572115890427     
   9.9666664446393643E-004   36.624859789360173     
   1.3299999703466892E-003   35.333952218197993     
   1.6633332962294419E-003   34.266766654895399     
   1.9966666221121949E-003   33.496183294264306     
   2.3299999479949474E-003   32.971941030374957     
   2.6633332738777004E-003   32.534601974476452     
   2.9966665997604534E-003   31.975957178598275     
   3.3299999256432059E-003   31.125223513000805     
   3.6633332515259584E-003   29.927769386066679     
   3.9966665774087114E-003   28.483797488112248     
   4.3299999032914644E-003   27.028812942689939     
   4.6633332291742165E-003   25.860342855678514     
   4.9966665550569694E-003   25.237072031446079     
   5.3299998809397224E-003   25.288285367251650     
   5.6633332068224754E-003   25.968225055833123     
   5.9966665327052283E-003   27.072827879889939     
   6.3299998585879804E-003   28.312187703022932     
   6.6633331844707334E-003   29.410726215816123     
   6.9966665103534864E-003   30.196973763931929     
   7.3299998362362385E-003   30.649873031133794     
   7.6633331621189914E-003   30.886259925554150     
   7.9966664880017444E-003   31.097250161212479     
   8.3299998138844974E-003   31.460405273988940     
   8.6633331397672503E-003   32.062453184865284     
   8.9966664656500033E-003   32.861469813435676     
   9.3299997915327545E-003   33.700808920073008     
   9.6633331174155075E-003   34.366743553285474     
   9.9966664432982605E-003   34.665794735579809     
   1.0329999769181013E-002   34.491887353279715     
   1.0663333095063766E-002   33.859280030141520     
   1.0996666420946519E-002   32.891592777487247     
   1.1329999746829272E-002   31.774128543918533     
   1.1663333072712025E-002   30.689555384818160     
   1.1996666398594778E-002   29.761462529777205     
   1.2329999724477530E-002   29.025436161942995     
   1.2663333050360282E-002   28.435734037896864     
   1.2996666376243035E-002   27.902158499542601     
   1.3329999702125788E-002   27.341311146928305     
   1.3663333028008541E-002   27.254270028010183     
   1.3996666353891294E-002   27.283267909569098     
   1.4329999679774047E-002   27.442830256842662     
   1.4663333005656799E-002   27.736319220488067     
   1.4996666331539552E-002   28.142986961401629     
   1.5329999657422304E-002   28.615164828897093     
   1.5663332983305057E-002   29.082381877466023     
   1.5996666309187810E-002   29.461949212991698     
   1.6329999635070563E-002   29.673910248842155     
   1.6663332960953316E-002   29.657185449167777     
   1.6996666286836069E-002   29.383415664688481     
   1.7329999612718822E-002   28.865449870196827     
   1.7663332938601575E-002   28.158499223052107     
   1.7996666264484328E-002   27.353443789365922     
   1.8329999590367081E-002   26.563324292830625     
   1.8663332916249831E-002   25.905372318342348     
   1.8996666242132584E-002   25.481779535841746     
   1.9329999568015337E-002   25.362631931387785     
   1.9663332893898090E-002   25.574015133044895     
   1.9996666219780843E-002   26.093330986298568     
   2.0329999545663596E-002   26.852551541771689     
   2.0663332871546349E-002   27.748729571218650     
   2.0996666197429101E-002   28.659846184507352     
   2.1329999523311854E-002   29.463224880008713     
   2.1663332849194607E-002   30.053414639115335     
   2.1996666175077360E-002   30.356676624467834     
   2.2329999500960113E-002   30.339929768794320     
   2.2663332826842866E-002   30.013064662665204     
   2.2996666152725619E-002   29.424715221587210     
   2.3329999478608372E-002   28.652665261853976     
   2.3663332804491125E-002   27.790873702643864     
   2.3996666130373878E-002   26.935501444036046     
   2.4329999456256628E-002   26.172270566214337     
   2.4663332782139381E-002   25.567022824461471     
   2.4996666108022134E-002   25.160582610644244     
   2.5329999433904887E-002   24.968130848898042     
   2.5663332759787640E-002   24.982438352285882     
   2.5996666085670393E-002   25.179651265840658     
   2.6329999411553145E-002   25.525983975332014     
   2.6663332737435898E-002   25.983708899596387     
   2.6996666063318651E-002   26.589490360166138     
   2.7329999389201404E-002   27.225823164358221     
   2.7663332715084157E-002   27.896907830841187     
   2.7996666040966910E-002   28.593140994430406     
   2.8329999366849663E-002   29.285071365712785     
   2.8663332692732416E-002   29.926038960519872     
   2.8996666018615169E-002   30.461967380307279     
   2.9329999344497919E-002   30.845526731778513     
   2.9663332670380672E-002   31.050400509749270     
   2.9996665996263425E-002   31.081086887048553     
   3.0329999322146178E-002   30.974715183333178     
   3.0663332648028931E-002   30.793555078121372     
   3.0996665973911684E-002   30.609675944233711     
   3.1329999299794437E-002   30.485785291186634     
   3.1663332625677193E-002   30.457831355596998     
   3.1996665951559942E-002   30.524913725793432     
   3.2329999277442692E-002   30.650254997620404     
   3.2663332603325448E-002   30.773820311975339     
   3.2996665929208198E-002   30.833479965119071     
   3.3329999255090954E-002   30.788511911139167     
   3.3663332580973704E-002   30.637805460184179     
   3.3996665906856460E-002   30.426028324073453     
   3.4329999232739210E-002   30.234263589276829     
   3.4663332558621966E-002   30.156455639364260     
   3.4996665884504716E-002   30.268040633297577     
   3.5329999210387472E-002   30.596723845111939     
   3.5663332536270222E-002   31.106080502413633     
   3.5996665862152978E-002   31.699813598435863     
   3.6329999188035728E-002   32.248499655294893     
   3.6663332513918484E-002   32.633019246133365     
   3.6996665839801234E-002   32.791940662245402     
   3.7329999165683983E-002   32.756405741725771     
   3.7663332491566739E-002   32.657413231892541     
   3.7996665817449489E-002   32.697274913401088     
   3.8329999143332245E-002   33.088099166365673     
   3.8663332469214995E-002   33.972415091907550     
   3.8996665795097751E-002   35.350483728625100     
   3.9329999120980501E-002   37.041632657913333     
   3.9663332446863257E-002   38.700795880967348     
   3.9996665772746007E-002   39.896642693132193     
