   3.3333331843217230E-006   30.816183916379806     
   3.2999999269843104E-004   30.901504409549517     
   6.6333331858118379E-004   31.124297383668502     
   9.9666664446393643E-004   31.455060374264402     
   1.3299999703466892E-003   31.840252906476689     
   1.6633332962294419E-003   32.215972894313474     
   1.9966666221121949E-003   32.524874037002050     
   2.3299999479949474E-003   32.730714014855089     
   2.6633332738777004E-003   32.826019083074286     
   2.9966665997604534E-003   32.830688324024955     
   3.3299999256432059E-003   32.782439369361612     
   3.6633332515259584E-003   32.722704159478909     
   3.9966665774087114E-003   32.682946241361712     
   4.3299999032914644E-003   32.675929078473793     
   4.6633332291742165E-003   32.694437926740221     
   4.9966665550569694E-003   32.717150703987613     
   5.3299998809397224E-003   32.718833073630400     
   5.6633332068224754E-003   32.680713316156016     
   5.9966665327052283E-003   32.597190850317077     
   6.3299998585879804E-003   32.476732950655006     
   6.6633331844707334E-003   32.337184101020625     
   6.9966665103534864E-003   32.197811023024798     
   7.3299998362362385E-003   32.071459251449959     
   7.6633331621189914E-003   31.959881940117942     
   7.9966664880017444E-003   31.853840647164049     
   8.3299998138844974E-003   31.737613382217869     
   8.6633331397672503E-003   31.595862102139385     
   8.9966664656500033E-003   31.420027306341989     
   9.3299997915327545E-003   31.211760218189038     
   9.6633331174155075E-003   30.982160062387958     
   9.9966664432982605E-003   30.747218781740006     
   1.0329999769181013E-002   30.521258000426140     
   1.0663333095063766E-002   30.310791058076280     
   1.0996666420946519E-002   30.110984539038615     
   1.1329999746829272E-002   29.905897424203470     
   1.1663333072712025E-002   29.672353557855981     
   1.1996666398594778E-002   29.386135938488081     
   1.2329999724477530E-002   29.028553476414558     
   1.2663333050360282E-002   28.591473139832114     
   1.2996666376243035E-002   28.079538512532253     
   1.3329999702125788E-002   27.509236356446383     
   1.3663333028008541E-002   27.367611751329246     
   1.3996666353891294E-002   27.223157339673460     
   1.4329999679774047E-002   27.086065909212518     
   1.4663333005656799E-002   26.967894413751907     
   1.4996666331539552E-002   26.876101483187469     
   1.5329999657422304E-002   26.813948883659375     
   1.5663332983305057E-002   26.780983083542658     
   1.5996666309187810E-002   26.773905994353690     
   1.6329999635070563E-002   26.787634364680347     
   1.6663332960953316E-002   26.816366235106866     
   1.6996666286836069E-002   26.854510754129297     
   1.7329999612718822E-002   26.897385249097681     
   1.7663332938601575E-002   26.941632773590424     
   1.7996666264484328E-002   26.985358270033107     
   1.8329999590367081E-002   27.028017841499302     
   1.8663332916249831E-002   27.070121155919352     
   1.8996666242132584E-002   27.112821062129246     
   1.9329999568015337E-002   27.157467692913013     
   1.9663332893898090E-002   27.205198166572771     
   1.9996666219780843E-002   27.256619527723554     
   2.0329999545663596E-002   27.311624115614624     
   2.0663332871546349E-002   27.369355502154669     
   2.0996666197429101E-002   27.428321796963903     
   2.1329999523311854E-002   27.486633559061133     
   2.1663332849194607E-002   27.542327565916871     
   2.1996666175077360E-002   27.593726664068235     
   2.2329999500960113E-002   27.639780793338328     
   2.2663332826842866E-002   27.680335455417296     
   2.2996666152725619E-002   27.716281264726355     
   2.3329999478608372E-002   27.749551129544944     
   2.3663332804491125E-002   27.782948950483561     
   2.3996666130373878E-002   27.819813993888612     
   2.4329999456256628E-002   27.863546516979625     
   2.4663332782139381E-002   27.917040819802146     
   2.4996666108022134E-002   27.982089610015414     
   2.5329999433904887E-002   28.058836313762061     
   2.5663332759787640E-002   28.145357762738399     
   2.5996666085670393E-002   28.237456771938529     
   2.6329999411553145E-002   28.328731146531201     
   2.6663332737435898E-002   28.410961939268450     
   2.6996666063318651E-002   28.652347687025799     
   2.7329999389201404E-002   28.881584232214109     
   2.7663332715084157E-002   29.084126417799364     
   2.7996666040966910E-002   29.251245038203553     
   2.8329999366849663E-002   29.379691051214696     
   2.8663332692732416E-002   29.472167189707502     
   2.8996666018615169E-002   29.536720961850875     
   2.9329999344497919E-002   29.585095725126031     
   2.9663332670380672E-002   29.630313096614501     
   2.9996665996263425E-002   29.683961451784295     
   3.0329999322146178E-002   29.753778069608856     
   3.0663332648028931E-002   29.842097369972922     
   3.0996665973911684E-002   29.945581858202573     
   3.1329999299794437E-002   30.056376629990449     
   3.1663332625677193E-002   30.164486607864255     
   3.1996665951559942E-002   30.260846336802608     
   3.2329999277442692E-002   30.340321092438263     
   3.2663332603325448E-002   30.403817801361967     
   3.2996665929208198E-002   30.458833264912570     
   3.3329999255090954E-002   30.518114711748300     
   3.3663332580973704E-002   30.596589457354064     
   3.3996665906856460E-002   30.707227268153279     
   3.4329999232739210E-002   30.856898738956453     
   3.4663332558621966E-002   31.043461538097546     
   3.4996665884504716E-002   31.255161632966022     
   3.5329999210387472E-002   31.472966527852812     
   3.5663332536270222E-002   31.675724440162423     
   3.5996665862152978E-002   31.847218519827450     
   3.6329999188035728E-002   31.983462288951735     
   3.6663332513918484E-002   32.098172876828272     
   3.6996665839801234E-002   32.224427974503236     
   3.7329999165683983E-002   32.411130025196073     
   3.7663332491566739E-002   32.714005888323619     
   3.7996665817449489E-002   33.182264162737930     
   3.8329999143332245E-002   33.843408153120059     
   3.8663332469214995E-002   34.689702785728478     
   3.8996665795097751E-002   35.670093333539882     
   3.9329999120980501E-002   36.690766951420429     
   3.9663332446863257E-002   37.626021126384927     
   3.9996665772746007E-002   38.338871326751025     
