   3.3333331843217230E-006   33.066415568683404     
   3.2999999269843104E-004   32.757193085454304     
   6.6333331858118379E-004   32.506258080108204     
   9.9666664446393643E-004   32.333727320896216     
   1.3299999703466892E-003   32.240092793806973     
   1.6633332962294419E-003   32.212586547880719     
   1.9966666221121949E-003   32.226755337433843     
   2.3299999479949474E-003   32.250242579243640     
   2.6633332738777004E-003   32.248548184881237     
   2.9966665997604534E-003   32.192019799248882     
   3.3299999256432059E-003   32.062808643205038     
   3.6633332515259584E-003   31.860159669764585     
   3.9966665774087114E-003   31.602383862486359     
   4.3299999032914644E-003   31.324329298927115     
   4.6633332291742165E-003   31.070160326669200     
   4.9966665550569694E-003   30.882616064504941     
   5.3299998809397224E-003   30.791284917487754     
   5.6633332068224754E-003   30.803291337827250     
   5.9966665327052283E-003   30.899659784689245     
   6.3299998585879804E-003   31.039269939407077     
   6.6633331844707334E-003   31.169972435968646     
   6.9966665103534864E-003   31.243819134014824     
   7.3299998362362385E-003   31.231501216217801     
   7.6633331621189914E-003   31.130896417836404     
   7.9966664880017444E-003   30.966439514461676     
   8.3299998138844974E-003   30.779326853941189     
   8.6633331397672503E-003   30.612078926275093     
   8.9966664656500033E-003   30.493218532803773     
   9.3299997915327545E-003   30.427755940433343     
   9.6633331174155075E-003   30.396790651148635     
   9.9966664432982605E-003   30.365876872548696     
   1.0329999769181013E-002   30.298454719889637     
   1.0663333095063766E-002   30.169013400864372     
   1.0996666420946519E-002   29.971270441562375     
   1.1329999746829272E-002   29.719035669288221     
   1.1663333072712025E-002   29.440394077777217     
   1.1996666398594778E-002   29.168125148475877     
   1.2329999724477530E-002   28.930103360777778     
   1.2663333050360282E-002   28.742752697071126     
   1.2996666376243035E-002   28.609014170225912     
   1.3329999702125788E-002   28.520523837771741     
   1.3663333028008541E-002   28.462445652765091     
   1.3996666353891294E-002   28.418959046490102     
   1.4329999679774047E-002   28.377696623954737     
   1.4663333005656799E-002   28.332160290287661     
   1.4996666331539552E-002   28.281958897610227     
   1.5329999657422304E-002   28.231337988441485     
   1.5663332983305057E-002   28.186789728180020     
   1.5996666309187810E-002   28.154550030089002     
   1.6329999635070563E-002   28.138603129144620     
   1.6663332960953316E-002   28.139537569539144     
   1.6996666286836069E-002   28.154328702463570     
   1.7329999612718822E-002   28.176919944153219     
   1.7663332938601575E-002   28.199358412429465     
   1.7996666264484328E-002   28.213202656784702     
   1.8329999590367081E-002   28.210939377941710     
   1.8663332916249831E-002   28.187197731975775     
   1.8996666242132584E-002   28.139613528937900     
   1.9329999568015337E-002   28.069257868494610     
   1.9663332893898090E-002   27.980599112246669     
   1.9996666219780843E-002   27.881012834693529     
   2.0329999545663596E-002   27.779894346646117     
   2.0663332871546349E-002   27.687466652110970     
   2.0996666197429101E-002   27.613416326271793     
   2.1329999523311854E-002   27.565530439359435     
   2.1663332849194607E-002   27.548543516544459     
   2.1996666175077360E-002   27.563422314362430     
   2.2329999500960113E-002   27.607300007197210     
   2.2663332826842866E-002   27.674200813695634     
   2.2996666152725619E-002   27.756558196521055     
   2.3329999478608372E-002   27.847329009152386     
   2.3663332804491125E-002   27.942275086204525     
   2.3996666130373878E-002   28.041788696751247     
   2.4329999456256628E-002   28.151569809184139     
   2.4663332782139381E-002   28.281610197056239     
   2.4996666108022134E-002   28.443345572786068     
   2.5329999433904887E-002   28.645452942502814     
   2.5663332759787640E-002   28.889427718109591     
   2.5996666085670393E-002   29.166508472628188     
   2.6329999411553145E-002   29.457451464243551     
   2.6663332737435898E-002   29.735943206767125     
   2.6996666063318651E-002   29.975184227335660     
   2.7329999389201404E-002   30.155786877505907     
   2.7663332715084157E-002   30.272204430717697     
   2.7996666040966910E-002   30.334989847426538     
   2.8329999366849663E-002   30.367455438362725     
   2.8663332692732416E-002   30.397410855950927     
   2.8996666018615169E-002   30.446763162117247     
   2.9329999344497919E-002   30.522904399178579     
   2.9663332670380672E-002   30.615367023182820     
   2.9996665996263425E-002   30.699270760743254     
   3.0329999322146178E-002   30.744407906227714     
   3.0663332648028931E-002   30.726572553170310     
   3.0996665973911684E-002   30.636897818411189     
   3.1329999299794437E-002   30.485842584516224     
   3.1663332625677193E-002   30.300616037451906     
   3.1996665951559942E-002   30.117283660309123     
   3.2329999277442692E-002   29.970566193709061     
   3.2663332603325448E-002   29.884827146333826     
   3.2996665929208198E-002   29.868941299199836     
   3.3329999255090954E-002   29.916137203469269     
   3.3663332580973704E-002   30.008207360039776     
   3.3996665906856460E-002   30.122271550498048     
   3.4329999232739210E-002   30.237851665689032     
   3.4663332558621966E-002   30.342329947712727     
   3.4996665884504716E-002   30.433647805980083     
   3.5329999210387472E-002   30.520016104242639     
   3.5663332536270222E-002   30.617165393082416     
   3.5996665862152978E-002   30.744110053511356     
   3.6329999188035728E-002   30.918511362843006     
   3.6663332513918484E-002   31.152573757345134     
   3.6996665839801234E-002   31.450110579172037     
   3.7329999165683983E-002   31.805081337050773     
   3.7663332491566739E-002   32.201612398122684     
   3.7996665817449489E-002   32.615308661991435     
   3.8329999143332245E-002   33.015552864628042     
   3.8663332469214995E-002   33.368456662723929     
   3.8996665795097751E-002   33.640147432123086     
   3.9329999120980501E-002   33.800118803981945     
   3.9663332446863257E-002   33.824417463501938     
   3.9996665772746007E-002   33.698467050759682     
