   3.3333331843217230E-006   35.776376121551309     
   3.2999999269843104E-004   35.853288850214184     
   6.6333331858118379E-004   36.084225566284502     
   9.9666664446393643E-004   36.430100395900418     
   1.3299999703466892E-003   36.815284022996380     
   1.6633332962294419E-003   37.152718974281086     
   1.9966666221121949E-003   37.372648426974933     
   2.3299999479949474E-003   37.444649818148861     
   2.6633332738777004E-003   37.385092011395678     
   2.9966665997604534E-003   37.247673108691309     
   3.3299999256432059E-003   37.101186635249981     
   3.6633332515259584E-003   37.003497676082020     
   3.9966665774087114E-003   36.981927960250879     
   4.3299999032914644E-003   37.027371441365233     
   4.6633332291742165E-003   37.103703066106078     
   4.9966665550569694E-003   37.167800193876324     
   5.3299998809397224E-003   37.191337913129338     
   5.6633332068224754E-003   37.175109794234302     
   5.9966665327052283E-003   37.150039950004249     
   6.3299998585879804E-003   37.164778656387128     
   6.6633331844707334E-003   37.265382416060099     
   6.9966665103534864E-003   37.475760322285666     
   7.3299998362362385E-003   37.787086989450771     
   7.6633331621189914E-003   38.160550590217291     
   7.9966664880017444E-003   38.542292942491741     
   8.3299998138844974E-003   38.884492957803786     
   8.6633331397672503E-003   39.164187870912592     
   8.9966664656500033E-003   39.392451474926624     
   9.3299997915327545E-003   39.610406613786502     
   9.6633331174155075E-003   39.873612109594859     
   9.9966664432982605E-003   40.230635457094259     
   1.0329999769181013E-002   40.703540698007970     
   1.0663333095063766E-002   41.277027743203028     
   1.0996666420946519E-002   41.899628584699805     
   1.1329999746829272E-002   42.496083704881485     
   1.1663333072712025E-002   42.986391362622591     
   1.1996666398594778E-002   43.305248801634100     
   1.2329999724477530E-002   43.416101131644602     
   1.2663333050360282E-002   43.316348334229133     
   1.2996666376243035E-002   43.033418576416352     
   1.3329999702125788E-002   42.614237233788096     
   1.3663333028008541E-002   43.296083086747856     
   1.3996666353891294E-002   43.826381732603018     
   1.4329999679774047E-002   44.207809592110863     
   1.4663333005656799E-002   44.460492928405493     
   1.4996666331539552E-002   44.609643459529352     
   1.5329999657422304E-002   44.684762742896410     
   1.5663332983305057E-002   44.717559219243391     
   1.5996666309187810E-002   44.738688131815692     
   1.6329999635070563E-002   44.773865251058851     
   1.6663332960953316E-002   44.840199847086858     
   1.6996666286836069E-002   44.943665400698769     
   1.7329999612718822E-002   45.078455304206727     
   1.7663332938601575E-002   45.228589859620733     
   1.7996666264484328E-002   45.371635447348432     
   1.8329999590367081E-002   45.483884736196970     
   1.8663332916249831E-002   45.545952905700844     
   1.8996666242132584E-002   45.547571699171186     
   1.9329999568015337E-002   45.490466121294126     
   1.9663332893898090E-002   45.388570324424208     
   1.9996666219780843E-002   45.265407832576976     
   2.0329999545663596E-002   45.149103994808009     
   2.0663332871546349E-002   45.066068278371738     
   2.0996666197429101E-002   45.034742842686967     
   2.1329999523311854E-002   45.060866479897662     
   2.1663332849194607E-002   45.135421497328053     
   2.1996666175077360E-002   45.235864673525967     
   2.2329999500960113E-002   45.330510362335758     
   2.2663332826842866E-002   45.385196702815350     
   2.2996666152725619E-002   45.370795189865795     
   2.3329999478608372E-002   45.269858469993508     
   2.3663332804491125E-002   45.080815096728678     
   2.3996666130373878E-002   44.818602908754748     
   2.4329999456256628E-002   44.511390144254186     
   2.4663332782139381E-002   44.193905730515539     
   2.4996666108022134E-002   43.898697073885089     
   2.5329999433904887E-002   43.647176013291713     
   2.5663332759787640E-002   43.442473273131142     
   2.5996666085670393E-002   43.265850341504148     
   2.6329999411553145E-002   43.077757789349327     
   2.6663332737435898E-002   42.823705835818643     
   2.6996666063318651E-002   43.020959068839822     
   2.7329999389201404E-002   43.098500545617540     
   2.7663332715084157E-002   43.018243506986607     
   2.7996666040966910E-002   42.772226651244523     
   2.8329999366849663E-002   42.376449062754560     
   2.8663332692732416E-002   41.865710675382580     
   2.8996666018615169E-002   41.285157584284839     
   2.9329999344497919E-002   40.680543423560039     
   2.9663332670380672E-002   40.089509208290195     
   2.9996665996263425E-002   39.535920013383752     
   3.0329999322146178E-002   39.028510127533892     
   3.0663332648028931E-002   38.563949224723899     
   3.0996665973911684E-002   38.133228788148607     
   3.1329999299794437E-002   37.729303497309701     
   3.1663332625677193E-002   37.353491252729384     
   3.1996665951559942E-002   37.018401423282462     
   3.2329999277442692E-002   36.746106579605865     
   3.2663332603325448E-002   36.561684922011381     
   3.2996665929208198E-002   36.483767574907908     
   3.3329999255090954E-002   36.514887100165993     
   3.3663332580973704E-002   36.634853426026019     
   3.3996665906856460E-002   36.799866840571561     
   3.4329999232739210E-002   36.948659945397480     
   3.4663332558621966E-002   37.014965454773098     
   3.4996665884504716E-002   36.943575079593174     
   3.5329999210387472E-002   36.705807085748269     
   3.5663332536270222E-002   36.309856773847436     
   3.5996665862152978E-002   35.802510177433696     
   3.6329999188035728E-002   35.260912180952253     
   3.6663332513918484E-002   34.775952868617267     
   3.6996665839801234E-002   34.431543955450046     
   3.7329999165683983E-002   34.285714070308941     
   3.7663332491566739E-002   34.359386927721360     
   3.7996665817449489E-002   34.636715374278516     
   3.8329999143332245E-002   35.077326623642641     
   3.8663332469214995E-002   35.636757375024736     
   3.8996665795097751E-002   36.288028325838049     
   3.9329999120980501E-002   37.035990342378426     
   3.9663332446863257E-002   37.917558423344417     
   3.9996665772746007E-002   38.985196009616701     
