   3.3333331843217230E-006   43.646109063818251     
   3.2999999269843104E-004   43.711984857111432     
   6.6333331858118379E-004   43.955473955403448     
   9.9666664446393643E-004   44.343370479520139     
   1.3299999703466892E-003   44.812108813503883     
   1.6633332962294419E-003   45.283528383253973     
   1.9966666221121949E-003   45.683854669929538     
   2.3299999479949474E-003   45.960842513481523     
   2.6633332738777004E-003   46.094150907101117     
   2.9966665997604534E-003   46.096233622086935     
   3.3299999256432059E-003   46.004096769956874     
   3.6633332515259584E-003   45.865127339419622     
   3.9966665774087114E-003   45.721860418339467     
   4.3299999032914644E-003   45.600499215672905     
   4.6633332291742165E-003   45.506335017430715     
   4.9966665550569694E-003   45.426611841007471     
   5.3299998809397224E-003   45.338821966557418     
   5.6633332068224754E-003   45.220807341630412     
   5.9966665327052283E-003   45.058874786389204     
   6.3299998585879804E-003   44.851339876312935     
   6.6633331844707334E-003   44.606923356237864     
   6.9966665103534864E-003   44.339413135964875     
   7.3299998362362385E-003   44.061232813862553     
   7.6633331621189914E-003   43.778637990800433     
   7.9966664880017444E-003   43.490280430014131     
   8.3299998138844974E-003   43.189321628732415     
   8.6633331397672503E-003   42.867802768362424     
   8.9966664656500033E-003   42.521155290369883     
   9.3299997915327545E-003   42.150830291532081     
   9.6633331174155075E-003   41.763923005724422     
   9.9966664432982605E-003   41.369958573620352     
   1.0329999769181013E-002   40.976159867079460     
   1.0663333095063766E-002   40.583105612844150     
   1.0996666420946519E-002   40.182524639841503     
   1.1329999746829272E-002   39.758170231336976     
   1.1663333072712025E-002   39.289611774202093     
   1.1996666398594778E-002   38.757783484151751     
   1.2329999724477530E-002   38.150579179698724     
   1.2663333050360282E-002   37.466827267455251     
   1.2996666376243035E-002   36.717552425316455     
   1.3329999702125788E-002   35.924292894353208     
   1.3663333028008541E-002   35.499516922018614     
   1.3996666353891294E-002   35.079688677339000     
   1.4329999679774047E-002   34.677479581180407     
   1.4663333005656799E-002   34.305510533539710     
   1.4996666331539552E-002   33.971717809101257     
   1.5329999657422304E-002   33.679359781104843     
   1.5663332983305057E-002   33.427611587978021     
   1.5996666309187810E-002   33.212557022369367     
   1.6329999635070563E-002   33.028374237801309     
   1.6663332960953316E-002   32.868527658312118     
   1.6996666286836069E-002   32.726814089567561     
   1.7329999612718822E-002   32.598157725043606     
   1.7663332938601575E-002   32.479098707307699     
   1.7996666264484328E-002   32.367966865408341     
   1.8329999590367081E-002   32.264771715694756     
   1.8663332916249831E-002   32.170869069142661     
   1.8996666242132584E-002   32.088482495193070     
   1.9329999568015337E-002   32.020164593431502     
   1.9663332893898090E-002   31.968279616941242     
   1.9996666219780843E-002   31.934577216661751     
   2.0329999545663596E-002   31.919909062062150     
   2.0663332871546349E-002   31.924118151971570     
   2.0996666197429101E-002   31.946107106015418     
   2.1329999523311854E-002   31.984068881560400     
   2.1663332849194607E-002   32.035843261217003     
   2.1996666175077360E-002   32.099346872833173     
   2.2329999500960113E-002   32.173014807949542     
   2.2663332826842866E-002   32.256188973383296     
   2.2996666152725619E-002   32.349392463760893     
   2.3329999478608372E-002   32.454440218856135     
   2.3663332804491125E-002   32.574353207733388     
   2.3996666130373878E-002   32.713065042997314     
   2.4329999456256628E-002   32.874934539552733     
   2.4663332782139381E-002   33.064103233708572     
   2.4996666108022134E-002   33.283760965811908     
   2.5329999433904887E-002   33.535402829342196     
   2.5663332759787640E-002   33.818174546281206     
   2.5996666085670393E-002   34.128408132811025     
   2.6329999411553145E-002   34.459443303966388     
   2.6663332737435898E-002   34.801810695311225     
   2.6996666063318651E-002   35.243331253238217     
   2.7329999389201404E-002   35.682239412139538     
   2.7663332715084157E-002   36.102510229548109     
   2.7996666040966910E-002   36.492345407178341     
   2.8329999366849663E-002   36.845180449649803     
   2.8663332692732416E-002   37.160781360805814     
   2.8996666018615169E-002   37.445164947936362     
   2.9329999344497919E-002   37.709252866430290     
   2.9663332670380672E-002   37.966451782103960     
   2.9996665996263425E-002   38.229625299939485     
   3.0329999322146178E-002   38.508118364174429     
   3.0663332648028931E-002   38.805551422344053     
   3.0996665973911684E-002   39.118985540789119     
   3.1329999299794437E-002   39.439775843468560     
   3.1663332625677193E-002   39.756028468969404     
   3.1996665951559942E-002   40.056143784442867     
   3.2329999277442692E-002   40.332575832543462     
   3.2663332603325448E-002   40.584771227567160     
   3.2996665929208198E-002   40.820343606811342     
   3.3329999255090954E-002   41.053907958848392     
   3.3663332580973704E-002   41.303586212593743     
   3.3996665906856460E-002   41.585875478282261     
   3.4329999232739210E-002   41.910169914520218     
   3.4663332558621966E-002   42.274564250600179     
   3.4996665884504716E-002   42.664498796005269     
   3.5329999210387472E-002   43.055275198537757     
   3.5663332536270222E-002   43.418539258009062     
   3.5996665862152978E-002   43.731674432749656     
   3.6329999188035728E-002   43.987955965593848     
   3.6663332513918484E-002   44.204597770691777     
   3.6996665839801234E-002   44.425758641907244     
   3.7329999165683983E-002   44.718313616622581     
   3.7663332491566739E-002   45.159704143191568     
   3.7996665817449489E-002   45.819204930062511     
   3.8329999143332245E-002   46.736044124093674     
   3.8663332469214995E-002   47.899437094456523     
   3.8996665795097751E-002   49.236211506973554     
   3.9329999120980501E-002   50.610945532865600     
   3.9663332446863257E-002   51.841338243348339     
   3.9996665772746007E-002   52.728176766517883     
