   3.3333331843217230E-006   42.722941484925755     
   3.2999999269843104E-004   41.265744478670634     
   6.6333331858118379E-004   39.734257626061101     
   9.9666664446393643E-004   38.235210747943661     
   1.3299999703466892E-003   36.746790415920323     
   1.6633332962294419E-003   35.199318098484326     
   1.9966666221121949E-003   33.541016716946579     
   2.3299999479949474E-003   31.790151673302198     
   2.6633332738777004E-003   30.052890762128708     
   2.9966665997604534E-003   28.500682843404554     
   3.3299999256432059E-003   27.317655064777181     
   3.6633332515259584E-003   26.640493781034547     
   3.9966665774087114E-003   26.515542900776257     
   4.3299999032914644E-003   26.889649687626626     
   4.6633332291742165E-003   27.636363075373907     
   4.9966665550569694E-003   28.604057914210284     
   5.3299998809397224E-003   29.663966958715669     
   5.6633332068224754E-003   30.737542976800373     
   5.9966665327052283E-003   31.793135417362315     
   6.3299998585879804E-003   32.816709630123782     
   6.6633331844707334E-003   33.773552950513412     
   6.9966665103534864E-003   34.582134769613070     
   7.3299998362362385E-003   35.115698507584597     
   7.6633331621189914E-003   35.234333032038911     
   7.9966664880017444E-003   34.835946968931026     
   8.3299998138844974E-003   33.905094362205730     
   8.6633331397672503E-003   32.538135387398505     
   8.9966664656500033E-003   30.931986532763176     
   9.3299997915327545E-003   29.338003953878456     
   9.6633331174155075E-003   27.996370655485297     
   9.9966664432982605E-003   27.074053509503052     
   1.0329999769181013E-002   26.627944946062950     
   1.0663333095063766E-002   26.604984980038754     
   1.0996666420946519E-002   26.876972068857057     
   1.1329999746829272E-002   27.295043091619448     
   1.1663333072712025E-002   27.742283529976021     
   1.1996666398594778E-002   28.164839024205143     
   1.2329999724477530E-002   28.571129646780708     
   1.2663333050360282E-002   29.001515418876508     
   1.2996666376243035E-002   29.482140058241171     
   1.3329999702125788E-002   29.982603769404307     
   1.3663333028008541E-002   30.917512770312971     
   1.3996666353891294E-002   31.304862758270296     
   1.4329999679774047E-002   31.049276781240433     
   1.4663333005656799E-002   30.202810019748380     
   1.4996666331539552E-002   28.946187134755480     
   1.5329999657422304E-002   27.545209157959270     
   1.5663332983305057E-002   26.287017993734715     
   1.5996666309187810E-002   25.412771775678614     
   1.6329999635070563E-002   25.063919710164932     
   1.6663332960953316E-002   25.255284716729051     
   1.6996666286836069E-002   25.880699969246692     
   1.7329999612718822E-002   26.748104442253130     
   1.7663332938601575E-002   27.633267045733273     
   1.7996666264484328E-002   28.336832259126449     
   1.8329999590367081E-002   28.729356366282985     
   1.8663332916249831E-002   28.773314176185501     
   1.8996666242132584E-002   28.518308320142427     
   1.9329999568015337E-002   28.073663893390300     
   1.9663332893898090E-002   27.568836037602452     
   1.9996666219780843E-002   27.114771924586595     
   2.0329999545663596E-002   26.777865611738548     
   2.0663332871546349E-002   26.573077762632209     
   2.0996666197429101E-002   26.475928561999240     
   2.1329999523311854E-002   26.446708768311161     
   2.1663332849194607E-002   26.456469472642645     
   2.1996666175077360E-002   26.504331462352297     
   2.2329999500960113E-002   26.619314281816557     
   2.2663332826842866E-002   26.845906743167113     
   2.2996666152725619E-002   27.218883844313130     
   2.3329999478608372E-002   27.737237383657700     
   2.3663332804491125E-002   28.347992613640940     
   2.3996666130373878E-002   28.947752919188716     
   2.4329999456256628E-002   29.403958455347389     
   2.4663332782139381E-002   29.590966826724685     
   2.4996666108022134E-002   29.430443842769090     
   2.5329999433904887E-002   28.923105325906530     
   2.5663332759787640E-002   28.160505774062543     
   2.5996666085670393E-002   27.310963338365870     
   2.6329999411553145E-002   26.581291938536832     
   2.6663332737435898E-002   26.163515949550064     
   2.6996666063318651E-002   26.332074590206147     
   2.7329999389201404E-002   26.831091431471759     
   2.7663332715084157E-002   27.594551075490745     
   2.7996666040966910E-002   28.526601816103319     
   2.8329999366849663E-002   29.517160164718504     
   2.8663332692732416E-002   30.458089563013740     
   2.8996666018615169E-002   31.254956047257174     
   2.9329999344497919E-002   31.833418935431048     
   2.9663332670380672E-002   32.141288101056155     
   2.9996665996263425E-002   32.148594218929446     
   3.0329999322146178E-002   31.848233389411241     
   3.0663332648028931E-002   31.258789759310950     
   3.0996665973911684E-002   30.429344508100016     
   3.1329999299794437E-002   29.444104246557512     
   3.1663332625677193E-002   28.423309649470557     
   3.1996665951559942E-002   27.516770307958961     
   3.2329999277442692E-002   26.887801367602666     
   3.2663332603325448E-002   26.688086829991100     
   3.2996665929208198E-002   27.027333761489395     
   3.3329999255090954E-002   27.944450843440514     
   3.3663332580973704E-002   29.388300548054776     
   3.3996665906856460E-002   31.215089852582985     
   3.4329999232739210E-002   33.206070637965311     
   3.4663332558621966E-002   35.104083485420389     
   3.4996665884504716E-002   36.661941957275552     
   3.5329999210387472E-002   37.691408259119250     
   3.5663332536270222E-002   38.100091469026715     
   3.5996665862152978E-002   37.905862028811420     
   3.6329999188035728E-002   37.224109834947583     
   3.6663332513918484E-002   36.231003221127722     
   3.6996665839801234E-002   35.113565591893177     
   3.7329999165683983E-002   34.022328114830870     
   3.7663332491566739E-002   33.042518134522275     
   3.7996665817449489E-002   32.194470279869719     
   3.8329999143332245E-002   31.464217201174872     
   3.8663332469214995E-002   30.853746807143914     
   3.8996665795097751E-002   30.430986484578675     
   3.9329999120980501E-002   30.355930917127825     
   3.9663332446863257E-002   30.863862403460427     
   3.9996665772746007E-002   32.199285507925254     
