   0.0000000000000000        132.98808876977023     
   3.3333333333333332E-004   132.89438678282457     
   6.6666666666666664E-004   132.78422008439722     
   1.0000000000000000E-003   132.94925247709511     
   1.3333333333333333E-003   133.42147054893763     
   1.6666666666666666E-003   133.91678389979924     
   2.0000000000000000E-003   134.17249285588341     
   2.3333333333333331E-003   134.26463838580705     
   2.6666666666666666E-003   134.53227204320055     
   3.0000000000000001E-003   135.20887531728894     
   3.3333333333333331E-003   136.17855642847135     
   3.6666666666666666E-003   137.10398096292673     
   4.0000000000000001E-003   137.76375150591321     
   4.3333333333333331E-003   138.24571867205015     
   4.6666666666666662E-003   138.82674311446823     
   5.0000000000000001E-003   139.69475646852271     
   5.3333333333333332E-003   140.80387090354773     
   5.6666666666666662E-003   141.98451435258170     
   6.0000000000000001E-003   143.14604873876314     
   6.3333333333333332E-003   144.31887778426884     
   6.6666666666666662E-003   145.50455625315547     
   7.0000000000000001E-003   146.58100420816629     
   7.3333333333333332E-003   147.45513110281840     
   7.6666666666666662E-003   148.27597657313251     
   8.0000000000000002E-003   149.35505970149566     
   8.3333333333333332E-003   150.83361044483274     
   8.6666666666666663E-003   152.56335371046100     
   8.9999999999999993E-003   154.38819244192402     
   9.3333333333333324E-003   156.37151103273078     
   9.6666666666666672E-003   158.58652355823961     
   1.0000000000000000E-002   160.83885463711886     
   1.0333333333333333E-002   162.83378113803025     
   1.0666666666666666E-002   164.52856449759278     
   1.0999999999999999E-002   166.07201887444938     
   1.1333333333333332E-002   167.44885883305406     
   1.1666666666666665E-002   168.44884889504587     
   1.2000000000000000E-002   169.00250548332792     
   1.2333333333333333E-002   169.31184361937071     
   1.2666666666666666E-002   169.57661512590298     
   1.2999999999999999E-002   169.76349137288605     
   1.3333333333333332E-002   169.74146698258602     
   1.3666666666666666E-002   169.52833258612986     
   1.4000000000000000E-002   169.28657670835742     
   1.4333333333333333E-002   169.11875197673365     
   1.4666666666666666E-002   168.96636589506409     
   1.4999999999999999E-002   168.72156028097012     
   1.5333333333333332E-002   168.37392195839746     
   1.5666666666666666E-002   168.00546240886206     
   1.6000000000000000E-002   167.66104079327812     
   1.6333333333333332E-002   167.27067149291994     
   1.6666666666666666E-002   166.73029790406983     
   1.6999999999999998E-002   166.05598914466867     
   1.7333333333333333E-002   165.42301728603877     
   1.7666666666666667E-002   165.00604833369010     
   1.7999999999999999E-002   164.76157329787839     
   1.8333333333333333E-002   164.39872239471336     
   1.8666666666666665E-002   163.61366137344160     
   1.9000000000000000E-002   162.36278518954384     
   1.9333333333333334E-002   160.87330400227032     
   1.9666666666666666E-002   159.37884167743900     
   2.0000000000000000E-002   157.90370884429367     
   2.0333333333333332E-002   156.36430783466912     
   2.0666666666666667E-002   154.84403765340039     
   2.0999999999999998E-002   153.65629562553494     
   2.1333333333333333E-002   153.07514957344154     
   2.1666666666666667E-002   153.05079650213787     
   2.1999999999999999E-002   153.26324988672056     
   2.2333333333333334E-002   153.45729532956543     
   2.2666666666666665E-002   153.67172711461851     
   2.3000000000000000E-002   154.12097227639700     
   2.3333333333333331E-002   154.89659491680942     
   2.3666666666666666E-002   155.83756386834455     
   2.4000000000000000E-002   156.70108140737440     
   2.4333333333333332E-002   157.43288543427437     
   2.4666666666666667E-002   158.24396064878582     
   2.4999999999999998E-002   159.41311202055130     
   2.5333333333333333E-002   161.01735878724932     
   2.5666666666666667E-002   162.86653908803518     
   2.5999999999999999E-002   164.70827473992188     
   2.6333333333333334E-002   166.47413968296090     
   2.6666666666666665E-002   168.28186351482935     
   2.7000000000000000E-002   170.20658625863786     
   2.7333333333333331E-002   172.16246887349817     
   2.7666666666666666E-002   174.11844434809760     
   2.8000000000000001E-002   176.36424854785989     
   2.8333333333333332E-002   179.36499322860249     
   2.8666666666666667E-002   183.29947578489146     
   2.8999999999999998E-002   187.91914170155755     
   2.9333333333333333E-002   192.94911245363855     
   2.9666666666666664E-002   198.40592281708825     
   2.9999999999999999E-002   204.32742269286086     
   3.0333333333333334E-002   210.39283021865211     
   3.0666666666666665E-002   216.10811920482070     
   3.1000000000000000E-002   221.26926857179271     
   3.1333333333333331E-002   225.94880912151342     
   3.1666666666666662E-002   230.08032697734700     
   3.2000000000000001E-002   233.38551484104082     
   3.2333333333333332E-002   235.78158397771631     
   3.2666666666666663E-002   237.60922541597685     
   3.3000000000000002E-002   239.32279793316260     
   3.3333333333333333E-002   241.09523413908656     
   3.3666666666666664E-002   242.84131657413235     
   3.3999999999999996E-002   244.51399925636261     
   3.4333333333333334E-002   246.20438660143759     
   3.4666666666666665E-002   247.94007382291412     
   3.4999999999999996E-002   249.51616936701424     
   3.5333333333333335E-002   250.63846438973798     
   3.5666666666666666E-002   251.25037674051350     
   3.5999999999999997E-002   251.67018415730581     
   3.6333333333333336E-002   252.34383636005583     
   3.6666666666666667E-002   253.42256783731716     
   3.6999999999999998E-002   254.59168010580879     
   3.7333333333333329E-002   255.36483304701446     
   3.7666666666666668E-002   255.58267702967080     
   3.7999999999999999E-002   255.59256645934889     
   3.8333333333333330E-002   255.87799054560776     
   3.8666666666666669E-002   256.51647450393648     
   3.9000000000000000E-002   257.09002354973279     
   3.9333333333333331E-002   257.18305943226414     
   3.9666666666666663E-002   256.88883895575816     
   4.0000000000000001E-002   256.69754596685647     
