   3.3333331843217230E-006   30.485218999748948     
   3.2999999269843104E-004   30.580299876597110     
   6.6333331858118379E-004   30.810196615158087     
   9.9666664446393643E-004   31.145731895606993     
   1.3299999703466892E-003   31.534492198843147     
   1.6633332962294419E-003   31.914003783245306     
   1.9966666221121949E-003   32.228304275471594     
   2.3299999479949474E-003   32.442166758089094     
   2.6633332738777004E-003   32.548551306701839     
   2.9966665997604534E-003   32.567163119879751     
   3.3299999256432059E-003   32.535024545188307     
   3.6633332515259584E-003   32.492623903278222     
   3.9966665774087114E-003   32.470531281497259     
   4.3299999032914644E-003   32.480920151399033     
   4.6633332291742165E-003   32.516425796982247     
   4.9966665550569694E-003   32.556004489166305     
   5.3299998809397224E-003   32.574984454033171     
   5.6633332068224754E-003   32.555219251910898     
   5.9966665327052283E-003   32.491571831926471     
   6.3299998585879804E-003   32.392653153813484     
   6.6633331844707334E-003   32.276083250989110     
   6.9966665103534864E-003   32.160604275261832     
   7.3299998362362385E-003   32.058392289337128     
   7.6633331621189914E-003   31.970575780014940     
   7.9966664880017444E-003   31.887502162961688     
   8.3299998138844974E-003   31.793340919842990     
   8.6633331397672503E-003   31.672952914768505     
   8.9966664656500033E-003   31.518198795397254     
   9.3299997915327545E-003   31.331225772486157     
   9.6633331174155075E-003   31.123542497692547     
   9.9966664432982605E-003   30.911327692542979     
   1.0329999769181013E-002   30.708790875758346     
   1.0663333095063766E-002   30.522034858600392     
   1.0996666420946519E-002   30.345592582250408     
   1.1329999746829272E-002   30.162798351876106     
   1.1663333072712025E-002   29.949820413607092     
   1.1996666398594778E-002   29.682010836128622     
   1.2329999724477530E-002   29.340593586337327     
   1.2663333050360282E-002   28.917761917910344     
   1.2996666376243035E-002   28.418895325415203     
   1.3329999702125788E-002   27.861558753830597     
   1.3663333028008541E-002   27.740597326408771     
   1.3996666353891294E-002   27.612237290883574     
   1.4329999679774047E-002   27.486775074148280     
   1.4663333005656799E-002   27.375974931379332     
   1.4996666331539552E-002   27.287484517581159     
   1.5329999657422304E-002   27.224722148864533     
   1.5663332983305057E-002   27.187353432391106     
   1.5996666309187810E-002   27.172165068616064     
   1.6329999635070563E-002   27.174133585584784     
   1.6663332960953316E-002   27.187505442846586     
   1.6996666286836069E-002   27.206742768112608     
   1.7329999612718822E-002   27.227236679297807     
   1.7663332938601575E-002   27.245739699139889     
   1.7996666264484328E-002   27.260514011628374     
   1.8329999590367081E-002   27.271229051178775     
   1.8663332916249831E-002   27.278667859160411     
   1.8996666242132584E-002   27.284316110106971     
   1.9329999568015337E-002   27.289911288401342     
   1.9663332893898090E-002   27.297023665986718     
   1.9996666219780843E-002   27.306727529468155     
   2.0329999545663596E-002   27.319402845888160     
   2.0663332871546349E-002   27.334686621973276     
   2.0996666197429101E-002   27.351571894348680     
   2.1329999523311854E-002   27.368632675449295     
   2.1663332849194607E-002   27.384337058799307     
   2.1996666175077360E-002   27.397399461061603     
   2.2329999500960113E-002   27.407117592258754     
   2.2663332826842866E-002   27.413640632932434     
   2.2996666152725619E-002   27.418122153897460     
   2.3329999478608372E-002   27.422723914151028     
   2.3663332804491125E-002   27.430453719652363     
   2.3996666130373878E-002   27.444840538624288     
   2.4329999456256628E-002   27.469471279140503     
   2.4663332782139381E-002   27.507434085058900     
   2.4996666108022134E-002   27.560730642861650     
   2.5329999433904887E-002   27.629732751783418     
   2.5663332759787640E-002   27.712764321211889     
   2.5996666085670393E-002   27.805887276614616     
   2.6329999411553145E-002   27.902957244893713     
   2.6663332737435898E-002   27.995991680356607     
   2.6996666063318651E-002   28.248332902975303     
   2.7329999389201404E-002   28.489352437003589     
   2.7663332715084157E-002   28.705184439959798     
   2.7996666040966910E-002   28.887629328272308     
   2.8329999366849663E-002   29.033779773686462     
   2.8663332692732416E-002   29.146454229939540     
   2.8996666018615169E-002   29.233584474080573     
   2.9329999344497919E-002   29.306594689151197     
   2.9663332670380672E-002   29.378040722318474     
   2.9996665996263425E-002   29.458974658342662     
   3.0329999322146178E-002   29.556609128700870     
   3.0663332648028931E-002   29.672839371007022     
   3.0996665973911684E-002   29.804026554240490     
   3.1329999299794437E-002   29.942173982288153     
   3.1663332625677193E-002   30.077291876882409     
   3.1996665951559942E-002   30.200423737074679     
   3.2329999277442692E-002   30.306582420207508     
   3.2663332603325448E-002   30.396788362678254     
   3.2996665929208198E-002   30.478553185159331     
   3.3329999255090954E-002   30.564498112090099     
   3.3663332580973704E-002   30.669274006588129     
   3.3996665906856460E-002   30.805450020848081     
   3.4329999232739210E-002   30.979430012365800     
   3.4663332558621966E-002   31.188617469020464     
   3.4996665884504716E-002   31.420900073560986     
   3.5329999210387472E-002   31.657053247862720     
   3.5663332536270222E-002   31.875940801770035     
   3.5996665862152978E-002   32.061571164774136     
   3.6329999188035728E-002   32.210352193153120     
   3.6663332513918484E-002   32.336486145662569     
   3.6996665839801234E-002   32.473523060440023     
   3.7329999165683983E-002   32.670713269080700     
   3.7663332491566739E-002   32.983906100353558     
   3.7996665817449489E-002   33.462133853080729     
   3.8329999143332245E-002   34.132391049658096     
   3.8663332469214995E-002   34.986112680702767     
   3.8996665795097751E-002   35.971147828096321     
   3.9329999120980501E-002   36.992412496372964     
   3.9663332446863257E-002   37.922875061565236     
   3.9996665772746007E-002   38.624294870173536     
