   3.3333331843217230E-006   35.469232573487666     
   3.2999999269843104E-004   35.287718981813647     
   6.6333331858118379E-004   35.198804415302760     
   9.9666664446393643E-004   35.209915016709381     
   1.3299999703466892E-003   35.312376509757556     
   1.6633332962294419E-003   35.487131918158909     
   1.9966666221121949E-003   35.707139203397453     
   2.3299999479949474E-003   35.940990216436717     
   2.6633332738777004E-003   36.157537699876670     
   2.9966665997604534E-003   36.331084073408277     
   3.3299999256432059E-003   36.446402898590428     
   3.6633332515259584E-003   36.502610074994848     
   3.9966665774087114E-003   36.514796356840655     
   4.3299999032914644E-003   36.512503408997020     
   4.6633332291742165E-003   36.534654933440464     
   4.9966665550569694E-003   36.621418714986298     
   5.3299998809397224E-003   36.804501304121189     
   5.6633332068224754E-003   37.098246488085124     
   5.9966665327052283E-003   37.494236223087121     
   6.3299998585879804E-003   37.961570901860931     
   6.6633331844707334E-003   38.453576511296056     
   6.9966665103534864E-003   38.919658604965790     
   7.3299998362362385E-003   39.319054122431517     
   7.6633331621189914E-003   39.632126940059983     
   7.9966664880017444E-003   39.865228526706680     
   8.3299998138844974E-003   40.047095477360607     
   8.6633331397672503E-003   40.217699908026553     
   8.9966664656500033E-003   40.413304831988071     
   9.3299997915327545E-003   40.653023897938652     
   9.6633331174155075E-003   40.931725733705449     
   9.9966664432982605E-003   41.221773061943793     
   1.0329999769181013E-002   41.482782092976663     
   1.0663333095063766E-002   41.675675700801960     
   1.0996666420946519E-002   41.775933826382762     
   1.1329999746829272E-002   41.781566969406690     
   1.1663333072712025E-002   41.713554744062868     
   1.1996666398594778E-002   41.609300106152730     
   1.2329999724477530E-002   41.511934576718360     
   1.2663333050360282E-002   41.459309967633637     
   1.2996666376243035E-002   41.476068200354412     
   1.3329999702125788E-002   41.570687393182894     
   1.3663333028008541E-002   41.737549565757689     
   1.3996666353891294E-002   41.962534050094519     
   1.4329999679774047E-002   42.229832690281285     
   1.4663333005656799E-002   42.527701231007860     
   1.4996666331539552E-002   42.851527551646541     
   1.5329999657422304E-002   43.203591971093985     
   1.5663332983305057E-002   43.589890351784391     
   1.5996666309187810E-002   44.015142807713453     
   1.6329999635070563E-002   44.477493030851036     
   1.6663332960953316E-002   44.964397965543846     
   1.6996666286836069E-002   45.450874902743898     
   1.7329999612718822E-002   45.900717329980395     
   1.7663332938601575E-002   46.270634769059235     
   1.7996666264484328E-002   46.516639642561067     
   1.8329999590367081E-002   46.601509587955292     
   1.8663332916249831E-002   46.501887338425334     
   1.8996666242132584E-002   46.213596227735664     
   1.9329999568015337E-002   45.754051701150217     
   1.9663332893898090E-002   45.161185845979745     
   1.9996666219780843E-002   44.488969775541371     
   2.0329999545663596E-002   43.800282190153901     
   2.0663332871546349E-002   43.158392575908067     
   2.0996666197429101E-002   42.618593476031492     
   2.1329999523311854E-002   42.221471075162853     
   2.1663332849194607E-002   41.988956244701733     
   2.1996666175077360E-002   41.923721532165210     
   2.2329999500960113E-002   42.011802079299123     
   2.2663332826842866E-002   42.227660731813124     
   2.2996666152725619E-002   42.540425752045479     
   2.3329999478608372E-002   42.919811285639902     
   2.3663332804491125E-002   43.340345963582642     
   2.3996666130373878E-002   43.782981158597842     
   2.4329999456256628E-002   44.233853468134434     
   2.4663332782139381E-002   44.680790729342739     
   2.4996666108022134E-002   45.108876009304737     
   2.5329999433904887E-002   45.496798571798500     
   2.5663332759787640E-002   45.815642849468688     
   2.5996666085670393E-002   46.031124987598211     
   2.6329999411553145E-002   46.109183987562190     
   2.6663332737435898E-002   46.023566558834681     
   2.6996666063318651E-002   45.763047321454387     
   2.7329999389201404E-002   45.335639911206286     
   2.7663332715084157E-002   44.767839465699794     
   2.7996666040966910E-002   44.098506413658761     
   2.8329999366849663E-002   43.368971715907222     
   2.8663332692732416E-002   42.612560972021427     
   2.8996666018615169E-002   41.847267631205334     
   2.9329999344497919E-002   41.074391077297591     
   2.9663332670380672E-002   40.283828222924072     
   2.9996665996263425E-002   39.464166576501448     
   3.0329999322146178E-002   38.613817768312906     
   3.0663332648028931E-002   37.748973975504576     
   3.0996665973911684E-002   36.905371832239474     
   3.1329999299794437E-002   36.133197294405015     
   3.1663332625677193E-002   35.486970988231221     
   3.1996665951559942E-002   35.013909297110985     
   3.2329999277442692E-002   34.744479146350585     
   3.2663332603325448E-002   34.687709924434451     
   3.2996665929208198E-002   34.831895392477342     
   3.3329999255090954E-002   35.149440087560031     
   3.3663332580973704E-002   35.603467161270522     
   3.3996665906856460E-002   36.153709015728097     
   3.4329999232739210E-002   36.760015315710874     
   3.4663332558621966E-002   37.383097200305997     
   3.4996665884504716E-002   37.983354361185945     
   3.5329999210387472E-002   38.519384267698655     
   3.5663332536270222E-002   38.947855119081481     
   3.5996665862152978E-002   39.225880968306889     
   3.6329999188035728E-002   39.316094594761651     
   3.6663332513918484E-002   39.193583046346284     
   3.6996665839801234E-002   38.853036304588286     
   3.7329999165683983E-002   38.314085280107086     
   3.7663332491566739E-002   37.622973567896274     
   3.7996665817449489E-002   36.849386312607550     
   3.8329999143332245E-002   36.078297143732030     
   3.8663332469214995E-002   35.397853778001071     
   3.8996665795097751E-002   34.885335160328260     
   3.9329999120980501E-002   34.593835525350144     
   3.9663332446863257E-002   34.542403563637961     
   3.9996665772746007E-002   34.711848308167106     
