   3.3333331843217230E-006   27.560031365873051     
   3.2999999269843104E-004   27.522976053673961     
   6.6333331858118379E-004   27.569167842019489     
   9.9666664446393643E-004   27.687316660814556     
   1.3299999703466892E-003   27.839476576814150     
   1.6633332962294419E-003   27.977146712726693     
   1.9966666221121949E-003   28.058682453478884     
   2.3299999479949474E-003   28.063328182478429     
   2.6633332738777004E-003   27.996997162277243     
   2.9966665997604534E-003   27.888144048530432     
   3.3299999256432059E-003   27.775884653078840     
   3.6633332515259584E-003   27.695379783645116     
   3.9966665774087114E-003   27.666272452914345     
   4.3299999032914644E-003   27.688385650379391     
   4.6633332291742165E-003   27.745673218969525     
   4.9966665550569694E-003   27.815960971841658     
   5.3299998809397224E-003   27.881776552583613     
   5.6633332068224754E-003   27.937442969956017     
   5.9966665327052283E-003   27.989569016483166     
   6.3299998585879804E-003   28.051184335774643     
   6.6633331844707334E-003   28.132644663553933     
   6.9966665103534864E-003   28.233828704271538     
   7.3299998362362385E-003   28.341497758268449     
   7.6633331621189914E-003   28.433329364058995     
   7.9966664880017444E-003   28.487129273719198     
   8.3299998138844974E-003   28.491379666125262     
   8.6633331397672503E-003   28.452582987247897     
   8.9966664656500033E-003   28.396072653946451     
   9.3299997915327545E-003   28.359541911715809     
   9.6633331174155075E-003   28.381404901465867     
   9.9966664432982605E-003   28.488093361055533     
   1.0329999769181013E-002   28.684755679025471     
   1.0663333095063766E-002   28.952492375268353     
   1.0996666420946519E-002   29.252830895709803     
   1.1329999746829272E-002   29.537596100921384     
   1.1663333072712025E-002   29.760628045209586     
   1.1996666398594778E-002   29.887499568571744     
   1.2329999724477530E-002   29.900482667594062     
   1.2663333050360282E-002   29.797977171789316     
   1.2996666376243035E-002   29.589651249518518     
   1.3329999702125788E-002   29.289907427600973     
   1.3663333028008541E-002   29.647422538643667     
   1.3996666353891294E-002   29.867124048254432     
   1.4329999679774047E-002   29.953748545828962     
   1.4663333005656799E-002   29.935812110894965     
   1.4996666331539552E-002   29.853743020377507     
   1.5329999657422304E-002   29.752925701499841     
   1.5663332983305057E-002   29.675323423439764     
   1.5996666309187810E-002   29.651595403901617     
   1.6329999635070563E-002   29.695582533980527     
   1.6663332960953316E-002   29.802490844894262     
   1.6996666286836069E-002   29.951195293023087     
   1.7329999612718822E-002   30.110062193906359     
   1.7663332938601575E-002   30.244824734426494     
   1.7996666264484328E-002   30.326576299598152     
   1.8329999590367081E-002   30.337993559456446     
   1.8663332916249831E-002   30.276441465463574     
   1.8996666242132584E-002   30.153482419843765     
   1.9329999568015337E-002   29.991258447477879     
   1.9663332893898090E-002   29.816970275910041     
   1.9996666219780843E-002   29.657038302839208     
   2.0329999545663596E-002   29.532419636862635     
   2.0663332871546349E-002   29.456039530944292     
   2.0996666197429101E-002   29.432560678827056     
   2.1329999523311854E-002   29.460003006836175     
   2.1663332849194607E-002   29.532260581808625     
   2.1996666175077360E-002   29.641469663411822     
   2.2329999500960113E-002   29.779460815529937     
   2.2663332826842866E-002   29.938051418983008     
   2.2996666152725619E-002   30.108497876478911     
   2.3329999478608372E-002   30.280818268329170     
   2.3663332804491125E-002   30.443772065375338     
   2.3996666130373878E-002   30.586015591890060     
   2.4329999456256628E-002   30.698437247567433     
   2.4663332782139381E-002   30.777103565283767     
   2.4996666108022134E-002   30.825831269856433     
   2.5329999433904887E-002   30.857309510497988     
   2.5663332759787640E-002   30.891992150682597     
   2.5996666085670393E-002   30.954594113743543     
   2.6329999411553145E-002   31.068778514567061     
   2.6663332737435898E-002   31.251276459280042     
   2.6996666063318651E-002   31.598282837374860     
   2.7329999389201404E-002   31.988515302719172     
   2.7663332715084157E-002   32.401200774749562     
   2.7996666040966910E-002   32.819734919024683     
   2.8329999366849663E-002   33.233297298476487     
   2.8663332692732416E-002   33.637621180239918     
   2.8996666018615169E-002   34.033822879982949     
   2.9329999344497919E-002   34.425754764189961     
   2.9663332670380672E-002   34.816779181781847     
   2.9996665996263425E-002   35.207044133884771     
   3.0329999322146178E-002   35.592207041462025     
   3.0663332648028931E-002   35.964119716157555     
   3.0996665973911684E-002   36.313364294585796     
   3.1329999299794437E-002   36.632891027792688     
   3.1663332625677193E-002   36.921549668221132     
   3.1996665951559942E-002   37.186186831991286     
   3.2329999277442692E-002   37.441275658218032     
   3.2663332603325448E-002   37.705707058539851     
   3.2996665929208198E-002   37.997242153605796     
   3.3329999255090954E-002   38.325959619511039     
   3.3663332580973704E-002   38.688568595355086     
   3.3996665906856460E-002   39.065496082025710     
   3.4329999232739210E-002   39.422123599958098     
   3.4663332558621966E-002   39.714532449781160     
   3.4996665884504716E-002   39.898867759442552     
   3.5329999210387472E-002   39.942294906223431     
   3.5663332536270222E-002   39.832848163205220     
   3.5996665862152978E-002   39.585507624540412     
   3.6329999188035728E-002   39.242642838983741     
   3.6663332513918484E-002   38.868357386426730     
   3.6996665839801234E-002   38.537885912812456     
   3.7329999165683983E-002   38.324559435480310     
   3.7663332491566739E-002   38.287530162191693     
   3.7996665817449489E-002   38.463181646604269     
   3.8329999143332245E-002   38.861978075644480     
   3.8663332469214995E-002   39.470767819525086     
   3.8996665795097751E-002   40.258815254890315     
   3.9329999120980501E-002   41.184710222560625     
   3.9663332446863257E-002   42.201257540106617     
   3.9996665772746007E-002   43.256594970472015     
