   3.3333331843217230E-006   33.024215815085576     
   3.2999999269843104E-004   32.928380381482512     
   6.6333331858118379E-004   32.970692083727151     
   9.9666664446393643E-004   33.124929874564558     
   1.3299999703466892E-003   33.327484781031139     
   1.6633332962294419E-003   33.501608564602165     
   1.9966666221121949E-003   33.581981091676134     
   2.3299999479949474E-003   33.534457828294492     
   2.6633332738777004E-003   33.364289597611155     
   2.9966665997604534E-003   33.110437967303213     
   3.3299999256432059E-003   32.828809977665507     
   3.6633332515259584E-003   32.571252803733856     
   3.9966665774087114E-003   32.368404793766778     
   4.3299999032914644E-003   32.222547590797639     
   4.6633332291742165E-003   32.112311025161389     
   4.9966665550569694E-003   32.006254620573330     
   5.3299998809397224E-003   31.878967169526526     
   5.6633332068224754E-003   31.722714476074028     
   5.9966665327052283E-003   31.549960269603950     
   6.3299998585879804E-003   31.386211369918666     
   6.6633331844707334E-003   31.256800882199851     
   6.9966665103534864E-003   31.173685578156928     
   7.3299998362362385E-003   31.128139408749835     
   7.6633331621189914E-003   31.092563691609691     
   7.9966664880017444E-003   31.030709837458392     
   8.3299998138844974E-003   30.912093272610978     
   8.6633331397672503E-003   30.724692615540810     
   8.9966664656500033E-003   30.480785080573074     
   9.3299997915327545E-003   30.213559139972332     
   9.6633331174155075E-003   29.965769631153787     
   9.9966664432982605E-003   29.774699803748454     
   1.0329999769181013E-002   29.658946295255252     
   1.0663333095063766E-002   29.611675046404546     
   1.0996666420946519E-002   29.602472793231193     
   1.1329999746829272E-002   29.586790624203392     
   1.1663333072712025E-002   29.519428479935470     
   1.1996666398594778E-002   29.367405134404951     
   1.2329999724477530E-002   29.118151602840317     
   1.2663333050360282E-002   28.780878063715829     
   1.2996666376243035E-002   28.381395001018294     
   1.3329999702125788E-002   27.952735665669337     
   1.3663333028008541E-002   28.046754054023662     
   1.3996666353891294E-002   28.115499407702785     
   1.4329999679774047E-002   28.143135002358033     
   1.4663333005656799E-002   28.121222368694610     
   1.4996666331539552E-002   28.047113388182105     
   1.5329999657422304E-002   27.926314485662108     
   1.5663332983305057E-002   27.772675064095015     
   1.5996666309187810E-002   27.606286742349127     
   1.6329999635070563E-002   27.449578914954269     
   1.6663332960953316E-002   27.322563225590923     
   1.6996666286836069E-002   27.238409062446429     
   1.7329999612718822E-002   27.200472598058290     
   1.7663332938601575E-002   27.201567380443898     
   1.7996666264484328E-002   27.225732647107051     
   1.8329999590367081E-002   27.252150917727356     
   1.8663332916249831E-002   27.260332702361875     
   1.8996666242132584E-002   27.235352971890144     
   1.9329999568015337E-002   27.171875975346264     
   1.9663332893898090E-002   27.075960342076623     
   1.9996666219780843E-002   26.964141107489606     
   2.0329999545663596E-002   26.859924140479418     
   2.0663332871546349E-002   26.788451376369153     
   2.0996666197429101E-002   26.770552759490315     
   2.1329999523311854E-002   26.817579928145026     
   2.1663332849194607E-002   26.928268901824602     
   2.1996666175077360E-002   27.088432950134653     
   2.2329999500960113E-002   27.273642396309533     
   2.2663332826842866E-002   27.454353657153639     
   2.2996666152725619E-002   27.602367248354216     
   2.3329999478608372E-002   27.697161106680003     
   2.3663332804491125E-002   27.730641771434204     
   2.3996666130373878E-002   27.709186319073211     
   2.4329999456256628E-002   27.652440309307199     
   2.4663332782139381E-002   27.589059388413872     
   2.4996666108022134E-002   27.550273247785356     
   2.5329999433904887E-002   27.562656288970679     
   2.5663332759787640E-002   27.641697076127734     
   2.5996666085670393E-002   27.787621585912763     
   2.6329999411553145E-002   27.984471093606743     
   2.6663332737435898E-002   28.202758973256014     
   2.6996666063318651E-002   28.558791669250642     
   2.7329999389201404E-002   28.873227462492927     
   2.7663332715084157E-002   29.121716438564530     
   2.7996666040966910E-002   29.296645119883465     
   2.8329999366849663E-002   29.405596929148725     
   2.8663332692732416E-002   29.468037953573326     
   2.8996666018615169E-002   29.509588478180891     
   2.9329999344497919E-002   29.555330116530040     
   2.9663332670380672E-002   29.623837710106930     
   2.9996665996263425E-002   29.723448141890081     
   3.0329999322146178E-002   29.851703540809535     
   3.0663332648028931E-002   29.998057945468684     
   3.0996665973911684E-002   30.149022020694492     
   3.1329999299794437E-002   30.294184551594299     
   3.1663332625677193E-002   30.431211064900182     
   3.1996665951559942E-002   30.568108626773590     
   3.2329999277442692E-002   30.721755426885192     
   3.2663332603325448E-002   30.912768285694355     
   3.2996665929208198E-002   31.157942325652748     
   3.3329999255090954E-002   31.462409914828427     
   3.3663332580973704E-002   31.814030462463137     
   3.3996665906856460E-002   32.182165994258789     
   3.4329999232739210E-002   32.521941615790951     
   3.4663332558621966E-002   32.783569676931251     
   3.4996665884504716E-002   32.924735591189560     
   3.5329999210387472E-002   32.922874297846612     
   3.5663332536270222E-002   32.783814933642404     
   3.5996665862152978E-002   32.543942763716416     
   3.6329999188035728E-002   32.264636776259998     
   3.6663332513918484E-002   32.019900883795835     
   3.6996665839801234E-002   31.880207084559622     
   3.7329999165683983E-002   31.896942151741225     
   3.7663332491566739E-002   32.091974107202191     
   3.7996665817449489E-002   32.455545310899780     
   3.8329999143332245E-002   32.953214577669080     
   3.8663332469214995E-002   33.539595761285142     
   3.8996665795097751E-002   34.174121856862733     
   3.9329999120980501E-002   34.832935092156276     
   3.9663332446863257E-002   35.511865259295355     
   3.9996665772746007E-002   36.218316281069498     
