   3.3333331843217230E-006   33.211264292796315     
   3.2999999269843104E-004   33.492494089277706     
   6.6333331858118379E-004   33.964394371272149     
   9.9666664446393643E-004   34.571730465568116     
   1.3299999703466892E-003   35.225385998687813     
   1.6633332962294419E-003   35.825665601466326     
   1.9966666221121949E-003   36.293501474964664     
   2.3299999479949474E-003   36.594896585686499     
   2.6633332738777004E-003   36.749902700668677     
   2.9966665997604534E-003   36.822943406874494     
   3.3299999256432059E-003   36.898096842708398     
   3.6633332515259584E-003   37.048458272830615     
   3.9966665774087114E-003   37.310784827533666     
   4.3299999032914644E-003   37.674480170198827     
   4.6633332291742165E-003   38.088450211979534     
   4.9966665550569694E-003   38.482609209889851     
   5.3299998809397224E-003   38.795445412303962     
   5.6633332068224754E-003   38.997089275473819     
   5.9966665327052283E-003   39.099419745645463     
   6.3299998585879804E-003   39.149961069270795     
   6.6633331844707334E-003   39.212557225256170     
   6.9966665103534864E-003   39.342648748938942     
   7.3299998362362385E-003   39.566645617507596     
   7.6633331621189914E-003   39.872914999119374     
   7.9966664880017444E-003   40.217219479753012     
   8.3299998138844974E-003   40.539955174979518     
   8.6633331397672503E-003   40.788338162679317     
   8.9966664656500033E-003   40.935240739944071     
   9.3299997915327545E-003   40.988029669611585     
   9.6633331174155075E-003   40.984686515350724     
   9.9966664432982605E-003   40.979113449325176     
   1.0329999769181013E-002   41.021151971372909     
   1.0663333095063766E-002   41.138285707839870     
   1.0996666420946519E-002   41.324965803771398     
   1.1329999746829272E-002   41.542585373206208     
   1.1663333072712025E-002   41.729513430189527     
   1.1996666398594778E-002   41.817551273712802     
   1.2329999724477530E-002   41.749614068389960     
   1.2663333050360282E-002   41.493668611334257     
   1.2996666376243035E-002   41.049648878378804     
   1.3329999702125788E-002   40.448477395515127     
   1.3663333028008541E-002   40.938078584115367     
   1.3996666353891294E-002   41.380628105752564     
   1.4329999679774047E-002   41.792879637124656     
   1.4663333005656799E-002   42.197806484831283     
   1.4996666331539552E-002   42.610536318130919     
   1.5329999657422304E-002   43.037971629102969     
   1.5663332983305057E-002   43.479692859096772     
   1.5996666309187810E-002   43.929695733341205     
   1.6329999635070563E-002   44.378509266053072     
   1.6663332960953316E-002   44.815299253132736     
   1.6996666286836069E-002   45.229659139044344     
   1.7329999612718822E-002   45.612903357289326     
   1.7663332938601575E-002   45.958789251826850     
   1.7996666264484328E-002   46.263689278531636     
   1.8329999590367081E-002   46.526307325698959     
   1.8663332916249831E-002   46.747078270267437     
   1.8996666242132584E-002   46.927408631260811     
   1.9329999568015337E-002   47.068911452090006     
   1.9663332893898090E-002   47.172765143840962     
   1.9996666219780843E-002   47.239289651222727     
   2.0329999545663596E-002   47.267789875420164     
   2.0663332871546349E-002   47.256671431195443     
   2.0996666197429101E-002   47.203792517394888     
   2.1329999523311854E-002   47.106982045463212     
   2.1663332849194607E-002   46.964631250910905     
   2.1996666175077360E-002   46.776255689496011     
   2.2329999500960113E-002   46.542927442620943     
   2.2663332826842866E-002   46.267492945600914     
   2.2996666152725619E-002   45.954518381122313     
   2.3329999478608372E-002   45.609939336585569     
   2.3663332804491125E-002   45.240430941068162     
   2.3996666130373878E-002   44.852555022017349     
   2.4329999456256628E-002   44.451777790560669     
   2.4663332782139381E-002   44.041481066641737     
   2.4996666108022134E-002   43.622108275117768     
   2.5329999433904887E-002   43.190590101555699     
   2.5663332759787640E-002   42.740181317182582     
   2.5996666085670393E-002   42.260808522390576     
   2.6329999411553145E-002   41.739978593092523     
   2.6663332737435898E-002   41.164231565545307     
   2.6996666063318651E-002   41.152710359679141     
   2.7329999389201404E-002   41.084931334061572     
   2.7663332715084157E-002   40.937588831150393     
   2.7996666040966910E-002   40.704893750500247     
   2.8329999366849663E-002   40.393054785767951     
   2.8663332692732416E-002   40.019004075453360     
   2.8996666018615169E-002   39.607205515648467     
   2.9329999344497919E-002   39.185064024669451     
   2.9663332670380672E-002   38.777804507058505     
   2.9996665996263425E-002   38.403873691826746     
   3.0329999322146178E-002   38.071873276973463     
   3.0663332648028931E-002   37.779745631302006     
   3.0996665973911684E-002   37.516449850271457     
   3.1329999299794437E-002   37.265787013633826     
   3.1663332625677193E-002   37.011494664695491     
   3.1996665951559942E-002   36.742370959155529     
   3.2329999277442692E-002   36.456115408392833     
   3.2663332603325448E-002   36.160828823434130     
   3.2996665929208198E-002   35.873661701997115     
   3.3329999255090954E-002   35.616820297327308     
   3.3663332580973704E-002   35.411859482893753     
   3.3996665906856460E-002   35.273722623445416     
   3.4329999232739210E-002   35.206175765381190     
   3.4663332558621966E-002   35.200048851974586     
   3.4996665884504716E-002   35.235067208643756     
   3.5329999210387472E-002   35.285164895548562     
   3.5663332536270222E-002   35.326229114805301     
   3.5996665862152978E-002   35.344471774659375     
   3.6329999188035728E-002   35.343268226097898     
   3.6663332513918484E-002   35.346463299410736     
   3.6996665839801234E-002   35.396816366470212     
   3.7329999165683983E-002   35.549307445577483     
   3.7663332491566739E-002   35.860223886604288     
   3.7996665817449489E-002   36.374017609196116     
   3.8329999143332245E-002   37.110616321417574     
   3.8663332469214995E-002   38.056023369261254     
   3.8996665795097751E-002   39.158605930969884     
   3.9329999120980501E-002   40.332531446762403     
   3.9663332446863257E-002   41.468546065725327     
   3.9996665772746007E-002   42.450923894030531     
