   3.3333331843217230E-006   52.977032328816222     
   3.2999999269843104E-004   51.096306703415614     
   6.6333331858118379E-004   45.770332192289530     
   9.9666664446393643E-004   38.112106663460658     
   1.3299999703466892E-003   29.735556024358708     
   1.6633332962294419E-003   22.434686898310659     
   1.9966666221121949E-003   17.824578666857413     
   2.3299999479949474E-003   17.014013924048470     
   2.6633332738777004E-003   20.373755357181260     
   2.9966665997604534E-003   27.446376955147713     
   3.3299999256432059E-003   37.016581363805329     
   3.6633332515259584E-003   47.330213209627516     
   3.9966665774087114E-003   56.421561329083296     
   4.3299999032914644E-003   62.487490150798251     
   4.6633332291742165E-003   64.237481087200280     
   4.9966665550569694E-003   61.152632069033949     
   5.3299998809397224E-003   53.603346644982686     
   5.6633332068224754E-003   42.801723456052308     
   5.9966665327052283E-003   30.595594601025766     
   6.3299998585879804E-003   19.140936685420172     
   6.6633331844707334E-003   10.512387802719145     
   6.9966665103534864E-003   6.3235181433899861     
   7.3299998362362385E-003   7.4270797654425031     
   7.6633331621189914E-003   13.750965211313412     
   7.9966664880017444E-003   24.300745819377717     
   8.3299998138844974E-003   37.329079716666911     
   8.6633331397672503E-003   50.641669605489149     
   8.9966664656500033E-003   61.984485489711297     
   9.3299997915327545E-003   69.442241364044961     
   9.6633331174155075E-003   71.776290767303010     
   9.9966664432982605E-003   68.641434230819797     
   1.0329999769181013E-002   60.643423549748405     
   1.0663333095063766E-002   49.228007301659694     
   1.0996666420946519E-002   36.422787535369878     
   1.1329999746829272E-002   24.479360529350366     
   1.1663333072712025E-002   15.480460242485073     
   1.1996666398594778E-002   10.982097616558036     
   1.2329999724477530E-002   11.753231786606429     
   1.2663333050360282E-002   17.656916659487042     
   1.2996666376243035E-002   27.690751882048826     
   1.3329999702125788E-002   40.175751965369173     
   1.3663333028008541E-002   53.056718791412379     
   1.3996666353891294E-002   64.258524918173720     
   1.4329999679774047E-002   72.034577027890606     
   1.4663333005656799E-002   75.247289424951845     
   1.4996666331539552E-002   73.534625148837350     
   1.5329999657422304E-002   67.338690757802951     
   1.5663332983305057E-002   57.797712331247489     
   1.5996666309187810E-002   46.526710402320518     
   1.6329999635070563E-002   35.330499430715292     
   1.6663332960953316E-002   25.902164702880313     
   1.6996666286836069E-002   19.559588978758487     
   1.7329999612718822E-002   17.062538757837785     
   1.7663332938601575E-002   18.535656067881455     
   1.7996666264484328E-002   23.502041504653583     
   1.8329999590367081E-002   31.012041446045203     
   1.8663332916249831E-002   39.836117566010003     
   1.8996666242132584E-002   48.681983265213368     
   1.9329999568015337E-002   56.395715452592775     
   1.9663332893898090E-002   62.113782131752217     
   1.9996666219780843E-002   65.345857159766041     
   2.0329999545663596E-002   65.983893383680538     
   2.0663332871546349E-002   64.247811167487967     
   2.0996666197429101E-002   60.589309185684513     
   2.1329999523311854E-002   55.580669968692469     
   2.1663332849194607E-002   49.814326790217976     
   2.1996666175077360E-002   43.832142595063566     
   2.2329999500960113E-002   38.092812870234880     
   2.2663332826842866E-002   32.974275107310163     
   2.2996666152725619E-002   28.798335122025151     
   2.3329999478608372E-002   25.859223624850902     
   2.3663332804491125E-002   24.437746921274716     
   2.3996666130373878E-002   24.788037023873699     
   2.4329999456256628E-002   27.093269565937845     
   2.4663332782139381E-002   31.397730273841592     
   2.4996666108022134E-002   37.532434407404423     
   2.5329999433904887E-002   45.057485632749341     
   2.5663332759787640E-002   53.244656343979571     
   2.5996666085670393E-002   61.117701996221044     
   2.6329999411553145E-002   67.556565561295670     
   2.6663332737435898E-002   71.457092422425774     
   2.6996666063318651E-002   71.923272162221778     
   2.7329999389201404E-002   68.457723365054051     
   2.7663332715084157E-002   61.111042325346467     
   2.7996666040966910E-002   50.553513181169258     
   2.8329999366849663E-002   38.043701904024147     
   2.8663332692732416E-002   25.286074521397879     
   2.8996666018615169E-002   14.190920015803506     
   2.9329999344497919E-002   6.5704781431533901     
   2.9663332670380672E-002   3.8210326224347231     
   2.9996665996263425E-002   6.6482507732750928     
   3.0329999322146178E-002   14.890078128213393     
   3.0663332648028931E-002   27.477822212748109     
   3.0996665973911684E-002   42.553574715469694     
   3.1329999299794437E-002   57.734560790179792     
   3.1663332625677193E-002   70.487314346004766     
   3.1996665951559942E-002   78.552015079547900     
   3.2329999277442692E-002   80.344450310379784     
   3.2663332603325448E-002   75.262841019311580     
   3.2996665929208198E-002   63.839909189713381     
   3.3329999255090954E-002   47.705292764269558     
   3.3663332580973704E-002   29.355712770203702     
   3.3996665906856460E-002   11.764556432149124     
   3.4329999232739210E-002  -2.1074413227459954     
   3.4663332558621966E-002  -9.8186149023487665     
   3.4996665884504716E-002  -9.8818974126088719     
   3.5329999210387472E-002  -2.0508488398864024     
   3.5663332536270222E-002   12.598679879610950     
   3.5996665862152978E-002   31.811820706999335     
   3.6329999188035728E-002   52.504514329773663     
   3.6663332513918484E-002   71.264744332596536     
   3.6996665839801234E-002   84.922124493640624     
   3.7329999165683983E-002   91.088916214383914     
   3.7663332491566739E-002   88.578503774302760     
   3.7996665817449489E-002   77.626925454525150     
   3.8329999143332245E-002   59.876060638979986     
   3.8663332469214995E-002   38.117859628176035     
   3.8996665795097751E-002   15.840453483133066     
   3.9329999120980501E-002  -3.3482320650952424     
   3.9663332446863257E-002  -16.321828946390696     
   3.9996665772746007E-002  -20.959268749214374     
