   0.0000000000000000        217.58063876123518     
   3.3333333333333332E-004   209.98796274564100     
   6.6666666666666664E-004   211.47242245528292     
   1.0000000000000000E-003   218.26944153334270     
   1.3333333333333333E-003   222.02376596576116     
   1.6666666666666666E-003   217.06217568129586     
   2.0000000000000000E-003   207.43688450750977     
   2.3333333333333331E-003   203.08904878828795     
   2.6666666666666666E-003   206.86281621500592     
   3.0000000000000001E-003   210.24385450692054     
   3.3333333333333331E-003   205.94976589526766     
   3.6666666666666666E-003   198.92985322698354     
   4.0000000000000001E-003   197.95456414708730     
   4.3333333333333331E-003   201.35277881141749     
   4.6666666666666662E-003   200.60913264332669     
   5.0000000000000001E-003   195.02635763980322     
   5.3333333333333332E-003   191.77955418601636     
   5.6666666666666662E-003   192.20143190229729     
   6.0000000000000001E-003   189.76576982696935     
   6.3333333333333332E-003   183.33856548977013     
   6.6666666666666662E-003   180.61607690148151     
   7.0000000000000001E-003   184.12320154049630     
   7.3333333333333332E-003   184.84560705923016     
   7.6666666666666662E-003   176.69561790962879     
   8.0000000000000002E-003   167.99203841635654     
   8.3333333333333332E-003   169.26795969308424     
   8.6666666666666663E-003   176.16382990464930     
   8.9999999999999993E-003   175.32171947895600     
   9.3333333333333324E-003   164.55086756306432     
   9.6666666666666672E-003   156.09626353485046     
   1.0000000000000000E-002   158.53223180042318     
   1.0333333333333333E-002   164.82561205564778     
   1.0666666666666666E-002   163.11883340410901     
   1.0999999999999999E-002   153.11465550441537     
   1.1333333333333332E-002   145.24604573433962     
   1.1666666666666665E-002   146.07591520848004     
   1.2000000000000000E-002   150.89070146619906     
   1.2333333333333333E-002   151.52349195358914     
   1.2666666666666666E-002   146.65135033672732     
   1.2999999999999999E-002   141.23286092189821     
   1.3333333333333332E-002   137.93044481337290     
   1.3666666666666666E-002   138.96070982511017     
   1.4000000000000000E-002   134.73293623279963     
   1.4333333333333333E-002   128.97885770194969     
   1.4666666666666666E-002   127.97068891042113     
   1.4999999999999999E-002   133.37059171021144     
   1.5333333333333332E-002   139.76153672404109     
   1.5666666666666666E-002   140.10508634937364     
   1.6000000000000000E-002   133.27780528716457     
   1.6333333333333332E-002   124.97299905039812     
   1.6666666666666666E-002   120.92356709095456     
   1.6999999999999998E-002   120.90533250640813     
   1.7333333333333333E-002   120.94180747576307     
   1.7666666666666667E-002   120.09557999341904     
   1.7999999999999999E-002   121.87872598764430     
   1.8333333333333333E-002   128.09115524320217     
   1.8666666666666665E-002   134.34443123110282     
   1.9000000000000000E-002   134.67711635648013     
   1.9333333333333334E-002   129.26177698370785     
   1.9666666666666666E-002   123.98135840577868     
   2.0000000000000000E-002   122.29541148110982     
   2.0333333333333332E-002   121.34661848490784     
   2.0666666666666667E-002   117.82530133739580     
   2.0999999999999998E-002   114.15638655291411     
   2.1333333333333333E-002   115.27259150833770     
   2.1666666666666667E-002   121.16549379296640     
   2.1999999999999999E-002   126.95962594858837     
   2.2333333333333334E-002   130.04328913738988     
   2.2666666666666665E-002   132.59412714275157     
   2.3000000000000000E-002   135.81402566345679     
   2.3333333333333331E-002   136.19059071321735     
   2.3666666666666666E-002   130.89288963294689     
   2.4000000000000000E-002   123.84471789741626     
   2.4333333333333332E-002   121.72941735028385     
   2.4666666666666667E-002   124.90637462344255     
   2.4999999999999998E-002   127.23599680267046     
   2.5333333333333333E-002   125.91778826664053     
   2.5666666666666667E-002   126.68499358588318     
   2.5999999999999999E-002   135.55945757063608     
   2.6333333333333334E-002   148.16689381441421     
   2.6666666666666665E-002   152.49420875141624     
   2.7000000000000000E-002   146.43069343221509     
   2.7333333333333331E-002   134.84446600808064     
   2.7666666666666666E-002   128.43619323134311     
   2.8000000000000001E-002   132.96418363699593     
   2.8333333333333332E-002   144.90950186896089     
   2.8666666666666667E-002   155.57285888310722     
   2.8999999999999998E-002   158.89088781909763     
   2.9333333333333333E-002   155.70952168690488     
   2.9666666666666664E-002   151.49002606207358     
   2.9999999999999999E-002   150.70250160762041     
   3.0333333333333334E-002   153.55689059270370     
   3.0666666666666665E-002   157.52534843755907     
   3.1000000000000000E-002   160.99689220682566     
   3.1333333333333331E-002   164.62595782016282     
   3.1666666666666662E-002   169.13220430647780     
   3.2000000000000001E-002   172.83363804869177     
   3.2333333333333332E-002   172.79392703702877     
   3.2666666666666663E-002   169.01324851217649     
   3.3000000000000002E-002   166.46194136316873     
   3.3333333333333333E-002   171.00359117930017     
   3.3666666666666664E-002   182.32653977089004     
   3.3999999999999996E-002   192.20039023934078     
   3.4333333333333334E-002   192.13557932580400     
   3.4666666666666665E-002   183.45847991612320     
   3.4999999999999996E-002   177.56146519513092     
   3.5333333333333335E-002   183.59884126127372     
   3.5666666666666666E-002   196.87127240401460     
   3.5999999999999997E-002   203.52222613990182     
   3.6333333333333336E-002   198.40257920845835     
   3.6666666666666667E-002   193.42229203327921     
   3.6999999999999998E-002   201.92727589501746     
   3.7333333333333329E-002   217.22144295052220     
   3.7666666666666668E-002   217.78445066541946     
   3.7999999999999999E-002   198.43012343045655     
   3.8333333333333330E-002   183.20066425429769     
   3.8666666666666669E-002   192.92470365484411     
   3.9000000000000000E-002   212.41224915394963     
   3.9333333333333331E-002   218.23010195439241     
   3.9666666666666663E-002   227.89632525371690     
   4.0000000000000001E-002   263.23720623372355     
