   3.3333331843217230E-006   35.884975102878343     
   3.2999999269843104E-004   36.021751253059506     
   6.6333331858118379E-004   36.534775934945770     
   9.9666664446393643E-004   37.269233462812188     
   1.3299999703466892E-003   38.047840672862165     
   1.6633332962294419E-003   38.707799533771258     
   1.9966666221121949E-003   39.128460960002755     
   2.3299999479949474E-003   39.246074568807664     
   2.6633332738777004E-003   39.053769976931349     
   2.9966665997604534E-003   38.588868543662251     
   3.3299999256432059E-003   37.912964087149206     
   3.6633332515259584E-003   37.091992359839978     
   3.9966665774087114E-003   36.183091206812556     
   4.3299999032914644E-003   35.232335253465344     
   4.6633332291742165E-003   34.283028958664502     
   4.9966665550569694E-003   33.389513746184754     
   5.3299998809397224E-003   32.628210933365608     
   5.6633332068224754E-003   32.097573973923694     
   5.9966665327052283E-003   31.902511836485814     
   6.3299998585879804E-003   32.125789998165267     
   6.6633331844707334E-003   32.796289499719919     
   6.9966665103534864E-003   33.868225749656887     
   7.3299998362362385E-003   35.223576492987043     
   7.6633331621189914E-003   36.701569513918628     
   7.9966664880017444E-003   38.147035021190490     
   8.3299998138844974E-003   39.459223742712183     
   8.6633331397672503E-003   40.619905501334621     
   8.9966664656500033E-003   41.686752404033477     
   9.3299997915327545E-003   42.752790422566335     
   9.6633331174155075E-003   43.888396894657113     
   9.9966664432982605E-003   45.091176006941360     
   1.0329999769181013E-002   46.266357652277463     
   1.0663333095063766E-002   47.247147487494445     
   1.0996666420946519E-002   47.847000286446516     
   1.1329999746829272E-002   47.922359789011750     
   1.1663333072712025E-002   47.420977394391372     
   1.1996666398594778E-002   46.398347901735228     
   1.2329999724477530E-002   44.998861995064146     
   1.2663333050360282E-002   43.412230773375256     
   1.2996666376243035E-002   41.823761398617712     
   1.3329999702125788E-002   40.376708810075606     
   1.3663333028008541E-002   39.157612721058818     
   1.3996666353891294E-002   38.205213646611220     
   1.4329999679774047E-002   37.534619351999652     
   1.4663333005656799E-002   37.163889644577473     
   1.4996666331539552E-002   37.130965047375213     
   1.5329999657422304E-002   37.493753798868433     
   1.5663332983305057E-002   38.312959475459550     
   1.5996666309187810E-002   39.623482749935761     
   1.6329999635070563E-002   41.404163257228106     
   1.6663332960953316E-002   43.556383666807911     
   1.6996666286836069E-002   45.899733553053622     
   1.7329999612718822E-002   48.188367606198881     
   1.7663332938601575E-002   50.146178668957504     
   1.7996666264484328E-002   51.513855216405211     
   1.8329999590367081E-002   52.097546603583901     
   1.8663332916249831E-002   51.808030929987851     
   1.8996666242132584E-002   50.681177444731233     
   1.9329999568015337E-002   48.874663727693424     
   1.9663332893898090E-002   46.641327596714056     
   1.9996666219780843E-002   44.284865067503915     
   2.0329999545663596E-002   42.107510251178525     
   2.0663332871546349E-002   40.360897356729133     
   2.0996666197429101E-002   39.210165990084072     
   2.1329999523311854E-002   38.717872627882301     
   2.1663332849194607E-002   38.849336912621219     
   2.1996666175077360E-002   39.495935110517379     
   2.2329999500960113E-002   40.508825070203962     
   2.2663332826842866E-002   41.733635135720107     
   2.2996666152725619E-002   43.037252813675288     
   2.3329999478608372E-002   44.320855779918354     
   2.3663332804491125E-002   45.517952011517494     
   2.3996666130373878E-002   46.581146198714464     
   2.4329999456256628E-002   47.465104255954124     
   2.4663332782139381E-002   48.114405979607412     
   2.4996666108022134E-002   48.462980385344366     
   2.5329999433904887E-002   48.446997968802364     
   2.5663332759787640E-002   48.027016292454412     
   2.5996666085670393E-002   47.210222889466401     
   2.6329999411553145E-002   46.062134183356804     
   2.6663332737435898E-002   44.700291212240415     
   2.6996666063318651E-002   43.269561087985693     
   2.7329999389201404E-002   41.906812411596718     
   2.7663332715084157E-002   40.708208407873258     
   2.7996666040966910E-002   39.712188310890156     
   2.8329999366849663E-002   38.904916087025512     
   2.8663332692732416E-002   38.245167363897430     
   2.8996666018615169E-002   37.696910289745439     
   2.9329999344497919E-002   37.254529780171438     
   2.9663332670380672E-002   36.949446957795267     
   2.9996665996263425E-002   36.835896597157500     
   3.0329999322146178E-002   36.963331965303908     
   3.0663332648028931E-002   37.348618714840860     
   3.0996665973911684E-002   37.960398934381843     
   3.1329999299794437E-002   38.721650806758056     
   3.1663332625677193E-002   39.528041845461111     
   3.1996665951559942E-002   40.273267659224132     
   3.2329999277442692E-002   40.870812009335864     
   3.2663332603325448E-002   41.264595043557279     
   3.2996665929208198E-002   41.426783747241785     
   3.3329999255090954E-002   41.346739575190597     
   3.3663332580973704E-002   41.018327779907914     
   3.3996665906856460E-002   40.432668604585714     
   3.4329999232739210E-002   39.580413009347936     
   3.4663332558621966E-002   38.463274041219513     
   3.4996665884504716E-002   37.110551206248182     
   3.5329999210387472E-002   35.594056908245356     
   3.5663332536270222E-002   34.034782186490297     
   3.5996665862152978E-002   32.596686591438768     
   3.6329999188035728E-002   31.466481891888964     
   3.6663332513918484E-002   30.822229693926303     
   3.6996665839801234E-002   30.796974448652371     
   3.7329999165683983E-002   31.445633338564228     
   3.7663332491566739E-002   32.723431209004161     
   3.7996665817449489E-002   34.482198541782815     
   3.8329999143332245E-002   36.487209330816519     
   3.8663332469214995E-002   38.452708067502854     
   3.8996665795097751E-002   40.089907776968765     
   3.9329999120980501E-002   41.158099707629837     
   3.9663332446863257E-002   41.508408578185751     
   3.9996665772746007E-002   41.110981206178032     
