   3.3333331843217230E-006   78.267550099763497     
   3.2999999269843104E-004   67.180062197051598     
   6.6333331858118379E-004   46.239731842411160     
   9.9666664446393643E-004   22.178486645576665     
   1.3299999703466892E-003   2.0590039099518513     
   1.6633332962294419E-003  -8.6978003114987743     
   1.9966666221121949E-003  -7.7354500702736715     
   2.3299999479949474E-003   3.8308795428043263     
   2.6633332738777004E-003   22.052100270331643     
   2.9966665997604534E-003   41.543120199414929     
   3.3299999256432059E-003   57.158875265567843     
   3.6633332515259584E-003   65.429095197879761     
   3.9966665774087114E-003   65.347937890072600     
   4.3299999032914644E-003   58.337388203149118     
   4.6633332291742165E-003   47.465705829871190     
   4.9966665550569694E-003   36.230453248742805     
   5.3299998809397224E-003   27.344157164667273     
   5.6633332068224754E-003   21.946821552353697     
   5.9966665327052283E-003   19.508885965215299     
   6.3299998585879804E-003   18.425197156270411     
   6.6633331844707334E-003   17.024947147359335     
   6.9966665103534864E-003   14.544569117386237     
   7.3299998362362385E-003   11.616766905258689     
   7.6633331621189914E-003   10.035385412484160     
   7.9966664880017444E-003   11.885988104009801     
   8.3299998138844974E-003   18.438461176391225     
   8.6633331397672503E-003   29.328918405846068     
   8.9966664656500033E-003   42.437719578383302     
   9.3299997915327545E-003   54.547365413301755     
   9.6633331174155075E-003   62.495252185773538     
   9.9966664432982605E-003   64.306995060856536     
   1.0329999769181013E-002   59.819999235361529     
   1.0663333095063766E-002   50.564769967691610     
   1.0996666420946519E-002   39.023962578925904     
   1.1329999746829272E-002   27.656886990607383     
   1.1663333072712025E-002   18.137104714531553     
   1.1996666398594778E-002   11.094871964640866     
   1.2329999724477530E-002   6.3831077074866114     
   1.2663333050360282E-002   3.6382470165937715     
   1.2996666376243035E-002   2.7975574736997531     
   1.3329999702125788E-002   4.2949554746738681     
   1.3663333028008541E-002   8.8397244084940318     
   1.3996666353891294E-002   16.892601709639987     
   1.4329999679774047E-002   28.099151894958919     
   1.4663333005656799E-002   40.967380749647397     
   1.4996666331539552E-002   52.983500473835875     
   1.5329999657422304E-002   61.188995756316913     
   1.5663332983305057E-002   63.059306869311463     
   1.5996666309187810E-002   57.394871391169488     
   1.6329999635070563E-002   44.904339633900562     
   1.6663332960953316E-002   28.240552555952227     
   1.6996666286836069E-002   11.419376029601580     
   1.7329999612718822E-002  -1.2434316652605788     
   1.7663332938601575E-002  -6.3696882378574529     
   1.7996666264484328E-002  -2.5447031452956539     
   1.8329999590367081E-002   9.2055202199755080     
   1.8663332916249831E-002   25.657529553110830     
   1.8996666242132584E-002   42.296492599903175     
   1.9329999568015337E-002   54.612175115767393     
   1.9663332893898090E-002   59.385531440633869     
   1.9996666219780843E-002   55.572600822560062     
   2.0329999545663596E-002   44.526685299488200     
   2.0663332871546349E-002   29.513461655700436     
   2.0996666197429101E-002   14.692905620600204     
   2.1329999523311854E-002   3.8957664013133724     
   2.1663332849194607E-002 -0.43309334118037235     
   2.1996666175077360E-002   2.1776943043024608     
   2.2329999500960113E-002   10.254588628648991     
   2.2663332826842866E-002   20.982174954100071     
   2.2996666152725619E-002   31.171174479624568     
   2.3329999478608372E-002   38.279927591181043     
   2.3663332804491125E-002   41.167043284277455     
   2.3996666130373878E-002   40.336530889697876     
   2.4329999456256628E-002   37.595462164017356     
   2.4663332782139381E-002   35.237937961354582     
   2.4996666108022134E-002   35.041902312794321     
   2.5329999433904887E-002   37.456431946491904     
   2.5663332759787640E-002   41.319729611818531     
   2.5996666085670393E-002   44.272216373233704     
   2.6329999411553145E-002   43.759061326498788     
   2.6663332737435898E-002   38.248958762639958     
   2.6996666063318651E-002   28.150765905704180     
   2.7329999389201404E-002   15.976765304879590     
   2.7663332715084157E-002   5.5867372219912008     
   2.7996666040966910E-002  0.74875160191559198     
   2.8329999366849663E-002   3.5914627348193897     
   2.8663332692732416E-002   13.624038326539152     
   2.8996666018615169E-002   27.788711865568899     
   2.9329999344497919E-002   41.565910697491930     
   2.9663332670380672E-002   50.678450933675357     
   2.9996665996263425E-002   52.670390652682286     
   3.0329999322146178E-002   47.701828927605852     
   3.0663332648028931E-002   38.267618928960076     
   3.0996665973911684E-002   28.030789319343064     
   3.1329999299794437E-002   20.327262223494980     
   3.1663332625677193E-002   16.986999434404577     
   3.1996665951559942E-002   17.914114680016628     
   3.2329999277442692E-002   21.497900396061056     
   3.2663332603325448E-002   25.571803076005324     
   3.2996665929208198E-002   28.448230065016663     
   3.3329999255090954E-002   29.588478722370525     
   3.3663332580973704E-002   29.672394947079681     
   3.3996665906856460E-002   30.103148530708889     
   3.4329999232739210E-002   32.204819292219717     
   3.4663332558621966E-002   36.469257953072500     
   3.4996665884504716E-002   42.165767438928285     
   3.5329999210387472E-002   47.474620899199635     
   3.5663332536270222E-002   50.105064169768525     
   3.5996665862152978E-002   48.178737082040151     
   3.6329999188035728E-002   41.056904213423202     
   3.6663332513918484E-002   29.796317440292039     
   3.6996665839801234E-002   17.033847170905172     
   3.7329999165683983E-002   6.2909379479919449     
   3.7663332491566739E-002  0.89550620572387318     
   3.7996665817449489E-002   2.8702365308939113     
   3.8329999143332245E-002   12.173687360721905     
   3.8663332469214995E-002   26.581224037333431     
   3.8996665795097751E-002   42.282931058110449     
   3.9329999120980501E-002   55.026276199801060     
   3.9663332446863257E-002   61.433529588620672     
   3.9996665772746007E-002   60.053477896294950     
