   3.3333331843217230E-006   31.964033340740624     
   3.2999999269843104E-004   31.961517279180100     
   6.6333331858118379E-004   31.953873394946363     
   9.9666664446393643E-004   31.941122871321731     
   1.3299999703466892E-003   31.923301044011659     
   1.6633332962294419E-003   31.900457304026414     
   1.9966666221121949E-003   31.872654961931953     
   2.3299999479949474E-003   31.839971073841969     
   2.6633332738777004E-003   31.802496229628698     
   2.9966665997604534E-003   31.760334303933146     
   3.3299999256432059E-003   31.713602170657779     
   3.6633332515259584E-003   31.662429381724777     
   3.9966665774087114E-003   31.606957810980980     
   4.3299999032914644E-003   31.547341264226180     
   4.6633332291742165E-003   31.483745056434440     
   4.9966665550569694E-003   31.416345557328142     
   5.3299998809397224E-003   31.345329706551009     
   5.6633332068224754E-003   31.270894499770247     
   5.9966665327052283E-003   31.193246447117119     
   6.3299998585879804E-003   31.112601005451580     
   6.6633331844707334E-003   31.029181986008222     
   6.9966665103534864E-003   30.943220939048384     
   7.3299998362362385E-003   30.854956517206361     
   7.6633331621189914E-003   30.764633819276010     
   7.9966664880017444E-003   30.672503716237941     
   8.3299998138844974E-003   30.578822161376081     
   8.6633331397672503E-003   30.483849486375927     
   8.9966664656500033E-003   30.387849685335706     
   9.3299997915327545E-003   30.291089688654292     
   9.6633331174155075E-003   30.193838628788150     
   9.9966664432982605E-003   30.096367099891271     
   1.0329999769181013E-002   29.998946413369545     
   1.0663333095063766E-002   29.901847851391665     
   1.0996666420946519E-002   29.805341920404700     
   1.1329999746829272E-002   29.709697606702491     
   1.1663333072712025E-002   29.615181636089176     
   1.1996666398594778E-002   29.522057739669261     
   1.2329999724477530E-002   29.430585927778782     
   1.2663333050360282E-002   29.341021774049917     
   1.2996666376243035E-002   29.253615711573435     
   1.3329999702125788E-002   29.168612343090668     
   1.3663333028008541E-002   29.086249767107876     
   1.3996666353891294E-002   29.006758921782481     
   1.4329999679774047E-002   28.930362948381987     
   1.4663333005656799E-002   28.857276576062674     
   1.4996666331539552E-002   28.787705529656812     
   1.5329999657422304E-002   28.721845962094200     
   1.5663332983305057E-002   28.659883913016127     
   1.5996666309187810E-002   28.601994795068414     
   1.6329999635070563E-002   28.548342909283882     
   1.6663332960953316E-002   28.499080990885467     
   1.6996666286836069E-002   28.454349786757405     
   1.7329999612718822E-002   28.414277665745217     
   1.7663332938601575E-002   28.378980262855471     
   1.7996666264484328E-002   28.348560158333136     
   1.8329999590367081E-002   28.323106592498942     
   1.8663332916249831E-002   28.302695217131046     
   1.8996666242132584E-002   28.287387884075297     
   1.9329999568015337E-002   28.277232471666085     
   1.9663332893898090E-002   28.272262749436575     
   1.9996666219780843E-002   28.272498281491682     
   2.0329999545663596E-002   28.277944368811568     
   2.0663332871546349E-002   28.288592030646555     
   2.0996666197429101E-002   28.304418025057242     
   2.1329999523311854E-002   28.325384908546287     
   2.1663332849194607E-002   28.351441134621286     
   2.1996666175077360E-002   28.382521191021297     
   2.2329999500960113E-002   28.418545775233678     
   2.2663332826842866E-002   28.459422007822941     
   2.2996666152725619E-002   28.505043682989751     
   2.3329999478608372E-002   28.555291555675890     
   2.3663332804491125E-002   28.610033664431143     
   2.3996666130373878E-002   28.669125689159749     
   2.4329999456256628E-002   28.732411342768746     
   2.4663332782139381E-002   28.799722795647149     
   2.4996666108022134E-002   28.870881131815445     
   2.5329999433904887E-002   28.945696835497614     
   2.5663332759787640E-002   29.023970306784612     
   2.5996666085670393E-002   29.105492404978634     
   2.6329999411553145E-002   29.190045018131404     
   2.6663332737435898E-002   29.277401657217862     
   2.6996666063318651E-002   29.367328073319332     
   2.7329999389201404E-002   29.459582896126918     
   2.7663332715084157E-002   29.553918292017396     
   2.7996666040966910E-002   29.650080639900398     
   2.8329999366849663E-002   29.747811222986673     
   2.8663332692732416E-002   29.846846934583773     
   2.8996666018615169E-002   29.946920995986822     
   2.9329999344497919E-002   30.047763684498975     
   2.9663332670380672E-002   30.149103069588246     
   2.9996665996263425E-002   30.250665755165141     
   3.0329999322146178E-002   30.352177625948727     
   3.0663332648028931E-002   30.453364595877279     
   3.0996665973911684E-002   30.553953356514373     
   3.1329999299794437E-002   30.653672123400835     
   3.1663332625677193E-002   30.752251378308955     
   3.1996665951559942E-002   30.849424605366121     
   3.2329999277442692E-002   30.944929019032266     
   3.2663332603325448E-002   31.038506281937213     
   3.2996665929208198E-002   31.129903210612291     
   3.3329999255090954E-002   31.218872467183360     
   3.3663332580973704E-002   31.305173235130958     
   3.3996665906856460E-002   31.388571877266774     
   3.4329999232739210E-002   31.468842574124547     
   3.4663332558621966E-002   31.545767941016827     
   3.4996665884504716E-002   31.619139622067685     
   3.5329999210387472E-002   31.688758859594344     
   3.5663332536270222E-002   31.754437037278333     
   3.5996665862152978E-002   31.815996195638377     
   3.6329999188035728E-002   31.873269518393307     
   3.6663332513918484E-002   31.926101788382788     
   3.6996665839801234E-002   31.974349811797058     
   3.7329999165683983E-002   32.017882809553896     
   3.7663332491566739E-002   32.056582774750702     
   3.7996665817449489E-002   32.090344795212651     
   3.8329999143332245E-002   32.119077340253497     
   3.8663332469214995E-002   32.142702510863529     
   3.8996665795097751E-002   32.161156252639451     
   3.9329999120980501E-002   32.174388530872953     
   3.9663332446863257E-002   32.182363467318353     
   3.9996665772746007E-002   32.185059438264737     
