   3.3333331843217230E-006   27.452714724086245     
   3.2999999269843104E-004   27.280387497891081     
   6.6333331858118379E-004   27.168680798374648     
   9.9666664446393643E-004   27.129748816533326     
   1.3299999703466892E-003   27.162655558191556     
   1.6633332962294419E-003   27.257113474529802     
   1.9966666221121949E-003   27.394527410250372     
   2.3299999479949474E-003   27.550560868936184     
   2.6633332738777004E-003   27.699102065315508     
   2.9966665997604534E-003   27.817157356970572     
   3.3299999256432059E-003   27.889833753791741     
   3.6633332515259584E-003   27.914295148090755     
   3.9966665774087114E-003   27.901515750805551     
   4.3299999032914644E-003   27.874920548969957     
   4.6633332291742165E-003   27.865639047527001     
   4.9966665550569694E-003   27.905025846233947     
   5.3299998809397224E-003   28.016093129845174     
   5.6633332068224754E-003   28.206212979125343     
   5.9966665327052283E-003   28.463524146369018     
   6.3299998585879804E-003   28.758701974884307     
   6.6633331844707334E-003   29.052196987910833     
   6.9966665103534864E-003   29.305149399052478     
   7.3299998362362385E-003   29.490639751484895     
   7.6633331621189914E-003   29.601444620944214     
   7.9966664880017444E-003   29.651409900219516     
   8.3299998138844974E-003   29.669735402679908     
   8.6633331397672503E-003   29.690100582409354     
   8.9966664656500033E-003   29.738573369674452     
   9.3299997915327545E-003   29.824741656196927     
   9.6633331174155075E-003   29.939229148683808     
   9.9966664432982605E-003   30.058230844544401     
   1.0329999769181013E-002   30.153010660297873     
   1.0663333095063766E-002   30.200571747405188     
   1.0996666420946519E-002   30.191587516702558     
   1.1329999746829272E-002   30.133074506276927     
   1.1663333072712025E-002   30.045471821083563     
   1.1996666398594778E-002   29.955804684601294     
   1.2329999724477530E-002   29.889704199594838     
   1.2663333050360282E-002   29.864978663911273     
   1.2996666376243035E-002   29.888435594054570     
   1.3329999702125788E-002   29.956285988720655     
   1.3663333028008541E-002   30.057283029232256     
   1.3996666353891294E-002   30.177110437599765     
   1.4329999679774047E-002   30.302512961774159     
   1.4663333005656799E-002   30.424097064552761     
   1.4996666331539552E-002   30.537363192064547     
   1.5329999657422304E-002   30.642117722846418     
   1.5663332983305057E-002   30.740799442255891     
   1.5996666309187810E-002   30.836397009369040     
   1.6329999635070563E-002   30.930569071644921     
   1.6663332960953316E-002   31.022388230470799     
   1.6996666286836069E-002   31.107898563370153     
   1.7329999612718822E-002   31.180468190458729     
   1.7663332938601575E-002   31.231769038953058     
   1.7996666264484328E-002   31.253135289670723     
   1.8329999590367081E-002   31.237032280709471     
   1.8663332916249831E-002   31.178392705906120     
   1.8996666242132584E-002   31.075629062568012     
   1.9329999568015337E-002   30.931195387006316     
   1.9663332893898090E-002   30.751636668820115     
   1.9996666219780843E-002   30.547124827343918     
   2.0329999545663596E-002   30.330533522747618     
   2.0663332871546349E-002   30.116150832344328     
   2.0996666197429101E-002   29.918170576385208     
   2.1329999523311854E-002   29.749140642070344     
   2.1663332849194607E-002   29.618577798950547     
   2.1996666175077360E-002   29.531975953673605     
   2.2329999500960113E-002   29.490425485449517     
   2.2663332826842866E-002   29.491008170625609     
   2.2996666152725619E-002   29.528019785120531     
   2.3329999478608372E-002   29.594896521231544     
   2.3663332804491125E-002   29.686500585617331     
   2.3996666130373878E-002   29.801205540761565     
   2.4329999456256628E-002   29.942095116519393     
   2.4663332782139381E-002   30.116645393238006     
   2.4996666108022134E-002   30.334569340591685     
   2.5329999433904887E-002   30.604059001827618     
   2.5663332759787640E-002   30.927341408161674     
   2.5996666085670393E-002   31.297027833758094     
   2.6329999411553145E-002   31.694884625264397     
   2.6663332737435898E-002   32.094162176731395     
   2.6996666063318651E-002   32.465484390868482     
   2.7329999389201404E-002   32.784838519734009     
   2.7663332715084157E-002   33.040998472642819     
   2.7996666040966910E-002   33.239398442438457     
   2.8329999366849663E-002   33.400411436879637     
   2.8663332692732416E-002   33.552003635387919     
   2.8996666018615169E-002   33.719081476644078     
   2.9329999344497919E-002   33.913480018608169     
   2.9663332670380672E-002   34.128614992787554     
   2.9996665996263425E-002   34.341156273892224     
   3.0329999322146178E-002   34.519316281900629     
   3.0663332648028931E-002   34.634674648581729     
   3.0996665973911684E-002   34.673054233772092     
   3.1329999299794437E-002   34.640410824823554     
   3.1663332625677193E-002   34.561738545201457     
   3.1996665951559942E-002   34.473684981909905     
   3.2329999277442692E-002   34.413778115085378     
   3.2663332603325448E-002   34.410081866332540     
   3.2996665929208198E-002   34.474538581293160     
   3.3329999255090954E-002   34.601649027540581     
   3.3663332580973704E-002   34.772229983763680     
   3.3996665906856460E-002   34.960487267318356     
   3.4329999232739210E-002   35.141962261523815     
   3.4663332558621966E-002   35.300090216221463     
   3.4996665884504716E-002   35.429894361378743     
   3.5329999210387472E-002   35.538352271628028     
   3.5663332536270222E-002   35.641867472164535     
   3.5996665862152978E-002   35.761851233986349     
   3.6329999188035728E-002   35.919612693479294     
   3.6663332513918484E-002   36.131634739273593     
   3.6996665839801234E-002   36.406003211525231     
   3.7329999165683983E-002   36.740387241790863     
   3.7663332491566739E-002   37.121637538813403     
   3.7996665817449489E-002   37.526831285573955     
   3.8329999143332245E-002   37.925460260128297     
   3.8663332469214995E-002   38.282417165989315     
   3.8996665795097751E-002   38.561453419952649     
   3.9329999120980501E-002   38.728826071864582     
   3.9663332446863257E-002   38.756893140018548     
   3.9996665772746007E-002   38.627435737814672     
