   3.3333331843217230E-006   30.234662276455694     
   3.2999999269843104E-004   30.234634411855080     
   6.6333331858118379E-004   30.234549699885893     
   9.9666664446393643E-004   30.234408198605482     
   1.3299999703466892E-003   30.234210004991766     
   1.6633332962294419E-003   30.233955254876761     
   1.9966666221121949E-003   30.233644122853473     
   2.3299999479949474E-003   30.233276822156256     
   2.6633332738777004E-003   30.232853604514684     
   2.9966665997604534E-003   30.232374759981010     
   3.3299999256432059E-003   30.231840616731372     
   3.6633332515259584E-003   30.231251540840887     
   3.9966665774087114E-003   30.230607936032769     
   4.3299999032914644E-003   30.229910243401633     
   4.6633332291742165E-003   30.229158941111180     
   4.9966665550569694E-003   30.228354544066509     
   5.3299998809397224E-003   30.227497603561197     
   5.6633332068224754E-003   30.226588706899491     
   5.9966665327052283E-003   30.225628476993805     
   6.3299998585879804E-003   30.224617571937785     
   6.6633331844707334E-003   30.223556684555291     
   6.9966665103534864E-003   30.222446541925596     
   7.3299998362362385E-003   30.221287904885045     
   7.6633331621189914E-003   30.220081567505638     
   7.9966664880017444E-003   30.218828356550787     
   8.3299998138844974E-003   30.217529130908748     
   8.6633331397672503E-003   30.216184781003907     
   8.9966664656500033E-003   30.214796228186611     
   9.3299997915327545E-003   30.213364424101641     
   9.6633331174155075E-003   30.211890350036061     
   9.9966664432982605E-003   30.210375016246648     
   1.0329999769181013E-002   30.208819461267552     
   1.0663333095063766E-002   30.207224751198531     
   1.0996666420946519E-002   30.205591978974233     
   1.1329999746829272E-002   30.203922263615254     
   1.1663333072712025E-002   30.202216749461179     
   1.1996666398594778E-002   30.200476605386271     
   1.2329999724477530E-002   30.198703023998419     
   1.2663333050360282E-002   30.196897220821793     
   1.2996666376243035E-002   30.195060433463748     
   1.3329999702125788E-002   30.193193920766667     
   1.3663333028008541E-002   30.191298961945183     
   1.3996666353891294E-002   30.189376855709490     
   1.4329999679774047E-002   30.187428919375257     
   1.4663333005656799E-002   30.185456487960838     
   1.4996666331539552E-002   30.183460913272270     
   1.5329999657422304E-002   30.181443562976831     
   1.5663332983305057E-002   30.179405819665721     
   1.5996666309187810E-002   30.177349079906499     
   1.6329999635070563E-002   30.175274753285944     
   1.6663332960953316E-002   30.173184261443975     
   1.6996666286836069E-002   30.171079037099364     
   1.7329999612718822E-002   30.168960523067799     
   1.7663332938601575E-002   30.166830171273055     
   1.7996666264484328E-002   30.164689441751918     
   1.8329999590367081E-002   30.162539801653555     
   1.8663332916249831E-002   30.160382724233990     
   1.8996666242132584E-002   30.158219687846426     
   1.9329999568015337E-002   30.156052174928028     
   1.9663332893898090E-002   30.153881670983981     
   1.9996666219780843E-002   30.151709663569342     
   2.0329999545663596E-002   30.149537641269582     
   2.0663332871546349E-002   30.147367092680373     
   2.0996666197429101E-002   30.145199505387389     
   2.1329999523311854E-002   30.143036364946752     
   2.1663332849194607E-002   30.140879153866948     
   2.1996666175077360E-002   30.138729350592804     
   2.2329999500960113E-002   30.136588428492171     
   2.2663332826842866E-002   30.134457854846190     
   2.2996666152725619E-002   30.132339089843697     
   2.3329999478608372E-002   30.130233585580473     
   2.3663332804491125E-002   30.128142785064046     
   2.3996666130373878E-002   30.126068121224730     
   2.4329999456256628E-002   30.124011015933576     
   2.4663332782139381E-002   30.121972879027872     
   2.4996666108022134E-002   30.119955107344911     
   2.5329999433904887E-002   30.117959083764710     
   2.5663332759787640E-002   30.115986176262194     
   2.5996666085670393E-002   30.114037736969685     
   2.6329999411553145E-002   30.112115101250232     
   2.6663332737435898E-002   30.110219586782403     
   2.6996666063318651E-002   30.108352492657179     
   2.7329999389201404E-002   30.106515098487691     
   2.7663332715084157E-002   30.104708663532193     
   2.7996666040966910E-002   30.102934425831048     
   2.8329999366849663E-002   30.101193601358204     
   2.8663332692732416E-002   30.099487383187874     
   2.8996666018615169E-002   30.097816940676822     
   2.9329999344497919E-002   30.096183418662978     
   2.9663332670380672E-002   30.094587936680799     
   2.9996665996263425E-002   30.093031588193988     
   3.0329999322146178E-002   30.091515439846120     
   3.0663332648028931E-002   30.090040530729596     
   3.0996665973911684E-002   30.088607871673513     
   3.1329999299794437E-002   30.087218444550878     
   3.1663332625677193E-002   30.085873201605697     
   3.1996665951559942E-002   30.084573064800324     
   3.2329999277442692E-002   30.083318925183644     
   3.2663332603325448E-002   30.082111642280349     
   3.2996665929208198E-002   30.080952043501874     
   3.3329999255090954E-002   30.079840923579344     
   3.3663332580973704E-002   30.078779044018912     
   3.3996665906856460E-002   30.077767132579808     
   3.4329999232739210E-002   30.076805882775634     
   3.4663332558621966E-002   30.075895953399016     
   3.4996665884504716E-002   30.075037968070149     
   3.5329999210387472E-002   30.074232514809339     
   3.5663332536270222E-002   30.073480145634065     
   3.5996665862152978E-002   30.072781376180586     
   3.6329999188035728E-002   30.072136685350610     
   3.6663332513918484E-002   30.071546514983073     
   3.6996665839801234E-002   30.071011269551278     
   3.7329999165683983E-002   30.070531315885720     
   3.7663332491566739E-002   30.070106982922685     
   3.7996665817449489E-002   30.069738561478825     
   3.8329999143332245E-002   30.069426304051792     
   3.8663332469214995E-002   30.069170424647243     
   3.8996665795097751E-002   30.068971098632154     
   3.9329999120980501E-002   30.068828462614626     
   3.9663332446863257E-002   30.068742614350260     
   3.9996665772746007E-002   30.068713612675179     
