   3.3333331843217230E-006   29.382420582611076     
   3.2999999269843104E-004   29.454545465041662     
   6.6333331858118379E-004   29.642425566939050     
   9.9666664446393643E-004   29.923963748854177     
   1.3299999703466892E-003   30.257957419677510     
   1.6633332962294419E-003   30.593666313152315     
   1.9966666221121949E-003   30.883105757850760     
   2.3299999479949474E-003   31.092224315280070     
   2.6633332738777004E-003   31.207763919927057     
   2.9966665997604534E-003   31.237986781946297     
   3.3299999256432059E-003   31.207411429503932     
   3.6633332515259584E-003   31.147562253971355     
   3.9966665774087114E-003   31.086872881763025     
   4.3299999032914644E-003   31.042929040190696     
   4.6633332291742165E-003   31.019219957325159     
   4.9966665550569694E-003   31.006891453906253     
   5.3299998809397224E-003   30.990278248217926     
   5.6633332068224754E-003   30.953840542251768     
   5.9966665327052283E-003   30.887907838994419     
   6.3299998585879804E-003   30.791349854416715     
   6.6633331844707334E-003   30.670617213190042     
   6.9966665103534864E-003   30.535991922207501     
   7.3299998362362385E-003   30.396839395500169     
   7.6633331621189914E-003   30.257844297732149     
   7.9966664880017444E-003   30.117633855671816     
   8.3299998138844974E-003   29.970125440457139     
   8.6633331397672503E-003   29.807823068993699     
   8.9966664656500033E-003   29.625556451196580     
   9.3299997915327545E-003   29.423057375781227     
   9.6633331174155075E-003   29.205296550549193     
   9.9966664432982605E-003   28.980420066107634     
   1.0329999769181013E-002   28.756062008624642     
   1.0663333095063766E-002   28.535420479181319     
   1.0996666420946519E-002   28.314564951221151     
   1.1329999746829272E-002   28.081996279038989     
   1.1663333072712025E-002   27.820696743358770     
   1.1996666398594778E-002   27.512078985405399     
   1.2329999724477530E-002   27.140652501813463     
   1.2663333050360282E-002   26.698050832929983     
   1.2996666376243035E-002   26.185322490930979     
   1.3329999702125788E-002   25.612960009383642     
   1.3663333028008541E-002   25.456768148163974     
   1.3996666353891294E-002   25.297138729995769     
   1.4329999679774047E-002   25.142803699219908     
   1.4663333005656799E-002   25.004990238907105     
   1.4996666331539552E-002   24.891913663720224     
   1.5329999657422304E-002   24.808371241621913     
   1.5663332983305057E-002   24.755846070121777     
   1.5996666309187810E-002   24.733011396477057     
   1.6329999635070563E-002   24.736495818610209     
   1.6663332960953316E-002   24.761763683157557     
   1.6996666286836069E-002   24.803977963079973     
   1.7329999612718822E-002   24.858739207293898     
   1.7663332938601575E-002   24.922627981385450     
   1.7996666264484328E-002   24.993514297201113     
   1.8329999590367081E-002   25.070631554942260     
   1.8663332916249831E-002   25.154441328364943     
   1.8996666242132584E-002   25.246336895709135     
   1.9329999568015337E-002   25.348246785102436     
   1.9663332893898090E-002   25.462204668965018     
   1.9996666219780843E-002   25.589949300843024     
   2.0329999545663596E-002   25.732608943974355     
   2.0663332871546349E-002   25.890510357407649     
   2.0996666197429101E-002   26.063134583403173     
   2.1329999523311854E-002   26.249222352526520     
   2.1663332849194607E-002   26.447012756504552     
   2.1996666175077360E-002   26.654581726975412     
   2.2329999500960113E-002   26.870233407897658     
   2.2663332826842866E-002   27.092889027696053     
   2.2996666152725619E-002   27.322415271385395     
   2.3329999478608372E-002   27.559837859085349     
   2.3663332804491125E-002   27.807395987334303     
   2.3996666130373878E-002   28.068408914300022     
   2.4329999456256628E-002   28.346946228707637     
   2.4663332782139381E-002   28.647316762824516     
   2.4996666108022134E-002   28.973415826433101     
   2.5329999433904887E-002   29.327994226559984     
   2.5663332759787640E-002   29.711932856573728     
   2.5996666085670393E-002   30.123620712244840     
   2.6329999411553145E-002   30.558539160050735     
   2.6663332737435898E-002   31.009148449335978     
   2.6996666063318651E-002   31.445351550579169     
   2.7329999389201404E-002   31.893919010791969     
   2.7663332715084157E-002   32.339530663734450     
   2.7996666040966910E-002   32.768146583818258     
   2.8329999366849663E-002   33.169549053529195     
   2.8663332692732416E-002   33.539002289478866     
   2.8996666018615169E-002   33.877923163401114     
   2.9329999344497919E-002   34.193325600245302     
   2.9663332670380672E-002   34.496060228192619     
   2.9996665996263425E-002   34.798160303185895     
   3.0329999322146178E-002   35.109856258545179     
   3.0663332648028931E-002   35.436964226017608     
   3.0996665973911684E-002   35.779335101189247     
   3.1329999299794437E-002   36.130850716207220     
   3.1663332625677193E-002   36.481098134056452     
   3.1996665951559942E-002   36.818413855719861     
   3.2329999277442692E-002   37.133573455717091     
   3.2663332603325448E-002   37.423127158469725     
   3.2996665929208198E-002   37.691347610433027     
   3.3329999255090954E-002   37.950012175625972     
   3.3663332580973704E-002   38.215765204268244     
   3.3996665906856460E-002   38.505492791546999     
   3.4329999232739210E-002   38.830824738134744     
   3.4663332558621966E-002   39.193356531099191     
   3.4996665884504716E-002   39.582279311637372     
   3.5329999210387472E-002   39.975714356448968     
   3.5663332536270222E-002   40.346186582844354     
   3.5996665862152978E-002   40.669493916102418     
   3.6329999188035728E-002   40.935013578957168     
   3.6663332513918484E-002   41.154578320992130     
   3.6996665839801234E-002   41.366784824392425     
   3.7329999165683983E-002   41.634179158317750     
   3.7663332491566739E-002   42.032218432691849     
   3.7996665817449489E-002   42.631008302354232     
   3.8329999143332245E-002   43.473107412400466     
   3.8663332469214995E-002   44.552568393696838     
   3.8996665795097751E-002   45.801237525331594     
   3.9329999120980501E-002   47.087709163924686     
   3.9663332446863257E-002   48.232093188620112     
   3.9996665772746007E-002   49.036190726555091     
