   3.3333331843217230E-006   35.841013976472517     
   3.2999999269843104E-004   35.795991781651615     
   6.6333331858118379E-004   35.883434890674408     
   9.9666664446393643E-004   36.102522597409326     
   1.3299999703466892E-003   36.439784734808057     
   1.6633332962294419E-003   36.872068841979093     
   1.9966666221121949E-003   37.368650005387181     
   2.3299999479949474E-003   37.894735479237916     
   2.6633332738777004E-003   38.416108943963437     
   2.9966665997604534E-003   38.904324684537087     
   3.3299999256432059E-003   39.341536039173107     
   3.6633332515259584E-003   39.723834123467924     
   3.9966665774087114E-003   40.062006261842477     
   4.3299999032914644E-003   40.378995899858559     
   4.6633332291742165E-003   40.704071610200828     
   4.9966665550569694E-003   41.064675031529873     
   5.3299998809397224E-003   41.477853766390822     
   5.6633332068224754E-003   41.943737075473983     
   5.9966665327052283E-003   42.443345818761514     
   6.3299998585879804E-003   42.941997176834278     
   6.6633331844707334E-003   43.397847838866838     
   6.9966665103534864E-003   43.773245928901851     
   7.3299998362362385E-003   44.045267658878537     
   7.6633331621189914E-003   44.211745277474684     
   7.9966664880017444E-003   44.290471139721305     
   8.3299998138844974E-003   44.311693474851886     
   8.6633331397672503E-003   44.306574709740119     
   8.9966664656500033E-003   44.295878867707039     
   9.3299997915327545E-003   44.283059763741463     
   9.6633331174155075E-003   44.254138690727984     
   9.9966664432982605E-003   44.184054582226402     
   1.0329999769181013E-002   44.046713621268886     
   1.0663333095063766E-002   43.824776523500475     
   1.0996666420946519E-002   43.515695351414500     
   1.1329999746829272E-002   43.132286149638084     
   1.1663333072712025E-002   42.698323460738081     
   1.1996666398594778E-002   42.241335568523098     
   1.2329999724477530E-002   41.785392200926417     
   1.2663333050360282E-002   41.346176575318687     
   1.2996666376243035E-002   40.929432961948123     
   1.3329999702125788E-002   40.532568346629958     
   1.3663333028008541E-002   40.148250638207344     
   1.3996666353891294E-002   39.768510939514442     
   1.4329999679774047E-002   39.388073959760298     
   1.4663333005656799E-002   39.006184219688514     
   1.4996666331539552E-002   38.626801475176904     
   1.5329999657422304E-002   38.257506042888529     
   1.5663332983305057E-002   37.907691971346672     
   1.5996666309187810E-002   37.586641961612919     
   1.6329999635070563E-002   37.301942200959516     
   1.6663332960953316E-002   37.058494440254023     
   1.6996666286836069E-002   36.858188542831655     
   1.7329999612718822E-002   36.700154033262024     
   1.7663332938601575E-002   36.581427587226280     
   1.7996666264484328E-002   36.497848014647154     
   1.8329999590367081E-002   36.445003994985633     
   1.8663332916249831E-002   36.419093968357402     
   1.8996666242132584E-002   36.417597266252500     
   1.9329999568015337E-002   36.439691777648861     
   1.9663332893898090E-002   36.486382992805723     
   1.9996666219780843E-002   36.560333438805408     
   2.0329999545663596E-002   36.665404280806293     
   2.0663332871546349E-002   36.805946892533733     
   2.0996666197429101E-002   36.985914908513834     
   2.1329999523311854E-002   37.207906804948266     
   2.1663332849194607E-002   37.472290494680287     
   2.1996666175077360E-002   37.776593677420941     
   2.2329999500960113E-002   38.115350002109338     
   2.2663332826842866E-002   38.480552211676127     
   2.2996666152725619E-002   38.862764174202660     
   2.3329999478608372E-002   39.252782601218655     
   2.3663332804491125E-002   39.643538853071405     
   2.3996666130373878E-002   40.031744142236512     
   2.4329999456256628E-002   40.418685752802737     
   2.4663332782139381E-002   40.809660495566433     
   2.4996666108022134E-002   41.211835500261742     
   2.5329999433904887E-002   41.630831625166500     
   2.5663332759787640E-002   42.066903349288658     
   2.5996666085670393E-002   42.512019847349841     
   2.6329999411553145E-002   42.949187716999020     
   2.6663332737435898E-002   43.354838107267739     
   2.6996666063318651E-002   43.704079686163496     
   2.7329999389201404E-002   43.977407096954622     
   2.7663332715084157E-002   44.166558124339680     
   2.7996666040966910E-002   44.277126664204367     
   2.8329999366849663E-002   44.326483717235902     
   2.8663332692732416E-002   44.337296746574424     
   2.8996666018615169E-002   44.328795263504283     
   2.9329999344497919E-002   44.309067693535610     
   2.9663332670380672E-002   44.271492712342059     
   2.9996665996263425E-002   44.196882892693530     
   3.0329999322146178E-002   44.060660335869244     
   3.0663332648028931E-002   43.842369330003109     
   3.0996665973911684E-002   43.533933899093050     
   3.1329999299794437E-002   43.143642870789542     
   3.1663332625677193E-002   42.694580915760291     
   3.1996665951559942E-002   42.218331530509488     
   3.2329999277442692E-002   41.746387063701754     
   3.2663332603325448E-002   41.302249437930236     
   3.2996665929208198E-002   40.896632740606982     
   3.3329999255090954E-002   40.526867513070258     
   3.3663332580973704E-002   40.180144660812580     
   3.3996665906856460E-002   39.839147880723431     
   3.4329999232739210E-002   39.488184786876730     
   3.4663332558621966E-002   39.118130569075440     
   3.4996665884504716E-002   38.729129329834322     
   3.5329999210387472E-002   38.330766562907954     
   3.5663332536270222E-002   37.940082214696588     
   3.5996665862152978E-002   37.578194806189494     
   3.6329999188035728E-002   37.266425820630843     
   3.6663332513918484E-002   37.022707000323145     
   3.6996665839801234E-002   36.858817352869188     
   3.7329999165683983E-002   36.778726570945615     
   3.7663332491566739E-002   36.778086787135678     
   3.7996665817449489E-002   36.844751136898900     
   3.8329999143332245E-002   36.960111746585504     
   3.8663332469214995E-002   37.101027590388526     
   3.8996665795097751E-002   37.242130525994803     
   3.9329999120980501E-002   37.358330751772606     
   3.9663332446863257E-002   37.427370127949366     
   3.9996665772746007E-002   37.432279627505537     
