   3.3333331843217230E-006   29.812186515775867     
   3.2999999269843104E-004   29.902149039905122     
   6.6333331858118379E-004   30.121559852803554     
   9.9666664446393643E-004   30.463106578699055     
   1.3299999703466892E-003   30.913335997263758     
   1.6633332962294419E-003   31.452844886748760     
   1.9966666221121949E-003   32.057824476434547     
   2.3299999479949474E-003   32.702411935901317     
   2.6633332738777004E-003   33.361678482816160     
   2.9966665997604534E-003   34.014887280585427     
   3.3299999256432059E-003   34.648462472685793     
   3.6633332515259584E-003   35.257987765227050     
   3.9966665774087114E-003   35.848573461862337     
   4.3299999032914644E-003   36.433154903051488     
   4.6633332291742165E-003   37.028725364601804     
   4.9966665550569694E-003   37.651096856061734     
   5.3299998809397224E-003   38.309368043241953     
   5.6633332068224754E-003   39.001641845291168     
   5.9966665327052283E-003   39.713465054373167     
   6.3299998585879804E-003   40.419853134411902     
   6.6633331844707334E-003   41.090704168199132     
   6.9966665103534864E-003   41.698206524420542     
   7.3299998362362385E-003   42.223959752584108     
   7.6633331621189914E-003   42.663382087036283     
   7.9966664880017444E-003   43.025755235086805     
   8.3299998138844974E-003   43.329761857015718     
   8.6633331397672503E-003   43.596051580518974     
   8.9966664656500033E-003   43.839532252913067     
   9.3299997915327545E-003   44.064202825526223     
   9.6633331174155075E-003   44.262339125934886     
   9.9966664432982605E-003   44.418130743167907     
   1.0329999769181013E-002   44.514177419485833     
   1.0663333095063766E-002   44.538287041277854     
   1.0996666420946519E-002   44.488121676301532     
   1.1329999746829272E-002   44.372272767604770     
   1.1663333072712025E-002   44.207793184979472     
   1.1996666398594778E-002   44.015450454412765     
   1.2329999724477530E-002   43.814550778616045     
   1.2663333050360282E-002   43.619012555686297     
   1.2996666376243035E-002   43.435650810935584     
   1.3329999702125788E-002   43.264742299567473     
   1.3663333028008541E-002   43.102224597787846     
   1.3996666353891294E-002   42.942540203464048     
   1.4329999679774047E-002   42.781183766222973     
   1.4663333005656799E-002   42.616326267814280     
   1.4996666331539552E-002   42.449301279742848     
   1.5329999657422304E-002   42.284095554382219     
   1.5663332983305057E-002   42.126204037794317     
   1.5996666309187810E-002   41.981272093078914     
   1.6329999635070563E-002   41.853888779328322     
   1.6663332960953316E-002   41.746769146236133     
   1.6996666286836069E-002   41.660422976159374     
   1.7329999612718822E-002   41.593288744030133     
   1.7663332938601575E-002   41.542232180711892     
   1.7996666264484328E-002   41.503270422050960     
   1.8329999590367081E-002   41.472377459377796     
   1.8663332916249831E-002   41.446243037531211     
   1.8996666242132584E-002   41.422884486490979     
   1.9329999568015337E-002   41.402041334204675     
   1.9663332893898090E-002   41.385311575260694     
   1.9996666219780843E-002   41.376014953675465     
   2.0329999545663596E-002   41.378793584778897     
   2.0663332871546349E-002   41.398985793828182     
   2.0996666197429101E-002   41.441837053963759     
   2.1329999523311854E-002   41.511642558327971     
   2.1663332849194607E-002   41.610946349564109     
   2.1996666175077360E-002   41.739944960000678     
   2.2329999500960113E-002   41.896247841485653     
   2.2663332826842866E-002   42.075118682153473     
   2.2996666152725619E-002   42.270249136167308     
   2.3329999478608372E-002   42.474996520683682     
   2.3663332804491125E-002   42.683863582999216     
   2.3996666130373878E-002   42.893848140687666     
   2.4329999456256628E-002   43.105201120423068     
   2.4663332782139381E-002   43.321168917008002     
   2.4996666108022134E-002   43.546506758006629     
   2.5329999433904887E-002   43.784927512923112     
   2.5663332759787640E-002   44.036108916210523     
   2.5996666085670393E-002   44.293256366396761     
   2.6329999411553145E-002   44.542309092494897     
   2.6663332737435898E-002   44.763538092047348     
   2.6996666063318651E-002   44.935520499262211     
   2.7329999389201404E-002   45.040502973774707     
   2.7663332715084157E-002   45.069376350954123     
   2.7996666040966910E-002   45.024291107388898     
   2.8329999366849663E-002   44.917577705053738     
   2.8663332692732416E-002   44.766970150763612     
   2.8996666018615169E-002   44.588665827135841     
   2.9329999344497919E-002   44.390807315307619     
   2.9663332670380672E-002   44.170001505600808     
   2.9996665996263425E-002   43.912393802023033     
   3.0329999322146178E-002   43.599017000856684     
   3.0663332648028931E-002   43.213410995881333     
   3.0996665973911684E-002   42.748614477258322     
   3.1329999299794437E-002   42.210931752464226     
   3.1663332625677193E-002   41.619198568766635     
   3.1996665951559942E-002   41.000001146814427     
   3.2329999277442692E-002   40.380714890618471     
   3.2663332603325448E-002   39.782810350041167     
   3.2996665929208198E-002   39.217514687678850     
   3.3329999255090954E-002   38.684891109594020     
   3.3663332580973704E-002   38.176182316839942     
   3.3996665906856460E-002   37.678307477573433     
   3.4329999232739210E-002   37.178966313064890     
   3.4663332558621966E-002   36.670911178783079     
   3.4996665884504716E-002   36.154437539124807     
   3.5329999210387472E-002   35.637776602806319     
   3.5663332536270222E-002   35.135636392630744     
   3.5996665862152978E-002   34.666498711915722     
   3.6329999188035728E-002   34.249405672224732     
   3.6663332513918484E-002   33.900901174678907     
   3.6996665839801234E-002   33.632607456295091     
   3.7329999165683983E-002   33.449694584811340     
   3.7663332491566739E-002   33.350302209412689     
   3.7996665817449489E-002   33.325830883547660     
   3.8329999143332245E-002   33.361942381050490     
   3.8663332469214995E-002   33.440084383621993     
   3.8996665795097751E-002   33.539365500780590     
   3.9329999120980501E-002   33.638630876752643     
   3.9663332446863257E-002   33.718608941139308     
   3.9996665772746007E-002   33.764004441304358     
