   3.3333331843217230E-006   36.572665884780662     
   3.2999999269843104E-004   36.566622311276468     
   6.6333331858118379E-004   36.805973483204575     
   9.9666664446393643E-004   37.221360556295942     
   1.3299999703466892E-003   37.676630090107757     
   1.6633332962294419E-003   38.017456611492960     
   1.9966666221121949E-003   38.124056720718059     
   2.3299999479949474E-003   37.951887893147180     
   2.6633332738777004E-003   37.545617757864562     
   2.9966665997604534E-003   37.021422534829973     
   3.3299999256432059E-003   36.524479527264134     
   3.6633332515259584E-003   36.177764241782334     
   3.9966665774087114E-003   36.041309196944418     
   4.3299999032914644E-003   36.096737791409801     
   4.6633332291742165E-003   36.261906781294215     
   4.9966665550569694E-003   36.428859866224421     
   5.3299998809397224E-003   36.509600051911200     
   5.6633332068224754E-003   36.471761244564220     
   5.9966665327052283E-003   36.350861115638281     
   6.3299998585879804E-003   36.235402123026226     
   6.6633331844707334E-003   36.231714240174028     
   6.9966665103534864E-003   36.422910709605084     
   7.3299998362362385E-003   36.837896715086202     
   7.6633331621189914E-003   37.441726177166544     
   7.9966664880017444E-003   38.149883841921337     
   8.3299998138844974E-003   38.859875491657860     
   8.6633331397672503E-003   39.487389257669868     
   8.9966664656500033E-003   39.993368478897089     
   9.3299997915327545E-003   40.392588671280699     
   9.6633331174155075E-003   40.741768837247072     
   9.9966664432982605E-003   41.112843598136763     
   1.0329999769181013E-002   41.561958197859703     
   1.0663333095063766E-002   42.105457361124046     
   1.0996666420946519E-002   42.710769360541015     
   1.1329999746829272E-002   43.304262103444586     
   1.1663333072712025E-002   43.792201565671583     
   1.1996666398594778E-002   44.086977636839983     
   1.2329999724477530E-002   44.129916242993730     
   1.2663333050360282E-002   43.904158877647468     
   1.2996666376243035E-002   43.435114147911307     
   1.3329999702125788E-002   42.780243288505879     
   1.3663333028008541E-002   43.133692357626217     
   1.3996666353891294E-002   43.361862210692365     
   1.4329999679774047E-002   43.506478876163044     
   1.4663333005656799E-002   43.612903705080541     
   1.4996666331539552E-002   43.715730695272946     
   1.5329999657422304E-002   43.838139524030055     
   1.5663332983305057E-002   43.992621018284005     
   1.5996666309187810E-002   44.182490911545749     
   1.6329999635070563E-002   44.403736623994334     
   1.6663332960953316E-002   44.646903384173484     
   1.6996666286836069E-002   44.898875326105724     
   1.7329999612718822E-002   45.144515843144141     
   1.7663332938601575E-002   45.368188039038394     
   1.7996666264484328E-002   45.555183708247114     
   1.8329999590367081E-002   45.693061320227365     
   1.8663332916249831E-002   45.772848679139301     
   1.8996666242132584E-002   45.790023400099095     
   1.9329999568015337E-002   45.745159624514343     
   1.9663332893898090E-002   45.644131804675993     
   1.9996666219780843E-002   45.497797928080189     
   2.0329999545663596E-002   45.321140338284998     
   2.0663332871546349E-002   45.131912187627606     
   2.0996666197429101E-002   44.948908501434673     
   2.1329999523311854E-002   44.790039604879269     
   2.1663332849194607E-002   44.670420264906717     
   2.1996666175077360E-002   44.600693450389123     
   2.2329999500960113E-002   44.585781421133717     
   2.2663332826842866E-002   44.624202598269889     
   2.2996666152725619E-002   44.708018731747757     
   2.3329999478608372E-002   44.823394991793606     
   2.3663332804491125E-002   44.951678957986267     
   2.3996666130373878E-002   45.070845566959051     
   2.4329999456256628E-002   45.157123597382366     
   2.4663332782139381E-002   45.186620275354457     
   2.4996666108022134E-002   45.136793297220976     
   2.5329999433904887E-002   44.987677062284043     
   2.5663332759787640E-002   44.722839849662954     
   2.5996666085670393E-002   44.330115151271407     
   2.6329999411553145E-002   43.802196664975241     
   2.6663332737435898E-002   43.137198371179863     
   2.6996666063318651E-002   42.979762417931738     
   2.7329999389201404E-002   42.749420284496111     
   2.7663332715084157E-002   42.423715159768960     
   2.7996666040966910E-002   42.000244064465591     
   2.8329999366849663E-002   41.493111419562297     
   2.8663332692732416E-002   40.931868289323525     
   2.8996666018615169E-002   40.356792358300019     
   2.9329999344497919E-002   39.811403305526397     
   2.9663332670380672E-002   39.333850483792958     
   2.9996665996263425E-002   38.949186176739218     
   3.0329999322146178E-002   38.664423814473203     
   3.0663332648028931E-002   38.467670775111536     
   3.0996665973911684E-002   38.331645602776206     
   3.1329999299794437E-002   38.220774877599119     
   3.1663332625677193E-002   38.100105850574522     
   3.1996665951559942E-002   37.943737466139467     
   3.2329999277442692E-002   37.740537691970125     
   3.2663332603325448E-002   37.495598347953070     
   3.2996665929208198E-002   37.227026536706489     
   3.3329999255090954E-002   36.958987694629037     
   3.3663332580973704E-002   36.713032767598172     
   3.3996665906856460E-002   36.500325554467935     
   3.4329999232739210E-002   36.317232200560845     
   3.4663332558621966E-002   36.145842400508769     
   3.4996665884504716E-002   35.959579914528760     
   3.5329999210387472E-002   35.732518730058317     
   3.5663332536270222E-002   35.449807318552146     
   3.5996665862152978E-002   35.116105282924401     
   3.6329999188035728E-002   34.759348509234599     
   3.6663332513918484E-002   34.428404913174447     
   3.6996665839801234E-002   34.184920284532645     
   3.7329999165683983E-002   34.091362415184321     
   3.7663332491566739E-002   34.198409703883605     
   3.7996665817449489E-002   34.535011515084484     
   3.8329999143332245E-002   35.103583317343855     
   3.8663332469214995E-002   35.881153821501258     
   3.8996665795097751E-002   36.825407219306939     
   3.9329999120980501E-002   37.883131327592807     
   3.9663332446863257E-002   38.998143498116271     
   3.9996665772746007E-002   40.116531330976628     
