   3.3333331843217230E-006   262.90735732354250     
   3.2999999269843104E-004   205.55362991603690     
   6.6333331858118379E-004   87.979027023780745     
   9.9666664446393643E-004  -49.612776579429166     
   1.3299999703466892E-003  -163.92155429098813     
   1.6633332962294419E-003  -221.31157823399889     
   1.9966666221121949E-003  -206.94168741724525     
   2.3299999479949474E-003  -127.52451366351306     
   2.6633332738777004E-003  -7.5719196697095885     
   2.9966665997604534E-003   119.05605848571287     
   3.3299999256432059E-003   219.34580283641168     
   3.6633332515259584E-003   270.00289401381349     
   3.9966665774087114E-003   262.70215220944181     
   4.3299999032914644E-003   204.69485684847245     
   4.6633332291742165E-003   115.13159165749036     
   4.9966665550569694E-003   18.575825325002029     
   5.3299998809397224E-003  -62.202274973822846     
   5.6633332068224754E-003  -112.05405527084420     
   5.9966665327052283E-003  -126.36972308514905     
   6.3299998585879804E-003  -110.52449257663642     
   6.6633331844707334E-003  -76.394934991826901     
   6.9966665103534864E-003  -37.380838329207407     
   7.3299998362362385E-003  -3.7559830101163030     
   7.6633331621189914E-003   20.088675893050514     
   7.9966664880017444E-003   35.759393292813073     
   8.3299998138844974E-003   48.628821134703415     
   8.6633331397672503E-003   64.415370126059400     
   8.9966664656500033E-003   86.058504738431353     
   9.3299997915327545E-003   112.08260735508213     
   9.6633331174155075E-003   136.91204634118640     
   9.9966664432982605E-003   152.79612277683643     
   1.0329999769181013E-002   152.47179336585188     
   1.0663333095063766E-002   131.59892746760784     
   1.0996666420946519E-002   90.279048314519486     
   1.1329999746829272E-002   33.394653040799810     
   1.1663333072712025E-002  -30.140119275184563     
   1.1996666398594778E-002  -88.952757796389747     
   1.2329999724477530E-002  -131.31735076476386     
   1.2663333050360282E-002  -147.50777028850132     
   1.2996666376243035E-002  -132.07053775428059     
   1.3329999702125788E-002  -85.585672128658103     
   1.3663333028008541E-002  -15.404868156506772     
   1.3996666353891294E-002   65.084183541911656     
   1.4329999679774047E-002   138.84823640766680     
   1.4663333005656799E-002   188.97627905677729     
   1.4996666331539552E-002   203.02838806497377     
   1.5329999657422304E-002   176.78447029915881     
   1.5663332983305057E-002   116.15126579064605     
   1.5996666309187810E-002   36.354813772412072     
   1.6329999635070563E-002  -41.699768758894010     
   1.6663332960953316E-002  -97.086428801385424     
   1.6996666286836069E-002  -114.93025658956502     
   1.7329999612718822E-002  -90.969451562458488     
   1.7663332938601575E-002  -33.023189650068097     
   1.7996666264484328E-002   41.268240565286064     
   1.8329999590367081E-002   109.81060496541470     
   1.8663332916249831E-002   152.81472110736289     
   1.8996666242132584E-002   158.72791804424034     
   1.9329999568015337E-002   127.41609329601786     
   1.9663332893898090E-002   69.660737215947535     
   1.9996666219780843E-002   3.3197520015860604     
   2.0329999545663596E-002  -52.411944137141504     
   2.0663332871546349E-002  -82.701569401322587     
   2.0996666197429101E-002  -80.998771805538041     
   2.1329999523311854E-002  -50.187484808323305     
   2.1663332849194607E-002 -0.93902993771513366     
   2.1996666175077360E-002   51.945472633668743     
   2.2329999500960113E-002   93.965950351673655     
   2.2663332826842866E-002   114.86064063774324     
   2.2996666152725619E-002   111.08038702324396     
   2.3329999478608372E-002   86.299230419209621     
   2.3663332804491125E-002   49.959769174315696     
   2.3996666130373878E-002   14.293455747394177     
   2.4329999456256628E-002  -9.4039704355645028     
   2.4663332782139381E-002  -14.257260062574478     
   2.4996666108022134E-002  -5.3322794766465620E-002
   2.5329999433904887E-002   26.535963532807884     
   2.5663332759787640E-002   54.024304088906845     
   2.5996666085670393E-002   70.039045420724619     
   2.6329999411553145E-002   65.942587233503502     
   2.6663332737435898E-002   40.524334026532486     
   2.6996666063318651E-002   1.2268661674915178     
   2.7329999389201404E-002  -37.888314492814040     
   2.7663332715084157E-002  -61.008557786384294     
   2.7996666040966910E-002  -56.601317462700862     
   2.8329999366849663E-002  -22.249098875708754     
   2.8663332692732416E-002   33.795533291528173     
   2.8996666018615169E-002   95.178853809246704     
   2.9329999344497919E-002   143.26401959075204     
   2.9663332670380672E-002   163.89925396003787     
   2.9996665996263425E-002   152.39235789574846     
   3.0329999322146178E-002   114.71678375910699     
   3.0663332648028931E-002   64.605305178055161     
   3.0996665973911684E-002   17.916862675853274     
   3.1329999299794437E-002  -13.293187096210943     
   3.1663332625677193E-002  -24.629186971706986     
   3.1996665951559942E-002  -19.814906515665086     
   3.2329999277442692E-002  -7.9244211684927421     
   3.2663332603325448E-002   1.1860937993180372     
   3.2996665929208198E-002   1.2642197729823188     
   3.3329999255090954E-002  -7.8378977989525245     
   3.3663332580973704E-002  -20.365886151268924     
   3.3996665906856460E-002  -27.307637901843229     
   3.4329999232739210E-002  -20.350930222340196     
   3.4663332558621966E-002   4.3709694542741317     
   3.4996665884504716E-002   44.127518675686076     
   3.5329999210387472E-002   89.831861672054686     
   3.5663332536270222E-002   128.65674813499726     
   3.5996665862152978E-002   148.20456890879768     
   3.6329999188035728E-002   140.85657416976227     
   3.6663332513918484E-002   106.79647265640892     
   3.6996665839801234E-002   54.566637426873235     
   3.7329999165683983E-002  -1.2044357555142025     
   3.7663332491566739E-002  -44.293012895077787     
   3.7996665817449489E-002  -62.144363838529657     
   3.8329999143332245E-002  -50.092818342615530     
   3.8663332469214995E-002  -12.997132778304742     
   3.8996665795097751E-002   36.374326143914956     
   3.9329999120980501E-002   81.702469926028300     
   3.9663332446863257E-002   108.69302071678152     
   3.9996665772746007E-002   109.87893246542669     
