   3.3333331843217230E-006  -11.212192527080781     
   3.2999999269843104E-004  -7.5985511583594345E-002
   6.6333331858118379E-004   13.875661278864017     
   9.9666664446393643E-004   28.056706917147210     
   1.3299999703466892E-003   40.988984547932446     
   1.6633332962294419E-003   51.951729811430745     
   1.9966666221121949E-003   60.557746456950483     
   2.3299999479949474E-003   66.330366711845329     
   2.6633332738777004E-003   68.509894198603050     
   2.9966665997604534E-003   66.197108989314515     
   3.3299999256432059E-003   58.777372629775634     
   3.6633332515259584E-003   46.430452311726782     
   3.9966665774087114E-003   30.476169265262552     
   4.3299999032914644E-003   13.357799583545706     
   4.6633332291742165E-003  -1.7966362754397380     
   4.9966665550569694E-003  -11.926319048373234     
   5.3299998809397224E-003  -14.862953404055345     
   5.6633332068224754E-003  -9.9492475720111671     
   5.9966665327052283E-003   1.7632152779386785     
   6.3299998585879804E-003   17.803641995147267     
   6.6633331844707334E-003   34.956574476460375     
   6.9966665103534864E-003   50.091414694817395     
   7.3299998362362385E-003   60.878633696519266     
   7.6633331621189914E-003   66.185059289397373     
   7.9966664880017444E-003   66.071871697725413     
   8.3299998138844974E-003   61.466420293335894     
   8.6633331397672503E-003   53.685290984529331     
   8.9966664656500033E-003   44.013376506801755     
   9.3299997915327545E-003   33.487554065453310     
   9.6633331174155075E-003   22.922692928696069     
   9.9966664432982605E-003   13.100880974916715     
   1.0329999769181013E-002   4.9705424973061501     
   1.0663333095063766E-002 -0.30017093676511486     
   1.0996666420946519E-002  -1.5022269945859152     
   1.1329999746829272E-002   2.2282101583954201     
   1.1663333072712025E-002   10.949994510474330     
   1.1996666398594778E-002   23.578264317729719     
   1.2329999724477530E-002   37.848663514941244     
   1.2663333050360282E-002   50.679532095885676     
   1.2996666376243035E-002   58.892809672428470     
   1.3329999702125788E-002   60.116850125457702     
   1.3663333028008541E-002   52.835769528603045     
   1.3996666353891294E-002   38.659112382199446     
   1.4329999679774047E-002   22.851799086429928     
   1.4663333005656799E-002   10.844557407891617     
   1.4996666331539552E-002   6.2271837592449879     
   1.5329999657422304E-002   9.5385515781052206     
   1.5663332983305057E-002   18.300133102812371     
   1.5996666309187810E-002   28.239373967148275     
   1.6329999635070563E-002   35.165384459322979     
   1.6663332960953316E-002   36.697750033357188     
   1.6996666286836069E-002   33.125889430978141     
   1.7329999612718822E-002   27.063104296054622     
   1.7663332938601575E-002   22.090240783781805     
   1.7996666264484328E-002   21.024866914383619     
   1.8329999590367081E-002   24.605782683440381     
   1.8663332916249831E-002   31.180129538205218     
   1.8996666242132584E-002   37.514257601201109     
   1.9329999568015337E-002   40.334192156863317     
   1.9663332893898090E-002   37.874003695413087     
   1.9996666219780843E-002   30.719499776061461     
   2.0329999545663596E-002   21.571425565602638     
   2.0663332871546349E-002   14.055106975991510     
   2.0996666197429101E-002   11.135721524876654     
   2.1329999523311854E-002   13.861667560161623     
   2.1663332849194607E-002   20.985299268920528     
   2.1996666175077360E-002   29.592487537862866     
   2.2329999500960113E-002   36.412901915872467     
   2.2663332826842866E-002   39.195500664916111     
   2.2996666152725619E-002   37.542031355749359     
   2.3329999478608372E-002   32.874685486950824     
   2.3663332804491125E-002   27.624930451977804     
   2.3996666130373878E-002   24.071558716181773     
   2.4329999456256628E-002   23.375798009342571     
   2.4663332782139381E-002   25.222418003899399     
   2.4996666108022134E-002   28.163521045183444     
   2.5329999433904887E-002   30.434581140703706     
   2.5663332759787640E-002   30.821639685825083     
   2.5996666085670393E-002   29.178696725769907     
   2.6329999411553145E-002   26.395222605027879     
   2.6663332737435898E-002   23.885152804383559     
   2.6996666063318651E-002   22.896870280475312     
   2.7329999389201404E-002   23.744885626724059     
   2.7663332715084157E-002   26.259906495665707     
   2.7996666040966910E-002   29.667786385254054     
   2.8329999366849663E-002   32.902997956679044     
   2.8663332692732416E-002   34.995477096254177     
   2.8996666018615169E-002   35.391550269247702     
   2.9329999344497919E-002   34.109022602352972     
   2.9663332670380672E-002   31.691689931738679     
   2.9996665996263425E-002   28.996902935421936     
   3.0329999322146178E-002   26.899642089190159     
   3.0663332648028931E-002   26.014658037091635     
   3.0996665973911684E-002   26.522731786731512     
   3.1329999299794437E-002   28.146579395788983     
   3.1663332625677193E-002   30.271492459670199     
   3.1996665951559942E-002   32.161847749767993     
   3.2329999277442692E-002   33.199749525004087     
   3.2663332603325448E-002   33.071819314337084     
   3.2996665929208198E-002   31.852119494536989     
   3.3329999255090954E-002   29.964620262681038     
   3.3663332580973704E-002   28.045620024840225     
   3.3996665906856460E-002   26.753955896559841     
   3.4329999232739210E-002   26.587496439329641     
   3.4663332558621966E-002   27.756801001437189     
   3.4996665884504716E-002   30.145077703025315     
   3.5329999210387472E-002   33.355655584631975     
   3.5663332536270222E-002   36.823196856629004     
   3.5996665862152978E-002   39.950149182813909     
   3.6329999188035728E-002   42.228934205325061     
   3.6663332513918484E-002   43.321870792003168     
   3.6996665839801234E-002   43.089642696627379     
   3.7329999165683983E-002   41.577969118387912     
   3.7663332491566739E-002   38.984172695075642     
   3.7996665817449489E-002   35.626438631851947     
   3.8329999143332245E-002   31.928728673746424     
   3.8663332469214995E-002   28.417760102547909     
   3.8996665795097751E-002   25.712265417731452     
   3.9329999120980501E-002   24.476525671060230     
   3.9663332446863257E-002   25.315367262063610     
   3.9996665772746007E-002   28.607480306772942     
