   3.3333331843217230E-006   32.918549232230198     
   3.2999999269843104E-004   32.757445225125799     
   6.6333331858118379E-004   32.825256592043885     
   9.9666664446393643E-004   33.057924262241748     
   1.3299999703466892E-003   33.316016325838682     
   1.6633332962294419E-003   33.445272303610665     
   1.9966666221121949E-003   33.337725238118203     
   2.3299999479949474E-003   32.975162099531097     
   2.6633332738777004E-003   32.437528553806686     
   2.9966665997604534E-003   31.872673704520434     
   3.3299999256432059E-003   31.439408664863134     
   3.6633332515259584E-003   31.246750449951172     
   3.9966665774087114E-003   31.313803381487347     
   4.3299999032914644E-003   31.566226560575473     
   4.6633332291742165E-003   31.870141320821002     
   4.9966665550569694E-003   32.088947852740581     
   5.3299998809397224E-003   32.139273698830173     
   5.6633332068224754E-003   32.022983706485384     
   5.9966665327052283E-003   31.822437262324936     
   6.3299998585879804E-003   31.661579087937238     
   6.6633331844707334E-003   31.649512951505507     
   6.9966665103534864E-003   31.830145859512943     
   7.3299998362362385E-003   32.158618034704801     
   7.6633331621189914E-003   32.513994908321429     
   7.9966664880017444E-003   32.742922754044926     
   8.3299998138844974E-003   32.716732436433396     
   8.6633331397672503E-003   32.379617228672004     
   8.9966664656500033E-003   31.769628273552062     
   9.3299997915327545E-003   31.005276777224008     
   9.6633331174155075E-003   30.243830417642069     
   9.9966664432982605E-003   29.627671701894055     
   1.0329999769181013E-002   29.238604067272959     
   1.0663333095063766E-002   29.075880354752371     
   1.0996666420946519E-002   29.064099758969888     
   1.1329999746829272E-002   29.085991765410682     
   1.1663333072712025E-002   29.026694915348983     
   1.1996666398594778E-002   28.813248341176589     
   1.2329999724477530E-002   28.436139580353910     
   1.2663333050360282E-002   27.947156286519050     
   1.2996666376243035E-002   27.436405413837363     
   1.3329999702125788E-002   26.998072095728048     
   1.3663333028008541E-002   27.270937639763709     
   1.3996666353891294E-002   27.636665801847080     
   1.4329999679774047E-002   28.013728727956263     
   1.4663333005656799E-002   28.320558088898160     
   1.4996666331539552E-002   28.490757348674830     
   1.5329999657422304E-002   28.489693486876124     
   1.5663332983305057E-002   28.322769548027200     
   1.5996666309187810E-002   28.033684385881688     
   1.6329999635070563E-002   27.693343847084638     
   1.6663332960953316E-002   27.382229806924514     
   1.6996666286836069E-002   27.170512341051186     
   1.7329999612718822E-002   27.100691929735689     
   1.7663332938601575E-002   27.176970328218001     
   1.7996666264484328E-002   27.363990585301895     
   1.8329999590367081E-002   27.595395112350143     
   1.8663332916249831E-002   27.790313911958602     
   1.8996666242132584E-002   27.873950071639843     
   1.9329999568015337E-002   27.797341696625576     
   1.9663332893898090E-002   27.551431157827892     
   1.9996666219780843E-002   27.171789317599000     
   2.0329999545663596E-002   26.732475160409191     
   2.0663332871546349E-002   26.330083579489955     
   2.0996666197429101E-002   26.061446419307391     
   2.1329999523311854E-002   26.000120361078494     
   2.1663332849194607E-002   26.177292700585372     
   2.1996666175077360E-002   26.571900938781873     
   2.2329999500960113E-002   27.112746990242172     
   2.2663332826842866E-002   27.692632486192640     
   2.2996666152725619E-002   28.191680246711300     
   2.3329999478608372E-002   28.504715921480937     
   2.3663332804491125E-002   28.566424681398132     
   2.3996666130373878E-002   28.368279503403578     
   2.4329999456256628E-002   27.962936766847463     
   2.4663332782139381E-002   27.454554849367927     
   2.4996666108022134E-002   26.976699773601315     
   2.5329999433904887E-002   26.662429597797264     
   2.5663332759787640E-002   26.613117673295527     
   2.5996666085670393E-002   26.873112486909555     
   2.6329999411553145E-002   27.416282528479968     
   2.6663332737435898E-002   28.148054616331489     
   2.6996666063318651E-002   29.023675964300427     
   2.7329999389201404E-002   29.793276399446182     
   2.7663332715084157E-002   30.367231594251347     
   2.7996666040966910E-002   30.704192582084644     
   2.8329999366849663E-002   30.811198540768121     
   2.8663332692732416E-002   30.733404841858121     
   2.8996666018615169E-002   30.535694040009329     
   2.9329999344497919E-002   30.281608067237631     
   2.9663332670380672E-002   30.015719146172380     
   2.9996665996263425E-002   29.754591110745004     
   3.0329999322146178E-002   29.489029986333200     
   3.0663332648028931E-002   29.196960324640678     
   3.0996665973911684E-002   28.862876189351038     
   3.1329999299794437E-002   28.497382019760998     
   3.1663332625677193E-002   28.149667170371288     
   3.1996665951559942E-002   27.907234235464582     
   3.2329999277442692E-002   27.880624017962841     
   3.2663332603325448E-002   28.175445187714015     
   3.2996665929208198E-002   28.858476064059683     
   3.3329999255090954E-002   29.927579091682112     
   3.3663332580973704E-002   31.295538756411290     
   3.3996665906856460E-002   32.795222407491579     
   3.4329999232739210E-002   34.208067461899326     
   3.4663332558621966E-002   35.311096450375089     
   3.4996665884504716E-002   35.931352179917226     
   3.5329999210387472E-002   35.992855325897331     
   3.5663332536270222E-002   35.541461043449516     
   3.5996665862152978E-002   34.737837612582631     
   3.6329999188035728E-002   33.817358396141948     
   3.6663332513918484E-002   33.025832639243461     
   3.6996665839801234E-002   32.548712120958399     
   3.7329999165683983E-002   32.455692751412911     
   3.7663332491566739E-002   32.680416711408654     
   3.7996665817449489E-002   33.045968013362824     
   3.8329999143332245E-002   33.332900828894402     
   3.8663332469214995E-002   33.371439470303578     
   3.8996665795097751E-002   33.128077523045668     
   3.9329999120980501E-002   32.753564597013025     
   3.9663332446863257E-002   32.566794349239814     
   3.9996665772746007E-002   32.966886175344435     
