   3.3333331843217230E-006   27.027336713619324     
   3.2999999269843104E-004   27.089739305884660     
   6.6333331858118379E-004   27.260514327074073     
   9.9666664446393643E-004   27.516635829188875     
   1.3299999703466892E-003   27.813710599201080     
   1.6633332962294419E-003   28.097930244225275     
   1.9966666221121949E-003   28.320795170517982     
   2.3299999479949474E-003   28.451869404112497     
   2.6633332738777004E-003   28.485627594801439     
   2.9966665997604534E-003   28.440445115784467     
   3.3299999256432059E-003   28.350437661564094     
   3.6633332515259584E-003   28.253228758014746     
   3.9966665774087114E-003   28.177964273208765     
   4.3299999032914644E-003   28.137575765037191     
   4.6633332291742165E-003   28.127573031026092     
   4.9966665550569694E-003   28.131190314485856     
   5.3299998809397224E-003   28.128444690201544     
   5.6633332068224754E-003   28.105413654768903     
   5.9966665327052283E-003   28.060218037116087     
   6.3299998585879804E-003   28.003670391012523     
   6.6633331844707334E-003   27.954702752598713     
   6.9966665103534864E-003   27.932678631923146     
   7.3299998362362385E-003   27.949781315393231     
   7.6633331621189914E-003   28.006489201974379     
   7.9966664880017444E-003   28.091829053386153     
   8.3299998138844974E-003   28.188189957380239     
   8.6633331397672503E-003   28.278726341496156     
   8.9966664656500033E-003   28.354424310572185     
   9.3299997915327545E-003   28.418070251854537     
   9.6633331174155075E-003   28.483537233237783     
   9.9966664432982605E-003   28.570526846562274     
   1.0329999769181013E-002   28.696537065948458     
   1.0663333095063766E-002   28.868804037092964     
   1.0996666420946519E-002   29.078982678646938     
   1.1329999746829272E-002   29.302429150337790     
   1.1663333072712025E-002   29.502472950743105     
   1.1996666398594778E-002   29.638524696535459     
   1.2329999724477530E-002   29.675744632676601     
   1.2663333050360282E-002   29.593608751055548     
   1.2996666376243035E-002   29.391111161579740     
   1.3329999702125788E-002   29.087346755564475     
   1.3663333028008541E-002   29.493502759821624     
   1.3996666353891294E-002   29.814929384874624     
   1.4329999679774047E-002   30.054211569105604     
   1.4663333005656799E-002   30.222740706034561     
   1.4996666331539552E-002   30.330983249042504     
   1.5329999657422304E-002   30.387608303911367     
   1.5663332983305057E-002   30.399341086864386     
   1.5996666309187810E-002   30.371380925480931     
   1.6329999635070563E-002   30.308167568208386     
   1.6663332960953316E-002   30.214265855931373     
   1.6996666286836069E-002   30.095159581144433     
   1.7329999612718822E-002   29.957791471837300     
   1.7663332938601575E-002   29.810747586487562     
   1.7996666264484328E-002   29.664051130895565     
   1.8329999590367081E-002   29.528594087294284     
   1.8663332916249831E-002   29.415288121229196     
   1.8996666242132584E-002   29.334054149137749     
   1.9329999568015337E-002   29.292790069514599     
   1.9663332893898090E-002   29.296457959170652     
   1.9996666219780843E-002   29.346416850987445     
   2.0329999545663596E-002   29.440097878006231     
   2.0663332871546349E-002   29.571079007567409     
   2.0996666197429101E-002   29.729571358915187     
   2.1329999523311854E-002   29.903282981337505     
   2.1663332849194607E-002   30.078583587559521     
   2.1996666175077360E-002   30.241859204765326     
   2.2329999500960113E-002   30.380922343936522     
   2.2663332826842866E-002   30.486333385305024     
   2.2996666152725619E-002   30.552493514080791     
   2.3329999478608372E-002   30.578388488023926     
   2.3663332804491125E-002   30.567894227516906     
   2.3996666130373878E-002   30.529596907548825     
   2.4329999456256628E-002   30.476128080288863     
   2.4663332782139381E-002   30.423064808281612     
   2.4996666108022134E-002   30.387490927773708     
   2.5329999433904887E-002   30.386353561038170     
   2.5663332759787640E-002   30.434774575447133     
   2.5996666085670393E-002   30.544486554900971     
   2.6329999411553145E-002   30.722555086621679     
   2.6663332737435898E-002   30.970523510291699     
   2.6996666063318651E-002   31.360192909932348     
   2.7329999389201404E-002   31.783640415684502     
   2.7663332715084157E-002   32.228143571162519     
   2.7996666040966910E-002   32.685101267335909     
   2.8329999366849663E-002   33.149556310544078     
   2.8663332692732416E-002   33.619844909166339     
   2.8996666018615169E-002   34.096545275958150     
   2.9329999344497919E-002   34.580906684432257     
   2.9663332670380672E-002   35.073059703087992     
   2.9996665996263425E-002   35.570384809450779     
   3.0329999322146178E-002   36.066425617027939     
   3.0663332648028931E-002   36.550660048928968     
   3.0996665973911684E-002   37.009289506997000     
   3.1329999299794437E-002   37.426993314822177     
   3.1663332625677193E-002   37.789362852107935     
   3.1996665951559942E-002   38.085528916842691     
   3.2329999277442692E-002   38.310381301642977     
   3.2663332603325448E-002   38.465794720208635     
   3.2996665929208198E-002   38.560439181908244     
   3.3329999255090954E-002   38.608050750704123     
   3.3663332580973704E-002   38.624418359238675     
   3.3996665906856460E-002   38.623720980909937     
   3.4329999232739210E-002   38.615128307999022     
   3.4663332558621966E-002   38.600665304447695     
   3.4996665884504716E-002   38.575176884853711     
   3.5329999210387472E-002   38.528807875854618     
   3.5663332536270222E-002   38.451795964004354     
   3.5996665862152978E-002   38.340685703504143     
   3.6329999188035728E-002   38.204477735386661     
   3.6663332513918484E-002   38.068905578796432     
   3.6996665839801234E-002   37.977123328027659     
   3.7329999165683983E-002   37.985652475653708     
   3.7663332491566739E-002   38.155424982638991     
   3.7996665817449489E-002   38.539002795110143     
   3.8329999143332245E-002   39.166281953478581     
   3.8663332469214995E-002   40.031883587818506     
   3.8996665795097751E-002   41.087698889842407     
   3.9329999120980501E-002   42.243498483941238     
   3.9663332446863257E-002   43.377118787869961     
   3.9996665772746007E-002   44.353689404318573     
