   3.3333331843217230E-006   448.20418688872132     
   3.2999999269843104E-004   336.77569626231542     
   6.6333331858118379E-004   100.05724585298522     
   9.9666664446393643E-004  -169.97066869151152     
   1.3299999703466892E-003  -376.15158036265507     
   1.6633332962294419E-003  -448.49687858584679     
   1.9966666221121949E-003  -365.12057239739067     
   2.3299999479949474E-003  -155.45534732434049     
   2.6633332738777004E-003   113.28126735944657     
   2.9966665997604534E-003   360.03781061812515     
   3.3299999256432059E-003   515.54163662383473     
   3.6633332515259584E-003   541.58709055004374     
   3.9966665774087114E-003   439.09587567533697     
   4.3299999032914644E-003   244.03834691548792     
   4.6633332291742165E-003   13.875884714530471     
   4.9966665550569694E-003  -190.54335301928072     
   5.3299998809397224E-003  -322.06570408279111     
   5.6633332068224754E-003  -358.60893877599716     
   5.9966665327052283E-003  -306.16745343523382     
   6.3299998585879804E-003  -193.34887479752035     
   6.6633331844707334E-003  -59.814068236291462     
   6.9966665103534864E-003   57.299502139323543     
   7.3299998362362385E-003   134.46064154807979     
   7.6633331621189914E-003   166.85784172953734     
   7.9966664880017444E-003   166.28204829814433     
   8.3299998138844974E-003   153.16449776332388     
   8.6633331397672503E-003   146.25419673445509     
   8.9966664656500033E-003   154.14575833167004     
   9.3299997915327545E-003   171.92974368861454     
   9.6633331174155075E-003   184.03666814616273     
   9.9966664432982605E-003   171.81645136871177     
   1.0329999769181013E-002   122.58115811768586     
   1.0663333095063766E-002   36.425744712989101     
   1.0996666420946519E-002  -71.819660089665604     
   1.1329999746829272E-002  -176.20297903843820     
   1.1663333072712025E-002  -247.49473460618333     
   1.1996666398594778E-002  -262.54989877825989     
   1.2329999724477530E-002  -212.11580816849170     
   1.2663333050360282E-002  -104.63696851135906     
   1.2996666376243035E-002   35.121890628369357     
   1.3329999702125788E-002   172.31999506581914     
   1.3663333028008541E-002   271.49662699133290     
   1.3996666353891294E-002   306.66718476717375     
   1.4329999679774047E-002   269.17819078267814     
   1.4663333005656799E-002   170.85178678355487     
   1.4996666331539552E-002   41.095642070009973     
   1.5329999657422304E-002  -81.628586620942656     
   1.5663332983305057E-002  -161.69830151391486     
   1.5996666309187810E-002  -177.86304702964668     
   1.6329999635070563E-002  -130.35319854713765     
   1.6663332960953316E-002  -40.652275900534775     
   1.6996666286836069E-002   56.482350105764482     
   1.7329999612718822E-002   126.13111719243302     
   1.7663332938601575E-002   146.51170507999635     
   1.7996666264484328E-002   117.06883664956193     
   1.8329999590367081E-002   57.839134957105856     
   1.8663332916249831E-002  0.18158567575977713     
   1.8996666242132584E-002  -27.242907375010049     
   1.9329999568015337E-002  -11.159712110814155     
   1.9663332893898090E-002   40.531271385624052     
   1.9996666219780843E-002   102.36829628026734     
   2.0329999545663596E-002   142.64448149664764     
   2.0663332871546349E-002   137.37379594901697     
   2.0996666197429101E-002   80.858513643191912     
   2.1329999523311854E-002  -11.479219768527031     
   2.1663332849194607E-002  -108.86496440832315     
   2.1996666175077360E-002  -176.82658327344282     
   2.2329999500960113E-002  -189.88093173939603     
   2.2663332826842866E-002  -140.41386661987264     
   2.2996666152725619E-002  -40.808609865149663     
   2.3329999478608372E-002   81.352198040373921     
   2.3663332804491125E-002   192.71581364721840     
   2.3996666130373878E-002   264.60924591197204     
   2.4329999456256628E-002   281.01135996497567     
   2.4663332782139381E-002   241.81484633734848     
   2.4996666108022134E-002   160.95782776347502     
   2.5329999433904887E-002   60.693856978005101     
   2.5663332759787640E-002  -35.680357524847835     
   2.5996666085670393E-002  -110.15028618688703     
   2.6329999411553145E-002  -153.52908172630049     
   2.6663332737435898E-002  -165.57164801098372     
   2.6996666063318651E-002  -152.26907902508373     
   2.7329999389201404E-002  -121.83806867769867     
   2.7663332715084157E-002  -81.167627841246741     
   2.7996666040966910E-002  -34.038838870906034     
   2.8329999366849663E-002   18.476216532673529     
   2.8663332692732416E-002   75.998186865803390     
   2.8996666018615169E-002   136.39468091834470     
   2.9329999344497919E-002   194.15680654714890     
   2.9663332670380672E-002   240.39643853935823     
   2.9996665996263425E-002   264.55145273601613     
   3.0329999322146178E-002   257.24077845642108     
   3.0663332648028931E-002   213.35821266345874     
   3.0996665973911684E-002   134.48194495530282     
   3.1329999299794437E-002   29.906505366234612     
   3.1663332625677193E-002  -84.068811283716201     
   3.1996665951559942E-002  -186.62886257094436     
   3.2329999277442692E-002  -256.41768273510786     
   3.2663332603325448E-002  -276.36551962855310     
   3.2996665929208198E-002  -238.38626325617520     
   3.3329999255090954E-002  -146.70924907111080     
   3.3663332580973704E-002  -18.612339405432568     
   3.3996665906856460E-002   118.26593657092241     
   3.4329999232739210E-002   232.00560799182833     
   3.4663332558621966E-002   294.71440096628805     
   3.4996665884504716E-002   290.85011043358281     
   3.5329999210387472E-002   222.81869651405577     
   3.5663332536270222E-002   111.50431870085180     
   3.5996665862152978E-002  -9.2077360392584069     
   3.6329999188035728E-002  -102.76670481399699     
   3.6663332513918484E-002  -141.96246097114005     
   3.6996665839801234E-002  -118.32073537622085     
   3.7329999165683983E-002  -45.128547399555579     
   3.7663332491566739E-002   47.482570743861501     
   3.7996665817449489E-002   123.85450194196555     
   3.8329999143332245E-002   156.24265310154118     
   3.8663332469214995E-002   135.03343450750887     
   3.8996665795097751E-002   71.623650501202448     
   3.9329999120980501E-002  -7.0746138930143445     
   3.9663332446863257E-002  -69.982949551089348     
   3.9996665772746007E-002  -94.146404030331809     
