   3.3333331843217230E-006   36.499111783585626     
   3.2999999269843104E-004   36.504976647423206     
   6.6333331858118379E-004   36.522471859603982     
   9.9666664446393643E-004   36.550600184318384     
   1.3299999703466892E-003   36.587791356103153     
   1.6633332962294419E-003   36.632039895382924     
   1.9966666221121949E-003   36.681084127315287     
   2.3299999479949474E-003   36.732613356318417     
   2.6633332738777004E-003   36.784487966402480     
   2.9966665997604534E-003   36.834956065849603     
   3.3299999256432059E-003   36.882850258798584     
   3.6633332515259584E-003   36.927749218108694     
   3.9966665774087114E-003   36.970090891650564     
   4.3299999032914644E-003   37.011227265300334     
   4.6633332291742165E-003   37.053414434895068     
   4.9966665550569694E-003   37.099736059825446     
   5.3299998809397224E-003   37.153962800866609     
   5.6633332068224754E-003   37.220354784757518     
   5.9966665327052283E-003   37.303418190166937     
   6.3299998585879804E-003   37.407630437566596     
   6.6633331844707334E-003   37.537150952518743     
   6.9966665103534864E-003   37.695535877385197     
   7.3299998362362385E-003   37.885475318808965     
   7.6633331621189914E-003   38.108570703340384     
   7.9966664880017444E-003   38.365167618226060     
   8.3299998138844974E-003   38.654256265007298     
   8.6633331397672503E-003   38.973447548924021     
   8.9966664656500033E-003   39.319028126275370     
   9.3299997915327545E-003   39.686092737964721     
   9.6633331174155075E-003   40.068747197952383     
   9.9966664432982605E-003   40.460370810474998     
   1.0329999769181013E-002   40.853923070289660     
   1.0663333095063766E-002   41.242276525499086     
   1.0996666420946519E-002   41.618555862341083     
   1.1329999746829272E-002   41.976462740045633     
   1.1663333072712025E-002   42.310566710224620     
   1.1996666398594778E-002   42.616544657772771     
   1.2329999724477530E-002   42.891354468739472     
   1.2663333050360282E-002   43.133332853962081     
   1.2996666376243035E-002   43.342212156886291     
   1.3329999702125788E-002   43.519056222434891     
   1.3663333028008541E-002   43.666120646718454     
   1.3996666353891294E-002   43.786647608098789     
   1.4329999679774047E-002   43.884609664383063     
   1.4663333005656799E-002   43.964420100627983     
   1.4996666331539552E-002   44.030629405829885     
   1.5329999657422304E-002   44.087628106285067     
   1.5663332983305057E-002   44.139375443625958     
   1.5996666309187810E-002   44.189171308759626     
   1.6329999635070563E-002   44.239485575684512     
   1.6663332960953316E-002   44.291854752399075     
   1.6996666286836069E-002   44.346850979263152     
   1.7329999612718822E-002   44.404123205092972     
   1.7663332938601575E-002   44.462505227674427     
   1.7996666264484328E-002   44.520180564408726     
   1.8329999590367081E-002   44.574890156722439     
   1.8663332916249831E-002   44.624165990757675     
   1.8996666242132584E-002   44.665572044112565     
   1.9329999568015337E-002   44.696933661594379     
   1.9663332893898090E-002   44.716537541110689     
   1.9996666219780843E-002   44.723286892908320     
   2.0329999545663596E-002   44.716799845952060     
   2.0663332871546349E-002   44.697443557138847     
   2.0996666197429101E-002   44.666301411910389     
   2.1329999523311854E-002   44.625075828335291     
   2.1663332849194607E-002   44.575934116732974     
   2.1996666175077360E-002   44.521309242577125     
   2.2329999500960113E-002   44.463670870422590     
   2.2663332826842866E-002   44.405284472394868     
   2.2996666152725619E-002   44.347977389271584     
   2.3329999478608372E-002   44.292930452457753     
   2.3663332804491125E-002   44.240512128329541     
   2.3996666130373878E-002   44.190169248223299     
   2.4329999456256628E-002   44.140384443550900     
   2.4663332782139381E-002   44.088705696902920     
   2.4996666108022134E-002   44.031848281924063     
   2.5329999433904887E-002   43.965864162943895     
   2.5663332759787640E-002   43.886369029621619     
   2.5996666085670393E-002   43.788812899683165     
   2.6329999411553145E-002   43.668776934665203     
   2.6663332737435898E-002   43.522277011846917     
   2.6996666063318651E-002   43.346053828502448     
   2.7329999389201404E-002   43.137829936429405     
   2.7663332715084157E-002   42.896516072330186     
   2.7996666040966910E-002   42.622352326482222     
   2.8329999366849663E-002   42.316973858479464     
   2.8663332692732416E-002   41.983395737791753     
   2.8996666018615169E-002   41.625916725047780     
   2.9329999344497919E-002   41.249947060914799     
   2.9663332670380672E-002   40.861770238735268     
   2.9996665996263425E-002   40.468252976504196     
   3.0329999322146178E-002   40.076520893658753     
   3.0663332648028931E-002   39.693619525896239     
   3.0996665973911684E-002   39.326181144907004     
   3.1329999299794437E-002   38.980117346130541     
   3.1663332625677193E-002   38.660355573285223     
   3.1996665951559942E-002   38.370634796095921     
   3.2329999277442692E-002   38.113371655480854     
   3.2663332603325448E-002   37.889603806950021     
   3.2996665929208198E-002   37.699012238027422     
   3.3329999255090954E-002   37.540019339117158     
   3.3663332580973704E-002   37.409954797144877     
   3.3996665906856460E-002   37.305277261343846     
   3.4329999232739210E-002   37.221836460931264     
   3.4663332558621966E-002   37.155158235312399     
   3.4996665884504716E-002   37.100733896881962     
   3.5329999210387472E-002   37.054295533169878     
   3.5663332536270222E-002   37.012060236575785     
   3.5996665862152978E-002   36.970928716178761     
   3.6329999188035728E-002   36.928627117850965     
   3.6663332513918484E-002   36.883784920504830     
   3.6996665839801234E-002   36.835946211912891     
   3.7329999165683983E-002   36.785516179567701     
   3.7663332491566739E-002   36.733648980722116     
   3.7996665817449489E-002   36.682086998475633     
   3.8329999143332245E-002   36.632964600114036     
   3.8663332469214995E-002   36.588591693076822     
   3.8996665795097751E-002   36.551233488831066     
   3.9329999120980501E-002   36.522902872162298     
   3.9663332446863257E-002   36.505180643622005     
   3.9996665772746007E-002   36.499076739582925     
