   3.3333331843217230E-006   27.651797820004692     
   3.2999999269843104E-004   27.506370677121797     
   6.6333331858118379E-004   27.449036599877132     
   9.9666664446393643E-004   27.479693301525508     
   1.3299999703466892E-003   27.583869692829342     
   1.6633332962294419E-003   27.738580794128026     
   1.9966666221121949E-003   27.915363368813779     
   2.3299999479949474E-003   28.084136485481196     
   2.6633332738777004E-003   28.217556556577755     
   2.9966665997604534E-003   28.295377740347401     
   3.3299999256432059E-003   28.308157133478915     
   3.6633332515259584E-003   28.259527066436100     
   3.9966665774087114E-003   28.166286630134273     
   4.3299999032914644E-003   28.055826983099355     
   4.6633332291742165E-003   27.960932087489610     
   4.9966665550569694E-003   27.912721357348047     
   5.3299998809397224E-003   27.933237085046056     
   5.6633332068224754E-003   28.029651065621859     
   5.9966665327052283E-003   28.191993602232952     
   6.3299998585879804E-003   28.395544735897847     
   6.6633331844707334E-003   28.607672260307645     
   6.9966665103534864E-003   28.797344778135308     
   7.3299998362362385E-003   28.944379277087489     
   7.6633331621189914E-003   29.045261892607126     
   7.9966664880017444E-003   29.113362599370866     
   8.3299998138844974E-003   29.173308449842423     
   8.6633331397672503E-003   29.251473057263212     
   8.9966664656500033E-003   29.366071435072346     
   9.3299997915327545E-003   29.520526642278487     
   9.6633331174155075E-003   29.702476513922981     
   9.9966664432982605E-003   29.888554162038844     
   1.0329999769181013E-002   30.052863948633988     
   1.0663333095063766E-002   30.175810011290494     
   1.0996666420946519E-002   30.250078672851874     
   1.1329999746829272E-002   30.281945615300501     
   1.1663333072712025E-002   30.287987147268776     
   1.1996666398594778E-002   30.288897125627276     
   1.2329999724477530E-002   30.302862345744302     
   1.2663333050360282E-002   30.340694197709865     
   1.2996666376243035E-002   30.403938408575737     
   1.3329999702125788E-002   30.485988927657424     
   1.3663333028008541E-002   30.575285059091833     
   1.3996666353891294E-002   30.659236358685732     
   1.4329999679774047E-002   30.727612355288660     
   1.4663333005656799E-002   30.774585231548812     
   1.4996666331539552E-002   30.799185529632947     
   1.5329999657422304E-002   30.804419404086392     
   1.5663332983305057E-002   30.795585795733658     
   1.5996666309187810E-002   30.778402875943502     
   1.6329999635070563E-002   30.757452274833994     
   1.6663332960953316E-002   30.735253280713515     
   1.6996666286836069E-002   30.712061408975096     
   1.7329999612718822E-002   30.686300586345752     
   1.7663332938601575E-002   30.655415287576066     
   1.7996666264484328E-002   30.616876899460376     
   1.8329999590367081E-002   30.569091194973993     
   1.8663332916249831E-002   30.512015720558189     
   1.8996666242132584E-002   30.447386623727731     
   1.9329999568015337E-002   30.378551459302543     
   1.9663332893898090E-002   30.309986581061121     
   1.9996666219780843E-002   30.246628732233717     
   2.0329999545663596E-002   30.193163055444153     
   2.0663332871546349E-002   30.153387506273809     
   2.0996666197429101E-002   30.129730216009047     
   2.1329999523311854E-002   30.122951200172043     
   2.1663332849194607E-002   30.132031415824965     
   2.1996666175077360E-002   30.154250446097326     
   2.2329999500960113E-002   30.185474881541385     
   2.2663332826842866E-002   30.220703614159863     
   2.2996666152725619E-002   30.254914896040891     
   2.3329999478608372E-002   30.284206119386813     
   2.3663332804491125E-002   30.307101107922051     
   2.3996666130373878E-002   30.325743012621079     
   2.4329999456256628E-002   30.346552438028514     
   2.4663332782139381E-002   30.379895193209851     
   2.4996666108022134E-002   30.438452411103672     
   2.5329999433904887E-002   30.534347482347250     
   2.5663332759787640E-002   30.675594833552562     
   2.5996666085670393E-002   30.862921752639000     
   2.6329999411553145E-002   31.088233690050433     
   2.6663332737435898E-002   31.335733072440938     
   2.6996666063318651E-002   31.585907620404896     
   2.7329999389201404E-002   31.821475009614918     
   2.7663332715084157E-002   32.033343737498846     
   2.7996666040966910E-002   32.224244407575981     
   2.8329999366849663E-002   32.408245811693085     
   2.8663332692732416E-002   32.605833312844055     
   2.8996666018615169E-002   32.836061850311602     
   2.9329999344497919E-002   33.108692976546777     
   2.9663332670380672E-002   33.419478381935711     
   2.9996665996263425E-002   33.750639197600592     
   3.0329999322146178E-002   34.076532742527348     
   3.0663332648028931E-002   34.372388222456472     
   3.0996665973911684E-002   34.622762939376180     
   3.1329999299794437E-002   34.826539946477048     
   3.1663332625677193E-002   34.996727944547914     
   3.1996665951559942E-002   35.155357123413708     
   3.2329999277442692E-002   35.325520757233775     
   3.2663332603325448E-002   35.523436101048432     
   3.2996665929208198E-002   35.753099822079555     
   3.3329999255090954E-002   36.004971378892300     
   3.3663332580973704E-002   36.258678622174600     
   3.3996665906856460E-002   36.488547296595435     
   3.4329999232739210E-002   36.670146332788974     
   3.4663332558621966E-002   36.786071803480155     
   3.4996665884504716E-002   36.829698999523785     
   3.5329999210387472E-002   36.806347235314220     
   3.5663332536270222E-002   36.731976428444199     
   3.5996665862152978E-002   36.630010194030248     
   3.6329999188035728E-002   36.527107150843719     
   3.6663332513918484E-002   36.448713155272209     
   3.6996665839801234E-002   36.415095489980153     
   3.7329999165683983E-002   36.438361246687663     
   3.7663332491566739E-002   36.520751947395617     
   3.7996665817449489E-002   36.654315251630265     
   3.8329999143332245E-002   36.821893630913827     
   3.8663332469214995E-002   36.999241229379926     
   3.8996665795097751E-002   37.157984476596170     
   3.9329999120980501E-002   37.269081415240535     
   3.9663332446863257E-002   37.306410681291126     
   3.9996665772746007E-002   37.250131066407434     
