   3.3333331843217230E-006   28.142996638110063     
   3.2999999269843104E-004   27.849220457158250     
   6.6333331858118379E-004   27.543981613375951     
   9.9666664446393643E-004   27.270796060921839     
   1.3299999703466892E-003   27.060480565840095     
   1.6633332962294419E-003   26.931565403862301     
   1.9966666221121949E-003   26.887289365352881     
   2.3299999479949474E-003   26.915745291482139     
   2.6633332738777004E-003   26.993478054024230     
   2.9966665997604534E-003   27.092063845150435     
   3.3299999256432059E-003   27.186380506696270     
   3.6633332515259584E-003   27.262608678414580     
   3.9966665774087114E-003   27.323707413726350     
   4.3299999032914644E-003   27.390383992519407     
   4.6633332291742165E-003   27.496517657610188     
   4.9966665550569694E-003   27.679501521863010     
   5.3299998809397224E-003   27.967696195191902     
   5.6633332068224754E-003   28.368594993567211     
   5.9966665327052283E-003   28.861772079470406     
   6.3299998585879804E-003   29.399785945527327     
   6.6633331844707334E-003   29.917940084847700     
   6.9966665103534864E-003   30.350741297733624     
   7.3299998362362385E-003   30.650119228069904     
   7.6633331621189914E-003   30.799184268209277     
   7.9966664880017444E-003   30.816303676964800     
   8.3299998138844974E-003   30.747487871027754     
   8.6633331397672503E-003   30.649411626678269     
   8.9966664656500033E-003   30.569110735740374     
   9.3299997915327545E-003   30.527856772392262     
   9.6633331174155075E-003   30.515179566914533     
   9.9966664432982605E-003   30.495048818876832     
   1.0329999769181013E-002   30.421507803906252     
   1.0663333095063766E-002   30.257564808571992     
   1.0996666420946519E-002   29.990281908313623     
   1.1329999746829272E-002   29.636936812899030     
   1.1663333072712025E-002   29.240848228130126     
   1.1996666398594778E-002   28.859288941106019     
   1.2329999724477530E-002   28.548362998172816     
   1.2663333050360282E-002   28.350064735758103     
   1.2996666376243035E-002   28.285184374551491     
   1.3329999702125788E-002   28.353176827847744     
   1.3663333028008541E-002   28.537657839596406     
   1.3996666353891294E-002   28.814658847199880     
   1.4329999679774047E-002   29.160476377090539     
   1.4663333005656799E-002   29.556718138153261     
   1.4996666331539552E-002   29.991498739371352     
   1.5329999657422304E-002   30.457133460385780     
   1.5663332983305057E-002   30.945703875760532     
   1.5996666309187810E-002   31.444321017074813     
   1.6329999635070563E-002   31.931791860849341     
   1.6663332960953316E-002   32.377847500753944     
   1.6996666286836069E-002   32.745325444247264     
   1.7329999612718822E-002   32.994923030484017     
   1.7663332938601575E-002   33.091521816795179     
   1.7996666264484328E-002   33.010731556996234     
   1.8329999590367081E-002   32.744260355047373     
   1.8663332916249831E-002   32.302967754629741     
   1.8996666242132584E-002   31.716931995302250     
   1.9329999568015337E-002   31.032456573889512     
   1.9663332893898090E-002   30.306531869898350     
   1.9996666219780843E-002   29.599737193438980     
   2.0329999545663596E-002   28.968827501565112     
   2.0663332871546349E-002   28.460253594293075     
   2.0996666197429101E-002   28.105625546168078     
   2.1329999523311854E-002   27.919707475490966     
   2.1663332849194607E-002   27.901023651166671     
   2.1996666175077360E-002   28.034670307184427     
   2.2329999500960113E-002   28.296562116759201     
   2.2663332826842866E-002   28.658163431028033     
   2.2996666152725619E-002   29.090784551747198     
   2.3329999478608372E-002   29.568738237223258     
   2.3663332804491125E-002   30.070987852609665     
   2.3996666130373878E-002   30.581289884801851     
   2.4329999456256628E-002   31.087153572796719     
   2.4663332782139381E-002   31.578145510633458     
   2.4996666108022134E-002   32.044132109915864     
   2.5329999433904887E-002   32.473992602451354     
   2.5663332759787640E-002   32.855189557647080     
   2.5996666085670393E-002   33.174392074930473     
   2.6329999411553145E-002   33.419127610705694     
   2.6663332737435898E-002   33.580190971848808     
   2.6996666063318651E-002   33.654270836888443     
   2.7329999389201404E-002   33.646019748785854     
   2.7663332715084157E-002   33.568709544900862     
   2.7996666040966910E-002   33.442819578899602     
   2.8329999366849663E-002   33.292466856887017     
   2.8663332692732416E-002   33.140401307186785     
   2.8996666018615169E-002   33.003054842003330     
   2.9329999344497919E-002   32.887453429024283     
   2.9663332670380672E-002   32.791391722112536     
   2.9996665996263425E-002   32.707156908088820     
   3.0329999322146178E-002   32.627671795398413     
   3.0663332648028931E-002   32.552827376097511     
   3.0996665973911684E-002   32.493530239277106     
   3.1329999299794437E-002   32.471766321930254     
   3.1663332625677193E-002   32.516469403584935     
   3.1996665951559942E-002   32.656541201865203     
   3.2329999277442692E-002   32.913346775911251     
   3.2663332603325448E-002   33.295044360623713     
   3.2996665929208198E-002   33.794275907275193     
   3.3329999255090954E-002   34.389469281517627     
   3.3663332580973704E-002   35.048832243665146     
   3.3996665906856460E-002   35.735471587815354     
   3.4329999232739210E-002   36.412091511366313     
   3.4663332558621966E-002   37.044276641749448     
   3.4996665884504716E-002   37.602140048887506     
   3.5329999210387472E-002   38.060788423972625     
   3.5663332536270222E-002   38.400401352961119     
   3.5996665862152978E-002   38.606673091053757     
   3.6329999188035728E-002   38.672003105802155     
   3.6663332513918484E-002   38.597315657797232     
   3.6996665839801234E-002   38.393929730918863     
   3.7329999165683983E-002   38.084642331195404     
   3.7663332491566739E-002   37.703211118132764     
   3.7996665817449489E-002   37.291722930338040     
   3.8329999143332245E-002   36.895834935158376     
   3.8663332469214995E-002   36.558446612814215     
   3.8996665795097751E-002   36.312857631961499     
   3.9329999120980501E-002   36.176759335208182     
   3.9663332446863257E-002   36.148412026983173     
   3.9996665772746007E-002   36.206056476257167     
