   3.3333331843217230E-006   33.772843663742371     
   3.2999999269843104E-004   34.004322071792636     
   6.6333331858118379E-004   34.435397753789232     
   9.9666664446393643E-004   35.008854479861469     
   1.3299999703466892E-003   35.628622619482407     
   1.6633332962294419E-003   36.186666771631828     
   1.9966666221121949E-003   36.597100993737911     
   2.3299999479949474E-003   36.822991909983052     
   2.6633332738777004E-003   36.886340897531902     
   2.9966665997604534E-003   36.857724946887032     
   3.3299999256432059E-003   36.829484467898084     
   3.6633332515259584E-003   36.882358339403169     
   3.9966665774087114E-003   37.057766621096711     
   4.3299999032914644E-003   37.345643727019947     
   4.6633332291742165E-003   37.691733589717899     
   4.9966665550569694E-003   38.020908545804069     
   5.3299998809397224E-003   38.267199354217148     
   5.6633332068224754E-003   38.399035321467501     
   5.9966665327052283E-003   38.430422486131441     
   6.3299998585879804E-003   38.414438946239024     
   6.6633331844707334E-003   38.422220829803564     
   6.9966665103534864E-003   38.515921780508030     
   7.3299998362362385E-003   38.726008664377360     
   7.6633331621189914E-003   39.041163429051934     
   7.9966664880017444E-003   39.413988406470132     
   8.3299998138844974E-003   39.779720104550620     
   8.6633331397672503E-003   40.080522766017431     
   8.9966664656500033E-003   40.286279301676878     
   9.3299997915327545E-003   40.404529640988400     
   9.6633331174155075E-003   40.476460467663912     
   9.9966664432982605E-003   40.560916347335798     
   1.0329999769181013E-002   40.712426610641060     
   1.0663333095063766E-002   40.960910960985061     
   1.0996666420946519E-002   41.299680058765084     
   1.1329999746829272E-002   41.685203009245470     
   1.1663333072712025E-002   42.048136646823039     
   1.1996666398594778E-002   42.311695984066830     
   1.2329999724477530E-002   42.411621039639165     
   1.2663333050360282E-002   42.312131194804543     
   1.2996666376243035E-002   42.014037196792160     
   1.3329999702125788E-002   41.553812958160009     
   1.3663333028008541E-002   42.232723102388547     
   1.3996666353891294E-002   42.829135206864919     
   1.4329999679774047E-002   43.354722789705477     
   1.4663333005656799E-002   43.828908141196337     
   1.4996666331539552E-002   44.264035368283515     
   1.5329999657422304E-002   44.665009650220256     
   1.5663332983305057E-002   45.030331134457107     
   1.5996666309187810E-002   45.354036008425346     
   1.6329999635070563E-002   45.628042869851647     
   1.6663332960953316E-002   45.844459912859790     
   1.6996666286836069E-002   45.997511388484710     
   1.7329999612718822E-002   46.084865790207374     
   1.7663332938601575E-002   46.108272873562989     
   1.7996666264484328E-002   46.073526792548805     
   1.8329999590367081E-002   45.989858594966975     
   1.8663332916249831E-002   45.868918306112477     
   1.8996666242132584E-002   45.723534231410362     
   1.9329999568015337E-002   45.566437462288924     
   1.9663332893898090E-002   45.409117570676671     
   1.9996666219780843E-002   45.260937079478516     
   2.0329999545663596E-002   45.128583962609284     
   2.0663332871546349E-002   45.015889541317115     
   2.0996666197429101E-002   44.923989553669756     
   2.1329999523311854E-002   44.851763856003394     
   2.1663332849194607E-002   44.796459010634130     
   2.1996666175077360E-002   44.754380449742321     
   2.2329999500960113E-002   44.721538091714670     
   2.2663332826842866E-002   44.694140913168866     
   2.2996666152725619E-002   44.668860416362243     
   2.3329999478608372E-002   44.642817424702670     
   2.3663332804491125E-002   44.613287585265859     
   2.3996666130373878E-002   44.577164206774114     
   2.4329999456256628E-002   44.530258212909800     
   2.4663332782139381E-002   44.466549649820415     
   2.4996666108022134E-002   44.377529188760583     
   2.5329999433904887E-002   44.251777689190568     
   2.5663332759787640E-002   44.074924107123856     
   2.5996666085670393E-002   43.830094843853402     
   2.6329999411553145E-002   43.498920478586577     
   2.6663332737435898E-002   43.063100119697516     
   2.6996666063318651E-002   43.103174469925513     
   2.7329999389201404E-002   43.070596067496041     
   2.7663332715084157E-002   42.938886198042105     
   2.7996666040966910E-002   42.698070912020775     
   2.8329999366849663E-002   42.350841458476715     
   2.8663332692732416E-002   41.912221433186538     
   2.8996666018615169E-002   41.406973470151577     
   2.9329999344497919E-002   40.865167472930786     
   2.9663332670380672E-002   40.316765673974281     
   2.9996665996263425E-002   39.786350691952222     
   3.0329999322146178E-002   39.289151026236581     
   3.0663332648028931E-002   38.829275528982194     
   3.0996665973911684E-002   38.400590402992016     
   3.1329999299794437E-002   37.990057644854481     
   3.1663332625677193E-002   37.582744700541447     
   3.1996665951559942E-002   37.167265012256763     
   3.2329999277442692E-002   36.740244558712895     
   3.2663332603325448E-002   36.308594270706216     
   3.2996665929208198E-002   35.888881087920112     
   3.3329999255090954E-002   35.503822917962630     
   3.3663332580973704E-002   35.176709954351281     
   3.3996665906856460E-002   34.925175791676082     
   3.4329999232739210E-002   34.756030547651825     
   3.4663332558621966E-002   34.662722295047509     
   3.4996665884504716E-002   34.626416516294107     
   3.5329999210387472E-002   34.620793536263164     
   3.5663332536270222E-002   34.619669281060645     
   3.5996665862152978E-002   34.605695891305729     
   3.6329999188035728E-002   34.577925846712361     
   3.6663332513918484E-002   34.556075037062001     
   3.6996665839801234E-002   34.579921307445495     
   3.7329999165683983E-002   34.703314146411110     
   3.7663332491566739E-002   34.983524213732302     
   3.7996665817449489E-002   35.467843844552569     
   3.8329999143332245E-002   36.180185062517033     
   3.8663332469214995E-002   37.110707307628310     
   3.8996665795097751E-002   38.211159869912997     
   3.9329999120980501E-002   39.397694745795370     
   3.9663332446863257E-002   40.561560789647260     
   3.9996665772746007E-002   41.586569050194008     
