   3.3333331843217230E-006   28.848485883636574     
   3.2999999269843104E-004   28.767837554037573     
   6.6333331858118379E-004   28.787171579155309     
   9.9666664446393643E-004   28.908100464630547     
   1.3299999703466892E-003   29.120582858293037     
   1.6633332962294419E-003   29.406096521107397     
   1.9966666221121949E-003   29.739384164002363     
   2.3299999479949474E-003   30.091432786234403     
   2.6633332738777004E-003   30.433474115130991     
   2.9966665997604534E-003   30.741499883501152     
   3.3299999256432059E-003   31.000497666185513     
   3.6633332515259584E-003   31.207425911770844     
   3.9966665774087114E-003   31.371969443146117     
   4.3299999032914644E-003   31.514434788746001     
   4.6633332291742165E-003   31.660772454842682     
   4.9966665550569694E-003   31.835550251803642     
   5.3299998809397224E-003   32.054520656897836     
   5.6633332068224754E-003   32.318914020315511     
   5.9966665327052283E-003   32.613456211558535     
   6.3299998585879804E-003   32.909223911469958     
   6.6633331844707334E-003   33.170965137574896     
   6.9966665103534864E-003   33.366884414238569     
   7.3299998362362385E-003   33.477760190518936     
   7.6633331621189914E-003   33.502189780802460     
   7.9966664880017444E-003   33.455941685381482     
   8.3299998138844974E-003   33.365497490132903     
   8.6633331397672503E-003   33.258082308419084     
   8.9966664656500033E-003   33.151872524587041     
   9.3299997915327545E-003   33.049995629152136     
   9.6633331174155075E-003   32.940397960414131     
   9.9966664432982605E-003   32.801314179122414     
   1.0329999769181013E-002   32.609943862233372     
   1.0663333095063766E-002   32.350909159728467     
   1.0996666420946519E-002   32.021476642809276     
   1.1329999746829272E-002   31.632062987855193     
   1.1663333072712025E-002   31.202448416278656     
   1.1996666398594778E-002   30.755585132207798     
   1.2329999724477530E-002   30.311414207187738     
   1.2663333050360282E-002   29.882666587802497     
   1.2996666376243035E-002   29.473581142663885     
   1.3329999702125788E-002   29.081336680005041     
   1.3663333028008541E-002   28.699188686212249     
   1.3996666353891294E-002   28.320018228811389     
   1.4329999679774047E-002   27.939194492250301     
   1.4663333005656799E-002   27.556127111031543     
   1.4996666331539552E-002   27.174409353625826     
   1.5329999657422304E-002   26.800854741201213     
   1.5663332983305057E-002   26.443930016665728     
   1.5996666309187810E-002   26.112095878428462     
   1.6329999635070563E-002   25.812445437258202     
   1.6663332960953316E-002   25.549854882479764     
   1.6996666286836069E-002   25.326693690640599     
   1.7329999612718822E-002   25.143019310256481     
   1.7663332938601575E-002   24.997114579848201     
   1.7996666264484328E-002   24.886208204386065     
   1.8329999590367081E-002   24.807233761792396     
   1.8663332916249831E-002   24.757514189354161     
   1.8996666242132584E-002   24.735293324676675     
   1.9329999568015337E-002   24.740066065867044     
   1.9663332893898090E-002   24.772681567702989     
   1.9996666219780843E-002   24.835211181166994     
   2.0329999545663596E-002   24.930588596838028     
   2.0663332871546349E-002   25.062048586012502     
   2.0996666197429101E-002   25.232416465558615     
   2.1329999523311854E-002   25.443333653289667     
   2.1663332849194607E-002   25.694541564020110     
   2.1996666175077360E-002   25.983377104035903     
   2.2329999500960113E-002   26.304643285500639     
   2.2663332826842866E-002   26.650990441281948     
   2.2996666152725619E-002   27.013862652425559     
   2.3329999478608372E-002   27.384927373803674     
   2.3663332804491125E-002   27.757731853256924     
   2.3996666130373878E-002   28.129162586675818     
   2.4329999456256628E-002   28.500191996643522     
   2.4663332782139381E-002   28.875453935779305     
   2.4996666108022134E-002   29.261444486129093     
   2.5329999433904887E-002   29.663580242643629     
   2.5663332759787640E-002   30.082854759603407     
   2.5996666085670393E-002   30.513222941485797     
   2.6329999411553145E-002   30.940893866520906     
   2.6663332737435898E-002   31.346279650714671     
   2.6996666063318651E-002   31.708466657191209     
   2.7329999389201404E-002   32.011012861337235     
   2.7663332715084157E-002   32.247072889027486     
   2.7996666040966910E-002   32.421749282423200     
   2.8329999366849663E-002   32.550369764839239     
   2.8663332692732416E-002   32.652899063591946     
   2.8996666018615169E-002   32.746326980307046     
   2.9329999344497919E-002   32.837893908451015     
   2.9663332670380672E-002   32.921885608963706     
   2.9996665996263425E-002   32.981415436955878     
   3.0329999322146178E-002   32.994639353113087     
   3.0663332648028931E-002   32.943071122260299     
   3.0996665973911684E-002   32.818855345604184     
   3.1329999299794437E-002   32.628336809485440     
   3.1663332625677193E-002   32.390773483883990     
   3.1996665951559942E-002   32.132889103320842     
   3.2329999277442692E-002   31.881383661519354     
   3.2663332603325448E-002   31.656016235281623     
   3.2996665929208198E-002   31.465384197128831     
   3.3329999255090954E-002   31.306377323853503     
   3.3663332580973704E-002   31.167000716627825     
   3.3996665906856460E-002   31.031299016966248     
   3.4329999232739210E-002   30.884723333167052     
   3.4663332558621966E-002   30.718457389157791     
   3.4996665884504716E-002   30.531773202339945     
   3.5329999210387472E-002   30.332163310453488     
   3.5663332536270222E-002   30.133575788083007     
   3.5996665862152978E-002   29.953433263544454     
   3.6329999188035728E-002   29.809222796092612     
   3.6663332513918484E-002   29.715349529476534     
   3.6996665839801234E-002   29.680738058786577     
   3.7329999165683983E-002   29.707425472290872     
   3.7663332491566739E-002   29.790180821738652     
   3.7996665817449489E-002   29.917039538172176     
   3.8329999143332245E-002   30.070563927120112     
   3.8663332469214995E-002   30.229620319151643     
   3.8996665795097751E-002   30.371478973590904     
   3.9329999120980501E-002   30.474072401505929     
   3.9663332446863257E-002   30.518272943879335     
   3.9996665772746007E-002   30.490059021949250     
