   0.0000000000000000        17867.070028716073     
   3.3333333333333332E-004   12687.913840772369     
   6.6666666666666664E-004   8801.6993293393916     
   1.0000000000000000E-003   5794.8166194807709     
   1.3333333333333333E-003   2536.2617869652754     
   1.6666666666666666E-003  -1458.4708576416404     
   2.0000000000000000E-003  -5433.0476736565724     
   2.3333333333333331E-003  -8162.1414117475279     
   2.6666666666666666E-003  -9237.1150550001257     
   3.0000000000000001E-003  -9428.3049229221433     
   3.3333333333333331E-003  -9698.0921668789942     
   3.6666666666666666E-003  -9979.1173301480194     
   4.0000000000000001E-003  -9146.1620864415581     
   4.3333333333333331E-003  -6282.2251387951592     
   4.6666666666666662E-003  -1851.8930978729591     
   5.0000000000000001E-003   2537.8862048110200     
   5.3333333333333332E-003   5543.3544607947470     
   5.6666666666666662E-003   7129.5059209508781     
   6.0000000000000001E-003   8183.1216037295435     
   6.3333333333333332E-003   9249.4246682198500     
   6.6666666666666662E-003   9870.4271721431523     
   7.0000000000000001E-003   9211.0227247822422     
   7.3333333333333332E-003   7139.6918378634255     
   7.6666666666666662E-003   4452.6192029647846     
   8.0000000000000002E-003   1991.4526698460304     
   8.3333333333333332E-003  -272.73847658785132     
   8.6666666666666663E-003  -3059.9574661631068     
   8.9999999999999993E-003  -6632.6303051947725     
   9.3333333333333324E-003  -9950.2767591586235     
   9.6666666666666672E-003  -11166.751564017932     
   1.0000000000000000E-002  -9141.7676141982192     
   1.0333333333333333E-002  -4566.9703519415762     
   1.0666666666666666E-002   387.35726341140980     
   1.0999999999999999E-002   3644.3240502925573     
   1.1333333333333332E-002   4662.0090611337546     
   1.1666666666666665E-002   4548.4705810868927     
   1.2000000000000000E-002   4828.1802848231118     
   1.2333333333333333E-002   5950.3373004268724     
   1.2666666666666666E-002   6774.6857893381566     
   1.2999999999999999E-002   5440.0738190151533     
   1.3333333333333332E-002   960.81297423992828     
   1.3666666666666666E-002  -5778.3678818109474     
   1.4000000000000000E-002  -10065.645055815501     
   1.4333333333333333E-002  -9522.7009176737029     
   1.4666666666666666E-002  -4384.9528894207870     
   1.4999999999999999E-002   2634.6636323993152     
   1.5333333333333332E-002   7857.3320078872857     
   1.5666666666666666E-002   8697.0638652473772     
   1.6000000000000000E-002   5097.1075061688280     
   1.6333333333333332E-002  -508.01562511434850     
   1.6666666666666666E-002  -4707.5019296066166     
   1.6999999999999998E-002  -5203.9354216602514     
   1.7333333333333333E-002  -2184.0637623631046     
   1.7666666666666667E-002   1905.9289436654230     
   1.7999999999999999E-002   4047.5551012244223     
   1.8333333333333333E-002   2699.3418308998994     
   1.8666666666666665E-002  -1159.7492294579597     
   1.9000000000000000E-002  -4709.7437781783674     
   1.9333333333333334E-002  -5245.8765711910764     
   1.9666666666666666E-002  -2078.9300613012510     
   2.0000000000000000E-002   2934.4055312007304     
   2.0333333333333332E-002   6610.6640228784472     
   2.0666666666666667E-002   6576.9941823827894     
   2.0999999999999998E-002   2858.2217816928392     
   2.1333333333333333E-002  -2167.2879590223574     
   2.1666666666666667E-002  -5386.9422047662492     
   2.1999999999999999E-002  -5012.7052620595814     
   2.2333333333333334E-002  -1675.6389503783375     
   2.2666666666666665E-002   2139.6727385100712     
   2.3000000000000000E-002   3859.7400468600963     
   2.3333333333333331E-002   2537.7793528630659     
   2.3666666666666666E-002  -623.72090322280201     
   2.4000000000000000E-002  -3217.2926106900095     
   2.4333333333333332E-002  -3320.4141624750991     
   2.4666666666666667E-002  -767.62213235526588     
   2.4999999999999998E-002   2799.4286726582081     
   2.5333333333333333E-002   5055.3344064768971     
   2.5666666666666667E-002   4493.8610254844762     
   2.5999999999999999E-002   1344.5304857543288     
   2.6333333333333334E-002  -2617.1242765049883     
   2.6666666666666665E-002  -5170.5018473970958     
   2.7000000000000000E-002  -5083.0146074242284     
   2.7333333333333331E-002  -2908.0636414109890     
   2.7666666666666666E-002   238.81751367850029     
   2.8000000000000001E-002   3010.4767376973350     
   2.8333333333333332E-002   4423.3845350567190     
   2.8666666666666667E-002   4200.3758151370621     
   2.8999999999999998E-002   2752.7094148287074     
   2.9333333333333333E-002   864.18407257090757     
   2.9666666666666664E-002  -733.81217730838671     
   2.9999999999999999E-002  -1677.4746093066683     
   3.0333333333333334E-002  -2032.9681747971135     
   3.0666666666666665E-002  -2106.4701245940946     
   3.1000000000000000E-002  -2141.3323208919605     
   3.1333333333333331E-002  -2102.5490858498506     
   3.1666666666666662E-002  -1693.6485722158113     
   3.2000000000000001E-002  -604.50726827880044     
   3.2333333333333332E-002   1168.5226238687574     
   3.2666666666666663E-002   3158.1061074212462     
   3.3000000000000002E-002   4569.3961248346868     
   3.3333333333333333E-002   4691.9712779642214     
   3.3666666666666664E-002   3344.6962051509654     
   3.3999999999999996E-002   1053.8696924605920     
   3.4333333333333334E-002  -1197.4559656095935     
   3.4666666666666665E-002  -2533.5568576756577     
   3.4999999999999996E-002  -2707.9272512537627     
   3.5333333333333335E-002  -2211.3227114544507     
   3.5666666666666666E-002  -1856.8719590705691     
   3.5999999999999997E-002  -2121.5898466717072     
   3.6333333333333336E-002  -2749.6941659290333     
   3.6666666666666667E-002  -2967.8158940723069     
   3.6999999999999998E-002  -2180.9962328969996     
   3.7333333333333329E-002  -568.31038910535153     
   3.7666666666666668E-002   1000.4068121047453     
   3.7999999999999999E-002   1740.7457481212605     
   3.8333333333333330E-002   1723.8331152235714     
   3.8666666666666669E-002   1784.3238501464134     
   3.9000000000000000E-002   2474.4970555703048     
   3.9333333333333331E-002   3132.8247961009474     
   3.9666666666666663E-002   2443.7730293139052     
   4.0000000000000001E-002   453.84148534780388     
