   3.3333331843217230E-006   32.231638071056075     
   3.2999999269843104E-004   32.229074571927853     
   6.6333331858118379E-004   32.221285408531770     
   9.9666664446393643E-004   32.208288651889156     
   1.3299999703466892E-003   32.190114469007170     
   1.6633332962294419E-003   32.166805074256956     
   1.9966666221121949E-003   32.138414661116990     
   2.3299999479949474E-003   32.105009314175625     
   2.6633332738777004E-003   32.066666901260454     
   2.9966665997604534E-003   32.023476945537439     
   3.3299999256432059E-003   31.975540477402770     
   3.6633332515259584E-003   31.922969865972476     
   3.9966665774087114E-003   31.865888629962566     
   4.3299999032914644E-003   31.804431227743819     
   4.6633332291742165E-003   31.738742826352738     
   4.9966665550569694E-003   31.668979049242328     
   5.3299998809397224E-003   31.595305702564652     
   5.6633332068224754E-003   31.517898479791732     
   5.9966665327052283E-003   31.436942644501837     
   6.3299998585879804E-003   31.352632691185555     
   6.6633331844707334E-003   31.265171983960137     
   6.9966665103534864E-003   31.174772373121044     
   7.3299998362362385E-003   31.081653789507090     
   7.6633331621189914E-003   30.986043816709739     
   7.9966664880017444E-003   30.888177241217708     
   8.3299998138844974E-003   30.788295580655198     
   8.6633331397672503E-003   30.686646590345191     
   8.9966664656500033E-003   30.583483748508709     
   9.3299997915327545E-003   30.479065720495399     
   9.6633331174155075E-003   30.373655802531129     
   9.9966664432982605E-003   30.267521345562521     
   1.0329999769181013E-002   30.160933159877683     
   1.0663333095063766E-002   30.054164901284697     
   1.0996666420946519E-002   29.947492439735200     
   1.1329999746829272E-002   29.841193211388926     
   1.1663333072712025E-002   29.735545555224341     
   1.1996666398594778E-002   29.630828035412250     
   1.2329999724477530E-002   29.527318750780484     
   1.2663333050360282E-002   29.425294632808811     
   1.2996666376243035E-002   29.325030733703166     
   1.3329999702125788E-002   29.226799506206454     
   1.3663333028008541E-002   29.130870076908330     
   1.3996666353891294E-002   29.037507514918126     
   1.4329999679774047E-002   28.946972097862581     
   1.4663333005656799E-002   28.859518577262499     
   1.4996666331539552E-002   28.775395445428515     
   1.5329999657422304E-002   28.694844206096370     
   1.5663332983305057E-002   28.618098651094371     
   1.5996666309187810E-002   28.545384145399911     
   1.6329999635070563E-002   28.476916922997571     
   1.6663332960953316E-002   28.412903395997649     
   1.6996666286836069E-002   28.353539479509802     
   1.7329999612718822E-002   28.299009934792416     
   1.7663332938601575E-002   28.249487733212668     
   1.7996666264484328E-002   28.205133443555543     
   1.8329999590367081E-002   28.166094645211142     
   1.8663332916249831E-002   28.132505369748923     
   1.8996666242132584E-002   28.104485573353937     
   1.9329999568015337E-002   28.082140642554286     
   1.9663332893898090E-002   28.065560935610581     
   1.9996666219780843E-002   28.054821361866232     
   2.0329999545663596E-002   28.049981001273903     
   2.0663332871546349E-002   28.051082766216147     
   2.0996666197429101E-002   28.058153107629526     
   2.1329999523311854E-002   28.071201767319614     
   2.1663332849194607E-002   28.090221578221740     
   2.1996666175077360E-002   28.115188314217050     
   2.2329999500960113E-002   28.146060590958200     
   2.2663332826842866E-002   28.182779818992941     
   2.2996666152725619E-002   28.225270210298063     
   2.3329999478608372E-002   28.273438839151058     
   2.3663332804491125E-002   28.327175758073786     
   2.3996666130373878E-002   28.386354169381480     
   2.4329999456256628E-002   28.450830652662908     
   2.4663332782139381E-002   28.520445448304041     
   2.4996666108022134E-002   28.595022796949472     
   2.5329999433904887E-002   28.674371334573884     
   2.5663332759787640E-002   28.758284542610632     
   2.5996666085670393E-002   28.846541252358378     
   2.6329999411553145E-002   28.938906202659108     
   2.6663332737435898E-002   29.035130649614043     
   2.6996666063318651E-002   29.134953026878893     
   2.7329999389201404E-002   29.238099654857180     
   2.7663332715084157E-002   29.344285496891484     
   2.7996666040966910E-002   29.453214960338990     
   2.8329999366849663E-002   29.564582740209499     
   2.8663332692732416E-002   29.678074702843855     
   2.8996666018615169E-002   29.793368806918082     
   2.9329999344497919E-002   29.910136058875359     
   2.9663332670380672E-002   30.028041499715144     
   2.9996665996263425E-002   30.146745219906979     
   3.0329999322146178E-002   30.265903399046937     
   3.0663332648028931E-002   30.385169366737980     
   3.0996665973911684E-002   30.504194681052681     
   3.1329999299794437E-002   30.622630220828466     
   3.1663332625677193E-002   30.740127287952280     
   3.1996665951559942E-002   30.856338715714148     
   3.2329999277442692E-002   30.970919979248187     
   3.2663332603325448E-002   31.083530304034937     
   3.2996665929208198E-002   31.193833768411874     
   3.3329999255090954E-002   31.301500396028938     
   3.3663332580973704E-002   31.406207234193523     
   3.3996665906856460E-002   31.507639414074600     
   3.4329999232739210E-002   31.605491188779030     
   3.4663332558621966E-002   31.699466945373032     
   3.4996665884504716E-002   31.789282187000428     
   3.5329999210387472E-002   31.874664481343917     
   3.5663332536270222E-002   31.955354371788172     
   3.5996665862152978E-002   32.031106247771447     
   3.6329999188035728E-002   32.101689170957158     
   3.6663332513918484E-002   32.166887654016165     
   3.6996665839801234E-002   32.226502388984891     
   3.7329999165683983E-002   32.280350922352447     
   3.7663332491566739E-002   32.328268274231192     
   3.7996665817449489E-002   32.370107499178275     
   3.8329999143332245E-002   32.405740186460235     
   3.8663332469214995E-002   32.435056897787724     
   3.8996665795097751E-002   32.457967540790790     
   3.9329999120980501E-002   32.474401676757196     
   3.9663332446863257E-002   32.484308761415015     
   3.9996665772746007E-002   32.487658317804858     
