   3.3333331843217230E-006   27.610251724346401     
   3.2999999269843104E-004   27.609204931303616     
   6.6333331858118379E-004   27.606288800379772     
   9.9666664446393643E-004   27.602304742902561     
   1.3299999703466892E-003   27.598566015925883     
   1.6633332962294419E-003   27.596856838698208     
   1.9966666221121949E-003   27.599372113954647     
   2.3299999479949474E-003   27.608635591236638     
   2.6633332738777004E-003   27.627394765175108     
   2.9966665997604534E-003   27.658491893909876     
   3.3299999256432059E-003   27.704712221482854     
   3.6633332515259584E-003   27.768612685605355     
   3.9966665774087114E-003   27.852336910117945     
   4.3299999032914644E-003   27.957424883704526     
   4.6633332291742165E-003   28.084628139096967     
   4.9966665550569694E-003   28.233743182543289     
   5.3299998809397224E-003   28.403477107256297     
   5.6633332068224754E-003   28.591359522729185     
   5.9966665327052283E-003   28.793713975468492     
   6.3299998585879804E-003   29.005699843529698     
   6.6633331844707334E-003   29.221432276063521     
   6.9966665103534864E-003   29.434183246833857     
   7.3299998362362385E-003   29.636661430664514     
   7.6633331621189914E-003   29.821362722914930     
   7.9966664880017444E-003   29.980977209460153     
   8.3299998138844974E-003   30.108832712624405     
   8.6633331397672503E-003   30.199350158088553     
   8.9966664656500033E-003   30.248482380498054     
   9.3299997915327545E-003   30.254106006520832     
   9.6633331174155075E-003   30.216336027436441     
   9.9966664432982605E-003   30.137734781766333     
   1.0329999769181013E-002   30.023391350988248     
   1.0663333095063766E-002   29.880853710143104     
   1.0996666420946519E-002   29.719904093306784     
   1.1329999746829272E-002   29.552177505287023     
   1.1663333072712025E-002   29.390633581216214     
   1.1996666398594778E-002   29.248902414361709     
   1.2329999724477530E-002   29.140534833226827     
   1.2663333050360282E-002   29.078196196906390     
   1.2996666376243035E-002   29.072849419098844     
   1.3329999702125788E-002   29.132977043784944     
   1.3663333028008541E-002   29.263893334179663     
   1.3996666353891294E-002   29.467195231856468     
   1.4329999679774047E-002   29.740395629846816     
   1.4663333005656799E-002   30.076773836641820     
   1.4996666331539552E-002   30.465466762682354     
   1.5329999657422304E-002   30.891810818965549     
   1.5663332983305057E-002   31.337929538182991     
   1.5996666309187810E-002   31.783546406747337     
   1.6329999635070563E-002   32.206987307051477     
   1.6663332960953316E-002   32.586323309279933     
   1.6996666286836069E-002   32.900593271649903     
   1.7329999612718822E-002   33.131037647235082     
   1.7663332938601575E-002   33.262270723846413     
   1.7996666264484328E-002   33.283318687948693     
   1.8329999590367081E-002   33.188455590638632     
   1.8663332916249831E-002   32.977778406097343     
   1.8996666242132584E-002   32.657475525034535     
   1.9329999568015337E-002   32.239759557376345     
   1.9663332893898090E-002   31.742454327793940     
   1.9996666219780843E-002   31.188246340181710     
   2.0329999545663596E-002   30.603631539807981     
   2.0663332871546349E-002   30.017607637195304     
   2.0996666197429101E-002   29.460179324406312     
   2.1329999523311854E-002   28.960757267945265     
   2.1663332849194607E-002   28.546540842316652     
   2.1996666175077360E-002   28.240978464672850     
   2.2329999500960113E-002   28.062397697969121     
   2.2663332826842866E-002   28.022889940297933     
   2.2996666152725619E-002   28.127521796948372     
   2.3329999478608372E-002   28.373927769067297     
   2.3663332804491125E-002   28.752317632411572     
   2.3996666130373878E-002   29.245908028019272     
   2.4329999456256628E-002   29.831762743320155     
   2.4663332782139381E-002   30.482001436610009     
   2.4996666108022134E-002   31.165313676580340     
   2.5329999433904887E-002   31.848695580010379     
   2.5663332759787640E-002   32.499311311863359     
   2.5996666085670393E-002   33.086372284747640     
   2.6329999411553145E-002   33.582923756048523     
   2.6663332737435898E-002   33.967431992766983     
   2.6996666063318651E-002   34.225075174942766     
   2.7329999389201404E-002   34.348657251379898     
   2.7663332715084157E-002   34.339085176041422     
   2.7996666040966910E-002   34.205375134014183     
   2.8329999366849663E-002   33.964181040037836     
   2.8663332692732416E-002   33.638867108833431     
   2.8996666018615169E-002   33.258173924365416     
   2.9329999344497919E-002   32.854552471763888     
   2.9663332670380672E-002   32.462261471992484     
   2.9996665996263425E-002   32.115338740279576     
   3.0329999322146178E-002   31.845566159833876     
   3.0663332648028931E-002   31.680549595214373     
   3.0996665973911684E-002   31.642029469649536     
   3.1329999299794437E-002   31.744525051961190     
   3.1663332625677193E-002   31.994396435286571     
   3.1996665951559942E-002   32.389383836723034     
   3.2329999277442692E-002   32.918655637598604     
   3.2663332603325448E-002   33.563366204270935     
   3.2996665929208198E-002   34.297693815880862     
   3.3329999255090954E-002   35.090299853276136     
   3.3663332580973704E-002   35.906124569625874     
   3.3996665906856460E-002   36.708413875428036     
   3.4329999232739210E-002   37.460856944830830     
   3.4663332558621966E-002   38.129707027414071     
   3.4996665884504716E-002   38.685758134310703     
   3.5329999210387472E-002   39.106058293351296     
   3.5663332536270222E-002   39.375255392008377     
   3.5996665862152978E-002   39.486493354497767     
   3.6329999188035728E-002   39.441803236238513     
   3.6663332513918484E-002   39.251964149189369     
   3.6996665839801234E-002   38.935840916314270     
   3.7329999165683983E-002   38.519237042999698     
   3.7663332491566739E-002   38.033331047728836     
   3.7996665817449489E-002   37.512789603538764     
   3.8329999143332245E-002   36.993670737881416     
   3.8663332469214995E-002   36.511243293771322     
   3.8996665795097751E-002   36.097854159041916     
   3.9329999120980501E-002   35.780972081179506     
   3.9663332446863257E-002   35.581526351418248     
   3.9996665772746007E-002   35.512640895084992     
