   3.3333333333333333E-006   26.017355164029354     
   3.3000000000000000E-004   26.158797109695911     
   6.6333333333333327E-004   26.420169612226150     
   9.9666666666666675E-004   26.772290039550732     
   1.3300000000000000E-003   27.165741624205801     
   1.6633333333333333E-003   27.542864789862804     
   1.9966666666666666E-003   27.853982523910453     
   2.3299999999999996E-003   28.070925001502886     
   2.6633333333333331E-003   28.193438584820996     
   2.9966666666666666E-003   28.246511230041218     
   3.3299999999999996E-003   28.269807059780405     
   3.6633333333333331E-003   28.303118161722573     
   3.9966666666666666E-003   28.373012106377352     
   4.3299999999999996E-003   28.485226037086623     
   4.6633333333333327E-003   28.625099524825032     
   4.9966666666666666E-003   28.765327328685014     
   5.3299999999999997E-003   28.877692972400450     
   5.6633333333333327E-003   28.944177554036841     
   5.9966666666666666E-003   28.963343352861258     
   6.3299999999999997E-003   28.949899210297115     
   6.6633333333333327E-003   28.928037301002274     
   6.9966666666666667E-003   28.921444790859912     
   7.3299999999999997E-003   28.943987472029484     
   7.6633333333333328E-003   28.994591492702089     
   7.9966666666666675E-003   29.058079292530717     
   8.3300000000000006E-003   29.111385008556155     
   8.6633333333333336E-003   29.132585091028616     
   8.9966666666666667E-003   29.109247984497429     
   9.3299999999999998E-003   29.043008883907223     
   9.6633333333333345E-003   28.948778964927556     
   9.9966666666666676E-003   28.848987281086437     
   1.0330000000000001E-002   28.764985626585577     
   1.0663333333333334E-002   28.708632993163910     
   1.0996666666666667E-002   28.676876914362389     
   1.1330000000000000E-002   28.651023308608593     
   1.1663333333333333E-002   28.600794995578834     
   1.1996666666666668E-002   28.491790764406332     
   1.2330000000000001E-002   28.294041786496432     
   1.2663333333333334E-002   27.989245463820680     
   1.2996666666666667E-002   27.574876529105726     
   1.3330000000000000E-002   27.064443398900206     
   1.3663333333333333E-002   27.202674148602075     
   1.3996666666666668E-002   27.320726968779553     
   1.4330000000000001E-002   27.428645987503383     
   1.4663333333333334E-002   27.540989707574994     
   1.4996666666666667E-002   27.668288061691278     
   1.5330000000000000E-002   27.816511752467648     
   1.5663333333333331E-002   27.987275215436007     
   1.5996666666666666E-002   28.178580670872879     
   1.6329999999999997E-002   28.385883219319826     
   1.6663333333333332E-002   28.603264507082432     
   1.6996666666666663E-002   28.824535225760737     
   1.7329999999999998E-002   29.044134421305486     
   1.7663333333333333E-002   29.257747054988890     
   1.7996666666666664E-002   29.462612985068837     
   1.8329999999999999E-002   29.657545077472555     
   1.8663333333333330E-002   29.842708116920036     
   1.8996666666666665E-002   30.019232032559081     
   1.9330000000000000E-002   30.188742641257466     
   1.9663333333333331E-002   30.352891745862063     
   1.9996666666666666E-002   30.512957871593734     
   2.0329999999999997E-002   30.669571503482580     
   2.0663333333333332E-002   30.822596931792614     
   2.0996666666666663E-002   30.971179271793268     
   2.1329999999999998E-002   31.113942326073893     
   2.1663333333333333E-002   31.249302884478936     
   2.1996666666666664E-002   31.375851637634035     
   2.2329999999999999E-002   31.492741490102091     
   2.2663333333333330E-002   31.600021536727898     
   2.2996666666666665E-002   31.698859559308111     
   2.3329999999999997E-002   31.791607258126607     
   2.3663333333333331E-002   31.881679634481788     
   2.3996666666666666E-002   31.973241569350478     
   2.4329999999999997E-002   32.070718877413547     
   2.4663333333333332E-002   32.178175822561393     
   2.4996666666666664E-002   32.298623908677264     
   2.5329999999999998E-002   32.433345223739089     
   2.5663333333333333E-002   32.581325201879416     
   2.5996666666666664E-002   32.738891976370120     
   2.6329999999999999E-002   32.899650451198539     
   2.6663333333333331E-002   33.054777366035687     
   2.6996666666666665E-002   33.345146742881731     
   2.7329999999999997E-002   33.630619229877226     
   2.7663333333333331E-002   33.893531856538168     
   2.7996666666666666E-002   34.121778329649835     
   2.8329999999999998E-002   34.309251043552507     
   2.8663333333333332E-002   34.456737818820031     
   2.8996666666666664E-002   34.571591245486118     
   2.9329999999999998E-002   34.666129008409776     
   2.9663333333333330E-002   34.755004405146032     
   2.9996666666666665E-002   34.852047117411743     
   3.0329999999999999E-002   34.967248457031630     
   3.0663333333333331E-002   35.104597684696131     
   3.0996666666666665E-002   35.261339026578938     
   3.1329999999999997E-002   35.428924047340068     
   3.1663333333333328E-002   35.595534532740118     
   3.1996666666666666E-002   35.749635279728288     
   3.2329999999999998E-002   35.883689780196178     
   3.2663333333333329E-002   35.997032716819689     
   3.2996666666666667E-002   36.097004929815931     
   3.3329999999999999E-002   36.197825762951439     
   3.3663333333333330E-002   36.317243529265134     
   3.3996666666666661E-002   36.471643959781204     
   3.4329999999999999E-002   36.670845943411457     
   3.4663333333333331E-002   36.914108016103356     
   3.4996666666666662E-002   37.188783613792779     
   3.5330000000000000E-002   37.472555509446153     
   3.5663333333333332E-002   37.739314844657848     
   3.5996666666666663E-002   37.967701129347233     
   3.6330000000000001E-002   38.150341206068177     
   3.6663333333333332E-002   38.301199649618596     
   3.6996666666666664E-002   38.458419491945655     
   3.7329999999999995E-002   38.680714827497269     
   3.7663333333333333E-002   39.036731198929594     
   3.7996666666666665E-002   39.588583140842950     
   3.8329999999999996E-002   40.372617387799430     
   3.8663333333333334E-002   41.381854901424589     
   3.8996666666666666E-002   42.555078734206532     
   3.9329999999999997E-002   43.776849582837052     
   3.9663333333333328E-002   44.890794570202509     
   3.9996666666666666E-002   45.725592175965346     
