   3.3333331843217230E-006   175.93918841209873     
   3.2999999269843104E-004   160.60003291902791     
   6.6333331858118379E-004   117.37487918170996     
   9.9666664446393643E-004   55.850526485430450     
   1.3299999703466892E-003  -10.366233112055912     
   1.6633332962294419E-003  -66.707968257141687     
   1.9966666221121949E-003  -100.90780419679777     
   2.3299999479949474E-003  -105.72218283507112     
   2.6633332738777004E-003  -80.501633725667432     
   2.9966665997604534E-003  -31.262725193681533     
   3.3299999256432059E-003   30.741187797341258     
   3.6633332515259584E-003   91.610540124896318     
   3.9966665774087114E-003   137.95035834759801     
   4.3299999032914644E-003   159.85948140797427     
   4.6633332291742165E-003   153.08260176220159     
   4.9966665550569694E-003   119.85013577734999     
   5.3299998809397224E-003   68.237791814039795     
   5.6633332068224754E-003   10.218620155686892     
   5.9966665327052283E-003  -41.123863296180502     
   6.3299998585879804E-003  -74.569800829767757     
   6.6633331844707334E-003  -83.242784987176776     
   6.9966665103534864E-003  -66.041296374654621     
   7.3299998362362385E-003  -27.720401667342639     
   7.6633331621189914E-003   22.360847662524133     
   7.9966664880017444E-003   72.504573978655912     
   8.3299998138844974E-003   111.40510853965257     
   8.6633331397672503E-003   130.70611105990821     
   8.9966664656500033E-003   126.80136516445558     
   9.3299997915327545E-003   101.48783629487610     
   9.6633331174155075E-003   61.356436364815863     
   9.9966664432982605E-003   16.101902740702606     
   1.0329999769181013E-002  -23.821393448540682     
   1.0663333095063766E-002  -49.632149103955108     
   1.0996666420946519E-002  -56.175334923532404     
   1.1329999746829272E-002  -42.958548440974369     
   1.1663333072712025E-002  -14.063396056505113     
   1.1996666398594778E-002   23.005264019901716     
   1.2329999724477530E-002   59.221934618232865     
   1.2663333050360282E-002   86.218562836828198     
   1.2996666376243035E-002   98.213874672650050     
   1.3329999702125788E-002   93.247910788222427     
   1.3663333028008541E-002   73.457349849717446     
   1.3996666353891294E-002   44.365695992969009     
   1.4329999679774047E-002   13.398864953172003     
   1.4663333005656799E-002  -11.985561139336921     
   1.4996666331539552E-002  -26.089040572629820     
   1.5329999657422304E-002  -26.253598163040206     
   1.5663332983305057E-002  -13.344930621078142     
   1.5996666309187810E-002   8.6467551260341260     
   1.6329999635070563E-002   33.753178901937190     
   1.6663332960953316E-002   55.608290112408440     
   1.6996666286836069E-002   69.053531658541431     
   1.7329999612718822E-002   71.367623049022768     
   1.7663332938601575E-002   62.827783233175538     
   1.7996666264484328E-002   46.486283800062068     
   1.8329999590367081E-002   27.247040221335102     
   1.8663332916249831E-002   10.501030045372758     
   1.8996666242132584E-002  0.68386585843334036     
   1.9329999568015337E-002  0.12925360576935030     
   1.9663332893898090E-002   8.5076989764414641     
   1.9996666219780843E-002   22.983732780217618     
   2.0329999545663596E-002   39.037703670279598     
   2.0663332871546349E-002   51.727586046880802     
   2.0996666197429101E-002   57.055175443132129     
   2.1329999523311854E-002   53.076904570142680     
   2.1663332849194607E-002   40.467571203527619     
   2.1996666175077360E-002   22.387556847941582     
   2.2329999500960113E-002   3.6841453354259346     
   2.2663332826842866E-002  -10.370415979057903     
   2.2996666152725619E-002  -15.480934178212193     
   2.3329999478608372E-002  -9.5095670429484649     
   2.3663332804491125E-002   6.8743110441703728     
   2.3996666130373878E-002   30.251754246705364     
   2.4329999456256628E-002   55.219134287283111     
   2.4663332782139381E-002   75.681193952963696     
   2.4996666108022134E-002   86.357602739532751     
   2.5329999433904887E-002   84.130049291987305     
   2.5663332759787640E-002   68.890861430154473     
   2.5996666085670393E-002   43.672555298792489     
   2.6329999411553145E-002   14.011895296110527     
   2.6663332737435898E-002  -13.310535142689476     
   2.6996666063318651E-002  -31.859542967884906     
   2.7329999389201404E-002  -37.083710649612186     
   2.7663332715084157E-002  -27.431193442458490     
   2.7996666040966910E-002  -4.7693503359401728     
   2.8329999366849663E-002   26.000236351250184     
   2.8663332692732416E-002   58.047443884059248     
   2.8996666018615169E-002   84.182929617618541     
   2.9329999344497919E-002   98.521915972021318     
   2.9663332670380672E-002   97.849349210770100     
   2.9996665996263425E-002   82.363488138777683     
   3.0329999322146178E-002   55.622391085852527     
   3.0663332648028931E-002   23.707057807877895     
   3.0996665973911684E-002  -6.1992682751152524     
   3.1329999299794437E-002  -27.478400593054463     
   3.1663332625677193E-002  -35.596994802479074     
   3.1996665951559942E-002  -29.121993073587340     
   3.2329999277442692E-002  -9.9970400604682119     
   3.2663332603325448E-002   16.977476246899748     
   3.2996665929208198E-002   45.328314140356596     
   3.3329999255090954E-002   68.468029324860169     
   3.3663332580973704E-002   81.252889194482393     
   3.3996665906856460E-002   81.168820215288491     
   3.4329999232739210E-002   68.867334782779039     
   3.4663332558621966E-002   47.932414655890589     
   3.4996665884504716E-002   23.945467138823492     
   3.5329999210387472E-002   3.0837027109717923     
   3.5663332536270222E-002  -9.4027899060087421     
   3.5996665862152978E-002  -10.464440752675140     
   3.6329999188035728E-002   3.0415351386908096E-002
   3.6663332513918484E-002   19.302625080594542     
   3.6996665839801234E-002   42.384483146080647     
   3.7329999165683983E-002   63.373757945854990     
   3.7663332491566739E-002   76.907779992553259     
   3.7996665817449489E-002   79.494359689100293     
   3.8329999143332245E-002   70.373609193529703     
   3.8663332469214995E-002   51.701371221938452     
   3.8996665795097751E-002   28.012143006011989     
   3.9329999120980501E-002   5.0961760583816620     
   3.9663332446863257E-002  -11.431321581574949     
   3.9996665772746007E-002  -17.516118423623926     
