   3.3333333333333333E-006   28.751817131353199     
   3.3000000000000000E-004   28.672754851340542     
   6.6333333333333327E-004   28.693526065970829     
   9.9666666666666675E-004   28.815672771316851     
   1.3300000000000000E-003   29.029167496408821     
   1.6633333333333333E-003   29.315551724062828     
   1.9966666666666666E-003   29.649673595916980     
   2.3299999999999996E-003   30.002651494537261     
   2.6633333333333331E-003   30.345852222264327     
   2.9966666666666666E-003   30.655380422121262     
   3.3299999999999996E-003   30.916289623048026     
   3.6633333333333331E-003   31.125539344733220     
   3.9966666666666666E-003   31.292745210452008     
   4.3299999999999996E-003   31.438085218897868     
   4.6633333333333327E-003   31.587349371434723     
   4.9966666666666666E-003   31.764951966851260     
   5.3299999999999997E-003   31.986540051369545     
   5.6633333333333327E-003   32.253317673403494     
   5.9966666666666666E-003   32.550073409599520     
   6.3299999999999997E-003   32.848018588646120     
   6.6633333333333327E-003   33.112066646784484     
   6.9966666666666667E-003   33.310564975873945     
   7.3299999999999997E-003   33.424364687643504     
   7.6633333333333328E-003   33.452040966425180     
   7.9966666666666675E-003   33.409253778600089     
   8.3300000000000006E-003   33.322328862511185     
   8.6633333333333336E-003   33.218343645722747     
   8.9966666666666667E-003   33.115385904486025     
   9.3299999999999998E-003   33.016580926469999     
   9.6633333333333345E-003   32.909953730071123     
   9.9966666666666676E-003   32.773864206673089     
   1.0330000000000001E-002   32.585635575506849     
   1.0663333333333334E-002   32.329969163570787     
   1.0996666666666667E-002   32.004143721707536     
   1.1330000000000000E-002   31.618524490009943     
   1.1663333333333333E-002   31.192801091704247     
   1.1996666666666668E-002   30.749829704902087     
   1.2330000000000001E-002   30.309479853168316     
   1.2663333333333334E-002   29.884452149449988     
   1.2996666666666667E-002   29.478996929816773     
   1.3330000000000000E-002   29.090333737657136     
   1.3663333333333333E-002   28.711769004491472     
   1.3996666666666668E-002   28.336226459187490     
   1.4330000000000001E-002   27.959096902641097     
   1.4663333333333334E-002   27.579785670876269     
   1.4996666666666667E-002   27.201858189166643     
   1.5330000000000000E-002   26.832083756591899     
   1.5663333333333331E-002   26.478877472545228     
   1.5996666666666666E-002   26.150649150330043     
   1.6329999999999997E-002   25.854447579429461     
   1.6663333333333332E-002   25.595114086086333     
   1.6996666666666663E-002   25.374993026089776     
   1.7329999999999998E-002   25.194124924203461     
   1.7663333333333333E-002   25.050781431649934     
   1.7996666666666664E-002   24.942183223334137     
   1.8329999999999999E-002   24.865256856495535     
   1.8663333333333330E-002   24.817317822607269     
   1.8996666666666665E-002   24.796601431453812     
   1.9330000000000000E-002   24.802593021610548     
   1.9663333333333331E-002   24.836131790700946     
   1.9996666666666666E-002   24.899279834059342     
   2.0329999999999997E-002   24.994963759341626     
   2.0663333333333332E-002   25.126415187228229     
   2.0996666666666663E-002   25.296462143963389     
   2.1329999999999998E-002   25.506756498635156     
   2.1663333333333333E-002   25.757059345083796     
   2.1996666666666664E-002   26.044737100867948     
   2.2329999999999999E-002   26.364631296779304     
   2.2663333333333330E-002   26.709437082169384     
   2.2996666666666665E-002   27.070644918629768     
   2.3329999999999997E-002   27.439963857461752     
   2.3663333333333331E-002   27.810971104920711     
   2.3996666666666666E-002   28.180565872317331     
   2.4329999999999997E-002   28.549713751214664     
   2.4663333333333332E-002   28.923024915840578     
   2.4996666666666664E-002   29.306963159978487     
   2.5329999999999998E-002   29.706916645469537     
   2.5663333333333333E-002   30.123867717676994     
   2.5996666666666664E-002   30.551786895607346     
   2.6329999999999999E-002   30.976927022338586     
   2.6663333333333331E-002   31.379762830656745     
   2.6996666666666665E-002   31.739443656406529     
   2.7329999999999997E-002   32.039568679018487     
   2.7663333333333331E-002   32.273294441539164     
   2.7996666666666666E-002   32.445681024874197     
   2.8329999999999998E-002   32.571980507974210     
   2.8663333333333332E-002   32.672073823404475     
   2.8996666666666664E-002   32.762889159897533     
   2.9329999999999998E-002   32.851651553374232     
   2.9663333333333330E-002   32.932685660784834     
   2.9996666666666665E-002   32.989186153828854     
   3.0329999999999999E-002   32.999405174934559     
   3.0663333333333331E-002   32.944934606617181     
   3.0996666666666665E-002   32.817953078552591     
   3.1329999999999997E-002   32.624785413933530     
   3.1663333333333328E-002   32.384624570367947     
   3.1996666666666666E-002   32.124107698615568     
   3.2329999999999998E-002   31.869855601350491     
   3.2663333333333329E-002   31.641580045141041     
   3.2996666666666667E-002   31.447875729760455     
   3.3329999999999999E-002   31.285672932337643     
   3.3663333333333330E-002   31.143047045881776     
   3.3996666666666661E-002   31.004123001769322     
   3.4329999999999999E-002   30.854422402308092     
   3.4663333333333331E-002   30.685175132475134     
   3.4996666666666662E-002   30.495668638450468     
   3.5330000000000000E-002   30.293382166360797     
   3.5663333333333332E-002   30.092230413787004     
   3.5996666666666663E-002   29.909594891942074     
   3.6330000000000001E-002   29.762926770656957     
   3.6663333333333332E-002   29.666611568672877     
   3.6996666666666664E-002   29.629577976729664     
   3.7329999999999995E-002   29.653894086612105     
   3.7663333333333333E-002   29.734385892320908     
   3.7996666666666665E-002   29.859167231420567     
   3.8329999999999996E-002   30.010893218489866     
   3.8663333333333334E-002   30.168528713157798     
   3.8996666666666666E-002   30.309438796978494     
   3.9329999999999997E-002   30.411637655021227     
   3.9663333333333328E-002   30.456057292241940     
   3.9996666666666666E-002   30.428706016696882     
