   3.3333331843217230E-006   27.777120753205757     
   3.2999999269843104E-004   27.610578911207469     
   6.6333331858118379E-004   27.519944594068299     
   9.9666664446393643E-004   27.511421542598345     
   1.3299999703466892E-003   27.576733345343232     
   1.6633332962294419E-003   27.698111083702148     
   1.9966666221121949E-003   27.850498584149040     
   2.3299999479949474E-003   28.005073683986492     
   2.6633332738777004E-003   28.133807997032598     
   2.9966665997604534E-003   28.214487489048548     
   3.3299999256432059E-003   28.235319790887534     
   3.6633332515259584E-003   28.198063838772796     
   3.9966665774087114E-003   28.118653307878301     
   4.3299999032914644E-003   28.024643544335152     
   4.6633332291742165E-003   27.949508843628259     
   4.9966665550569694E-003   27.924740630450806     
   5.3299998809397224E-003   27.971592452468720     
   5.6633332068224754E-003   28.094836403377389     
   5.9966665327052283E-003   28.280715352438303     
   6.3299998585879804E-003   28.500260316251985     
   6.6633331844707334E-003   28.717476107495642     
   6.9966665103534864E-003   28.900104877353964     
   7.3299998362362385E-003   29.029472638574319     
   7.6633331621189914E-003   29.105922665373367     
   7.9966664880017444E-003   29.147730544778536     
   8.3299998138844974E-003   29.183761908393443     
   8.6633331397672503E-003   29.242553720555335     
   8.9966664656500033E-003   29.341929216184379     
   9.3299997915327545E-003   29.483028010054905     
   9.6633331174155075E-003   29.650810845994982     
   9.9966664432982605E-003   29.820478428428650     
   1.0329999769181013E-002   29.966976335358577     
   1.0663333095063766E-002   30.073791031616565     
   1.0996666420946519E-002   30.137881471350415     
   1.1329999746829272E-002   30.169406765259090     
   1.1663333072712025E-002   30.187011305700334     
   1.1996666398594778E-002   30.210925127336278     
   1.2329999724477530E-002   30.256537129345784     
   1.2663333050360282E-002   30.330451311531640     
   1.2996666376243035E-002   30.429802228102020     
   1.3329999702125788E-002   30.544374183482827     
   1.3663333028008541E-002   30.660284792110836     
   1.3996666353891294E-002   30.763819408075424     
   1.4329999679774047E-002   30.844332603294564     
   1.4663333005656799E-002   30.895710776506007     
   1.4996666331539552E-002   30.916451073732247     
   1.5329999657422304E-002   30.908779859315121     
   1.5663332983305057E-002   30.877354071050803     
   1.5996666309187810E-002   30.828005197611521     
   1.6329999635070563E-002   30.766793200262128     
   1.6663332960953316E-002   30.699433903165311     
   1.6996666286836069E-002   30.631016754026305     
   1.7329999612718822E-002   30.565868902971442     
   1.7663332938601575E-002   30.507439295291331     
   1.7996666264484328E-002   30.458143456419421     
   1.8329999590367081E-002   30.419188621773632     
   1.8663332916249831E-002   30.390457086910772     
   1.8996666242132584E-002   30.370542827945535     
   1.9329999568015337E-002   30.357008007414546     
   1.9663332893898090E-002   30.346862258804858     
   1.9996666219780843E-002   30.337189775571986     
   2.0329999545663596E-002   30.325783086169963     
   2.0663332871546349E-002   30.311611767696387     
   2.0996666197429101E-002   30.294974729785345     
   2.1329999523311854E-002   30.277258695237499     
   2.1663332849194607E-002   30.260340606792827     
   2.1996666175077360E-002   30.245800837494475     
   2.2329999500960113E-002   30.234219364002378     
   2.2663332826842866E-002   30.224866956952336     
   2.2996666152725619E-002   30.216043758474530     
   2.3329999478608372E-002   30.206145328069379     
   2.3663332804491125E-002   30.195273368481470     
   2.3996666130373878E-002   30.186920300503658     
   2.4329999456256628E-002   30.189047533456669     
   2.4663332782139381E-002   30.213864148749412     
   2.4996666108022134E-002   30.275881208036218     
   2.5329999433904887E-002   30.388364904824634     
   2.5663332759787640E-002   30.559008467739602     
   2.5996666085670393E-002   30.786233044520177     
   2.6329999411553145E-002   31.057705375719038     
   2.6663332737435898E-002   31.352202035082470     
   2.6996666063318651E-002   31.644865174675150     
   2.7329999389201404E-002   31.914503826314061     
   2.7663332715084157E-002   32.150467091239058     
   2.7996666040966910E-002   32.356344418135784     
   2.8329999366849663E-002   32.548644470938591     
   2.8663332692732416E-002   32.750463819184887     
   2.8996666018615169E-002   32.982260735673073     
   2.9329999344497919E-002   33.253248879380600     
   2.9663332670380672E-002   33.556901208034702     
   2.9996665996263425E-002   33.872510951976345     
   3.0329999322146178E-002   34.172320112118939     
   3.0663332648028931E-002   34.431465041070730     
   3.0996665973911684E-002   34.636895392457177     
   3.1329999299794437E-002   34.791935112009092     
   3.1663332625677193E-002   34.914972442727226     
   3.1996665951559942E-002   35.033043138796060     
   3.2329999277442692E-002   35.172848676451906     
   3.2663332603325448E-002   35.352394872074669     
   3.2996665929208198E-002   35.575860210130969     
   3.3329999255090954E-002   35.832912834490926     
   3.3663332580973704E-002   36.102129194784339     
   3.3996665906856460E-002   36.356997500785795     
   3.4329999232739210E-002   36.572518350171002     
   3.4663332558621966E-002   36.730632848097628     
   3.4996665884504716E-002   36.823378886082317     
   3.5329999210387472E-002   36.853481952730448     
   3.5663332536270222E-002   36.832759910301505     
   3.5996665862152978E-002   36.779113943957448     
   3.6329999188035728E-002   36.712970502660568     
   3.6663332513918484E-002   36.653903028398950     
   3.6996665839801234E-002   36.617908484706234     
   3.7329999165683983E-002   36.615547178567653     
   3.7663332491566739E-002   36.650947262017262     
   3.7996665817449489E-002   36.721558822662175     
   3.8329999143332245E-002   36.818512675399155     
   3.8663332469214995E-002   36.927469248940049     
   3.8996665795097751E-002   37.029897545162378     
   3.9329999120980501E-002   37.104769037294453     
   3.9663332446863257E-002   37.130661492217435     
   3.9996665772746007E-002   37.088230499364755     
