   3.3333331843217230E-006   28.048741495499979     
   3.2999999269843104E-004   27.992520484448107     
   6.6333331858118379E-004   28.037103717302216     
   9.9666664446393643E-004   28.182825438750616     
   1.3299999703466892E-003   28.419500659179711     
   1.6633332962294419E-003   28.729110596852909     
   1.9966666221121949E-003   29.087441419248602     
   2.3299999479949474E-003   29.466847569809158     
   2.6633332738777004E-003   29.839947629071784     
   2.9966665997604534E-003   30.183793376638658     
   3.3299999256432059E-003   30.483788710905603     
   3.6633332515259584E-003   30.736460399128248     
   3.9966665774087114E-003   30.950196799919048     
   4.3299999032914644E-003   31.143353740001650     
   4.6633332291742165E-003   31.339695054976961     
   4.9966665550569694E-003   31.561901649192571     
   5.3299998809397224E-003   31.824643192085237     
   5.6633332068224754E-003   32.129175982879360     
   5.9966665327052283E-003   32.461336832902504     
   6.3299998585879804E-003   32.794015792138616     
   6.6633331844707334E-003   33.093835150678416     
   6.9966665103534864E-003   33.330246797268018     
   7.3299998362362385E-003   33.484170379448727     
   7.6633331621189914E-003   33.553162659660487     
   7.9966664880017444E-003   33.551143308790508     
   8.3299998138844974E-003   33.502622365486175     
   8.6633331397672503E-003   33.433457082129422     
   8.9966664656500033E-003   33.361534750478974     
   9.3299997915327545E-003   33.290811018228595     
   9.6633331174155075E-003   33.210781660014803     
   9.9966664432982605E-003   33.101304770731289     
   1.0329999769181013E-002   32.940653949102831     
   1.0663333095063766E-002   32.713618262861239     
   1.0996666420946519E-002   32.416740701151937     
   1.1329999746829272E-002   32.059159839121612     
   1.1663333072712025E-002   31.659305259185825     
   1.1996666398594778E-002   31.239131252163656     
   1.2329999724477530E-002   30.818156445267757     
   1.2663333050360282E-002   30.409242518557306     
   1.2996666376243035E-002   30.017100714934831     
   1.3329999702125788E-002   29.639434562677735     
   1.3663333028008541E-002   29.269823048148467     
   1.3996666353891294E-002   28.901126524963082     
   1.4329999679774047E-002   28.528337450814384     
   1.4663333005656799E-002   28.150226496109077     
   1.4996666331539552E-002   27.769634620719927     
   1.5329999657422304E-002   27.392661408947259     
   1.5663332983305057E-002   27.027214652074750     
   1.5996666309187810E-002   26.681415401049996     
   1.6329999635070563E-002   26.362249938098000     
   1.6663332960953316E-002   26.074696535017559     
   1.6996666286836069E-002   25.821391877192418     
   1.7329999612718822E-002   25.602777763119121     
   1.7663332938601575E-002   25.417596894539017     
   1.7996666264484328E-002   25.263582907604562     
   1.8329999590367081E-002   25.138200386725455     
   1.8663332916249831E-002   25.039319477247780     
   1.8996666242132584E-002   24.965743610360768     
   1.9329999568015337E-002   24.917539385248002     
   1.9663332893898090E-002   24.896141508523268     
   1.9996666219780843E-002   24.904223709327574     
   2.0329999545663596E-002   24.945342279189695     
   2.0663332871546349E-002   25.023376945935702     
   2.0996666197429101E-002   25.141818111374761     
   2.1329999523311854E-002   25.302981457878818     
   2.1663332849194607E-002   25.507267612160327     
   2.1996666175077360E-002   25.752617324102197     
   2.2329999500960113E-002   26.034327110652836     
   2.2663332826842866E-002   26.345368652617111     
   2.2996666152725619E-002   26.677281415419678     
   2.3329999478608372E-002   27.021576390824794     
   2.3663332804491125E-002   27.371414179440002     
   2.3996666130373878E-002   27.723144856269240     
   2.4329999456256628E-002   28.077187914441659     
   2.4663332782139381E-002   28.437765592815083     
   2.4996666108022134E-002   28.811237784644142     
   2.5329999433904887E-002   29.203215325595341     
   2.5663332759787640E-002   29.615151650912701     
   2.5996666085670393E-002   30.041540261373054     
   2.6329999411553145E-002   30.468948452047425     
   2.6663332737435898E-002   30.877730228845305     
   2.6996666063318651E-002   31.246393414459558     
   2.7329999389201404E-002   31.557498360949360     
   2.7663332715084157E-002   31.803084234057831     
   2.7996666040966910E-002   31.987422061409394     
   2.8329999366849663E-002   32.125631231782151     
   2.8663332692732416E-002   32.238209686613907     
   2.8996666018615169E-002   32.343243330235829     
   2.9329999344497919E-002   32.449208233652776     
   2.9663332670380672E-002   32.551265215041688     
   2.9996665996263425E-002   32.632676591568860     
   3.0329999322146178E-002   32.670948961111563     
   3.0663332648028931E-002   32.646401034984194     
   3.0996665973911684E-002   32.549905313426443     
   3.1329999299794437E-002   32.386944995580606     
   3.1663332625677193E-002   32.176638053131654     
   3.1996665951559942E-002   31.946313340020669     
   3.2329999277442692E-002   31.723768537150832     
   3.2663332603325448E-002   31.529940301283286     
   3.2996665929208198E-002   31.374272621758998     
   3.3329999255090954E-002   31.253902070991131     
   3.3663332580973704E-002   31.156424585509964     
   3.3996665906856460E-002   31.064964684866879     
   3.4329999232739210E-002   30.963813968876387     
   3.4663332558621966E-002   30.843054653563609     
   3.4996665884504716E-002   30.701148476383064     
   3.5329999210387472E-002   30.545183297964279     
   3.5663332536270222E-002   30.389091771952661     
   3.5996665862152978E-002   30.250547400570820     
   3.6329999188035728E-002   30.147370079916552     
   3.6663332513918484E-002   30.094184341030637     
   3.6996665839801234E-002   30.099856999912177     
   3.7329999165683983E-002   30.165986487445963     
   3.7663332491566739E-002   30.286490892057060     
   3.7996665817449489E-002   30.448181757557858     
   3.8329999143332245E-002   30.632123722769862     
   3.8663332469214995E-002   30.815554383161292     
   3.8996665795097751E-002   30.974152702392381     
   3.9329999120980501E-002   31.084474521466511     
   3.9663332446863257E-002   31.126400390320999     
   3.9996665772746007E-002   31.085450826356062     
