   3.3333333333333333E-006   32.928169118032699     
   3.3000000000000000E-004   32.918801863077640     
   6.6333333333333327E-004   32.890800673476690     
   9.9666666666666675E-004   32.845558272544601     
   1.3300000000000000E-003   32.785178779119654     
   1.6633333333333333E-003   32.712186415078399     
   1.9966666666666666E-003   32.629198159143890     
   2.3299999999999996E-003   32.538620146664996     
   2.6633333333333331E-003   32.442419701504100     
   2.9966666666666666E-003   32.342006514190146     
   3.3299999999999996E-003   32.238232079779443     
   3.6633333333333331E-003   32.131491725604874     
   3.9966666666666666E-003   32.021893904373215     
   4.3299999999999996E-003   31.909450994211429     
   4.6633333333333327E-003   31.794246401204759     
   4.9966666666666666E-003   31.676543423748232     
   5.3299999999999997E-003   31.556818916953343     
   5.6633333333333327E-003   31.435724653128343     
   5.9966666666666666E-003   31.313996522000991     
   6.3299999999999997E-003   31.192342408811566     
   6.6633333333333327E-003   31.071341643971046     
   6.9966666666666667E-003   30.951382515495521     
   7.3299999999999997E-003   30.832651747499781     
   7.6633333333333328E-003   30.715174748813901     
   7.9966666666666675E-003   30.598891891749037     
   8.3300000000000006E-003   30.483747492911153     
   8.6633333333333336E-003   30.369766436154531     
   8.9966666666666667E-003   30.257098495704447     
   9.3299999999999998E-003   30.146020578967043     
   9.6633333333333345E-003   30.036899278776403     
   9.9966666666666676E-003   29.930126905888010     
   1.0330000000000001E-002   29.826050723804510     
   1.0663333333333334E-002   29.724915876635915     
   1.0996666666666667E-002   29.626837576377380     
   1.1330000000000000E-002   29.531809131120607     
   1.1663333333333333E-002   29.439742015135462     
   1.1996666666666668E-002   29.350525334741921     
   1.2330000000000001E-002   29.264087114602134     
   1.2663333333333334E-002   29.180440025657713     
   1.2996666666666667E-002   29.099699243172509     
   1.3330000000000000E-002   29.022068465390010     
   1.3663333333333333E-002   28.947799290224232     
   1.3996666666666668E-002   28.877136540968067     
   1.4330000000000001E-002   28.810265731094074     
   1.4663333333333334E-002   28.747277763600227     
   1.4996666666666667E-002   28.688160613735537     
   1.5330000000000000E-002   28.632819769094947     
   1.5663333333333331E-002   28.581120920070664     
   1.5996666666666666E-002   28.532942159824596     
   1.6329999999999997E-002   28.488220489820037     
   1.6663333333333332E-002   28.446979356884039     
   1.6996666666666663E-002   28.409329638137567     
   1.7329999999999998E-002   28.375444254218042     
   1.7663333333333333E-002   28.345514181832147     
   1.7996666666666664E-002   28.319698889743748     
   1.8329999999999999E-002   28.298085667985365     
   1.8663333333333330E-002   28.280669590315284     
   1.8996666666666665E-002   28.267359770288987     
   1.9330000000000000E-002   28.258009914651289     
   1.9663333333333331E-002   28.252464152299666     
   1.9996666666666666E-002   28.250604735189562     
   2.0329999999999997E-002   28.252387714269542     
   2.0663333333333332E-002   28.257856215687436     
   2.0996666666666663E-002   28.267127456711936     
   2.1329999999999998E-002   28.280357268164192     
   2.1663333333333333E-002   28.297692433546096     
   2.1996666666666664E-002   28.319224726719249     
   2.2329999999999999E-002   28.344960091457477     
   2.2663333333333330E-002   28.374812067492648     
   2.2996666666666665E-002   28.408621560329347     
   2.3329999999999997E-002   28.446197382428299     
   2.3663333333333331E-002   28.487365872875607     
   2.3996666666666666E-002   28.532015116095355     
   2.4329999999999997E-002   28.580120670095308     
   2.4663333333333332E-002   28.631744930260822     
   2.4996666666666664E-002   28.687009838157966     
   2.5329999999999998E-002   28.746050435471123     
   2.5663333333333333E-002   28.808962507165194     
   2.5996666666666664E-002   28.875759553375424     
   2.6329999999999999E-002   28.946351924412831     
   2.6663333333333331E-002   29.020554752051179     
   2.6996666666666665E-002   29.098123025298715     
   2.7329999999999997E-002   29.178804142741679     
   2.7663333333333331E-002   29.262392858681235     
   2.7996666666666666E-002   29.348772369319878     
   2.8329999999999998E-002   29.437928822191370     
   2.8663333333333332E-002   29.529933896950286     
   2.8996666666666664E-002   29.624899287964197     
   2.9329999999999998E-002   29.722915318922634     
   2.9663333333333330E-002   29.823991072722087     
   2.9996666666666665E-002   29.928013707127690     
   3.0329999999999999E-002   30.034739766812656     
   3.0663333333333331E-002   30.143822481899790     
   3.0996666666666665E-002   30.254868635579616     
   3.1329999999999997E-002   30.367509522003321     
   3.1663333333333328E-002   30.481465483635006     
   3.1996666666666666E-002   30.596584175422539     
   3.2329999999999998E-002   30.712839172376132     
   3.2663333333333329E-002   30.830286289856911     
   3.2996666666666667E-002   30.948987193513858     
   3.3329999999999999E-002   31.068920135067788     
   3.3663333333333330E-002   31.189902903773138     
   3.3996666666666661E-002   31.311551490750460     
   3.4329999999999999E-002   31.433289480058701     
   3.4663333333333331E-002   31.554409675556975     
   3.4996666666666662E-002   31.674174331234116     
   3.5330000000000000E-002   31.791927646037109     
   3.5663333333333332E-002   31.907187611858692     
   3.5996666666666663E-002   32.019686178389605     
   3.6330000000000001E-002   32.129337247828673     
   3.6663333333333332E-002   32.236129190107569     
   3.6996666666666664E-002   32.339958455359771     
   3.7329999999999995E-002   32.440438565483021     
   3.7663333333333333E-002   32.536729629570900     
   3.7996666666666665E-002   32.627434309653751     
   3.8329999999999996E-002   32.710595932038565     
   3.8663333333333334E-002   32.783814912628870     
   3.8996666666666666E-002   32.844474900493921     
   3.9329999999999997E-002   32.890045544875456     
   3.9663333333333328E-002   32.918410221878531     
   3.9996666666666666E-002   32.928158890811396     
