   3.3333331843217230E-006   44.985167143250493     
   3.2999999269843104E-004   43.185635240886747     
   6.6333331858118379E-004   41.026030859718183     
   9.9666664446393643E-004   38.835430977411676     
   1.3299999703466892E-003   36.794813797109491     
   1.6633332962294419E-003   34.978383990521280     
   1.9966666221121949E-003   33.394445388269254     
   2.3299999479949474E-003   32.040472606595571     
   2.6633332738777004E-003   30.952253875285084     
   2.9966665997604534E-003   30.228811053763895     
   3.3299999256432059E-003   30.022323849670776     
   3.6633332515259584E-003   30.493833451688676     
   3.9966665774087114E-003   31.747839515641026     
   4.3299999032914644E-003   33.767999397894158     
   4.6633332291742165E-003   36.378457234229579     
   4.9966665550569694E-003   39.249245261523818     
   5.3299998809397224E-003   41.950915911591579     
   5.6633332068224754E-003   44.047078774022694     
   5.9966665327052283E-003   45.199459785134806     
   6.3299998585879804E-003   45.253759636497648     
   6.6633331844707334E-003   44.278849502925354     
   6.9966665103534864E-003   42.545869076435281     
   7.3299998362362385E-003   40.453069222243805     
   7.6633331621189914E-003   38.420067332767367     
   7.9966664880017444E-003   36.785108538253802     
   8.3299998138844974E-003   35.737213539574931     
   8.6633331397672503E-003   35.302219808755531     
   8.9966664656500033E-003   35.382292520262411     
   9.3299997915327545E-003   35.829560038051085     
   9.6633331174155075E-003   36.523015588417138     
   9.9966664432982605E-003   37.417884861401220     
   1.0329999769181013E-002   38.548183934761653     
   1.0663333095063766E-002   39.981887152441089     
   1.0996666420946519E-002   41.747125867984195     
   1.1329999746829272E-002   43.760235179339809     
   1.1663333072712025E-002   45.787762695389731     
   1.1996666398594778E-002   47.464189019152350     
   1.2329999724477530E-002   48.368530617598346     
   1.2663333050360282E-002   48.142355382609381     
   1.2996666376243035E-002   46.615765124478493     
   1.3329999702125788E-002   43.901707233864627     
   1.3663333028008541E-002   41.389507293136575     
   1.3996666353891294E-002   39.078499452944548     
   1.4329999679774047E-002   37.798248999832403     
   1.4663333005656799E-002   38.046675976809254     
   1.4996666331539552E-002   39.842105956213615     
   1.5329999657422304E-002   42.728867018699241     
   1.5663332983305057E-002   45.925843542754485     
   1.5996666309187810E-002   48.572460881058689     
   1.6329999635070563E-002   49.995472074066583     
   1.6663332960953316E-002   49.912431947597341     
   1.6996666286836069E-002   48.507327922938991     
   1.7329999612718822E-002   46.355008741971204     
   1.7663332938601575E-002   44.220717253861977     
   1.7996666264484328E-002   42.802612694257085     
   1.8329999590367081E-002   42.504245736791198     
   1.8663332916249831E-002   43.313473293451210     
   1.8996666242132584E-002   44.827390004797735     
   1.9329999568015337E-002   46.412048973063825     
   1.9663332893898090E-002   47.438784829912649     
   1.9996666219780843E-002   47.512506650307678     
   2.0329999545663596E-002   46.610929806500401     
   2.0663332871546349E-002   45.086171498661706     
   2.0996666197429101E-002   43.529817984287440     
   2.1329999523311854E-002   42.551574570744435     
   2.1663332849194607E-002   42.552262586902266     
   2.1996666175077360E-002   43.573271548972834     
   2.2329999500960113E-002   45.276360437694478     
   2.2663332826842866E-002   47.060416632253784     
   2.2996666152725619E-002   48.272705229986961     
   2.3329999478608372E-002   48.438943588438519     
   2.3663332804491125E-002   47.430825101878078     
   2.3996666130373878E-002   45.512853243189319     
   2.4329999456256628E-002   43.253575099661390     
   2.4663332782139381E-002   41.333691568983468     
   2.4996666108022134E-002   40.318285013549179     
   2.5329999433904887E-002   40.470844771025178     
   2.5663332759787640E-002   41.670212086990603     
   2.5996666085670393E-002   43.454874207077061     
   2.6329999411553145E-002   45.175705457469398     
   2.6663332737435898E-002   46.203314281773160     
   2.6996666063318651E-002   46.710216369550650     
   2.7329999389201404E-002   46.207251390173454     
   2.7663332715084157E-002   44.872970993157431     
   2.7996666040966910E-002   43.067328298732079     
   2.8329999366849663E-002   41.220980151046746     
   2.8663332692732416E-002   39.722190013554311     
   2.8996666018615169E-002   38.824382829047060     
   2.9329999344497919E-002   38.595022580585820     
   2.9663332670380672E-002   38.914809203304465     
   2.9996665996263425E-002   39.523363152663947     
   3.0329999322146178E-002   40.096683712099178     
   3.0663332648028931E-002   40.335136261982512     
   3.0996665973911684E-002   40.039756184784949     
   3.1329999299794437E-002   39.159076621497924     
   3.1663332625677193E-002   37.797062763857490     
   3.1996665951559942E-002   36.182793806354148     
   3.2329999277442692E-002   34.611745252083217     
   3.2663332603325448E-002   33.374716719289800     
   3.2996665929208198E-002   32.692309291235006     
   3.3329999255090954E-002   32.670198257991800     
   3.3663332580973704E-002   33.284208535928485     
   3.3996665906856460E-002   34.396155594907761     
   3.4329999232739210E-002   35.793699044932730     
   3.4663332558621966E-002   37.242013971122475     
   3.4996665884504716E-002   38.533187386253104     
   3.5329999210387472E-002   39.521191512945251     
   3.5663332536270222E-002   40.135354451632288     
   3.5996665862152978E-002   40.371928732661225     
   3.6329999188035728E-002   40.269759195015659     
   3.6663332513918484E-002   39.880413074708244     
   3.6996665839801234E-002   39.244286381454621     
   3.7329999165683983E-002   38.381856204277696     
   3.7663332491566739E-002   37.304067138984720     
   3.7996665817449489E-002   36.039238200229541     
   3.8329999143332245E-002   34.667655462957612     
   3.8663332469214995E-002   33.350903735436489     
   3.8996665795097751E-002   32.342222745914775     
   3.9329999120980501E-002   31.967207513302547     
   3.9663332446863257E-002   32.570598701838001     
   3.9996665772746007E-002   34.433548853874370     
