   3.3333331843217230E-006   28.099234772826527     
   3.2999999269843104E-004   28.098609055968609     
   6.6333331858118379E-004   28.097024568176344     
   9.9666664446393643E-004   28.095384370613967     
   1.3299999703466892E-003   28.095004370113649     
   1.6633332962294419E-003   28.097362081319485     
   1.9966666221121949E-003   28.103816562601132     
   2.3299999479949474E-003   28.115354004102254     
   2.6633332738777004E-003   28.132407782212347     
   2.9966665997604534E-003   28.154786617674581     
   3.3299999256432059E-003   28.181723078735924     
   3.6633332515259584E-003   28.212031551841225     
   3.9966665774087114E-003   28.244344669992991     
   4.3299999032914644E-003   28.277383954431539     
   4.6633332291742165E-003   28.310216389925671     
   4.9966665550569694E-003   28.342454074117988     
   5.3299998809397224E-003   28.374367200875540     
   5.6633332068224754E-003   28.406898168720595     
   5.9966665327052283E-003   28.441582538527030     
   6.3299998585879804E-003   28.480397112743631     
   6.6633331844707334E-003   28.525563864255233     
   6.9966665103534864E-003   28.579339750582651     
   7.3299998362362385E-003   28.643817360107384     
   7.6633331621189914E-003   28.720752123171405     
   7.9966664880017444E-003   28.811421619439876     
   8.3299998138844974E-003   28.916514469425888     
   8.6633331397672503E-003   29.036042720961088     
   8.9966664656500033E-003   29.169273379242608     
   9.3299997915327545E-003   29.314680929714676     
   9.6633331174155075E-003   29.469931020932773     
   9.9966664432982605E-003   29.631912683906773     
   1.0329999769181013E-002   29.796839333667386     
   1.0663333095063766E-002   29.960435013485341     
   1.0996666420946519E-002   30.118211243682648     
   1.1329999746829272E-002   30.265822780874529     
   1.1663333072712025E-002   30.399470815770929     
   1.1996666398594778E-002   30.516304131958186     
   1.2329999724477530E-002   30.614757275063063     
   1.2663333050360282E-002   30.694763726993578     
   1.2996666376243035E-002   30.757793424077949     
   1.3329999702125788E-002   30.806687110093801     
   1.3663333028008541E-002   30.845291691289830     
   1.3996666353891294E-002   30.877935469309687     
   1.4329999679774047E-002   30.908813192948760     
   1.4663333005656799E-002   30.941371788262728     
   1.4996666331539552E-002   30.977793481052757     
   1.5329999657422304E-002   31.018661635833116     
   1.5663332983305057E-002   31.062867183452969     
   1.5996666309187810E-002   31.107774476125822     
   1.6329999635070563E-002   31.149621799688475     
   1.6663332960953316E-002   31.184091776140335     
   1.6996666286836069E-002   31.206958226884804     
   1.7329999612718822E-002   31.214704387380419     
   1.7663332938601575E-002   31.205015021931818     
   1.7996666264484328E-002   31.177070484228956     
   1.8329999590367081E-002   31.131608993009419     
   1.8663332916249831E-002   31.070766628731349     
   1.8996666242132584E-002   30.997744073492342     
   1.9329999568015337E-002   30.916376989681488     
   1.9663332893898090E-002   30.830697735498536     
   1.9996666219780843E-002   30.744568090444396     
   2.0329999545663596E-002   30.661438124113698     
   2.0663332871546349E-002   30.584251191577358     
   2.0996666197429101E-002   30.515477504101394     
   2.1329999523311854E-002   30.457227550947444     
   2.1663332849194607E-002   30.411379154178370     
   2.1996666175077360E-002   30.379652341414086     
   2.2329999500960113E-002   30.363584619340820     
   2.2663332826842866E-002   30.364391475654177     
   2.2996666152725619E-002   30.382735455312226     
   2.3329999478608372E-002   30.418462561707326     
   2.3663332804491125E-002   30.470387899332678     
   2.3996666130373878E-002   30.536216632355881     
   2.4329999456256628E-002   30.612668724294302     
   2.4663332782139381E-002   30.695838635165334     
   2.4996666108022134E-002   30.781770922073100     
   2.5329999433904887E-002   30.867179681258996     
   2.5663332759787640E-002   30.950195546060829     
   2.5996666085670393E-002   31.030999048742697     
   2.6329999411553145E-002   31.112200746579887     
   2.6663332737435898E-002   31.198858716122103     
   2.6996666063318651E-002   31.298079147735795     
   2.7329999389201404E-002   31.418216790599210     
   2.7663332715084157E-002   31.567766101512884     
   2.7996666040966910E-002   31.754096981602622     
   2.8329999366849663E-002   31.982228217810636     
   2.8663332692732416E-002   32.253838480683648     
   2.8996666018615169E-002   32.566686158062865     
   2.9329999344497919E-002   32.914549253179146     
   2.9663332670380672E-002   33.287714952792953     
   2.9996665996263425E-002   33.673959494631191     
   3.0329999322146178E-002   34.059878512436839     
   3.0663332648028931E-002   34.432370636233486     
   3.0996665973911684E-002   34.780053161071251     
   3.1329999299794437E-002   35.094402317637631     
   3.1663332625677193E-002   35.370459378330743     
   3.1996665951559942E-002   35.607018390586887     
   3.2329999277442692E-002   35.806297982757457     
   3.2663332603325448E-002   35.973182697591177     
   3.2996665929208198E-002   36.114183977877097     
   3.3329999255090954E-002   36.236306377287043     
   3.3663332580973704E-002   36.346005713280910     
   3.3996665906856460E-002   36.448394239616555     
   3.4329999232739210E-002   36.546791114785677     
   3.4663332558621966E-002   36.642646508717178     
   3.4996665884504716E-002   36.735798547452795     
   3.5329999210387472E-002   36.824966954758253     
   3.5663332536270222E-002   36.908355279065745     
   3.5996665862152978E-002   36.984229376756929     
   3.6329999188035728E-002   37.051361931923800     
   3.6663332513918484E-002   37.109274580242342     
   3.6996665839801234E-002   37.158260441342385     
   3.7329999165683983E-002   37.199219056889198     
   3.7663332491566739E-002   37.233372608083023     
   3.7996665817449489E-002   37.261949916425252     
   3.8329999143332245E-002   37.285920845895433     
   3.8663332469214995E-002   37.305840970926063     
   3.8996665795097751E-002   37.321831490123301     
   3.9329999120980501E-002   37.333681477416199     
   3.9663332446863257E-002   37.341028011585891     
   3.9996665772746007E-002   37.343551911674162     
