   3.3333331843217230E-006   38.275935051861580     
   3.2999999269843104E-004   37.395344962425014     
   6.6333331858118379E-004   36.159310565434552     
   9.9666664446393643E-004   34.769512408366900     
   1.3299999703466892E-003   33.417234665805246     
   1.6633332962294419E-003   32.266491343962613     
   1.9966666221121949E-003   31.430292588580610     
   2.3299999479949474E-003   30.958198035226310     
   2.6633332738777004E-003   30.837715105919045     
   2.9966665997604534E-003   31.009238521762821     
   3.3299999256432059E-003   31.391127237438774     
   3.6633332515259584E-003   31.908804689671225     
   3.9966665774087114E-003   32.520155160207366     
   4.3299999032914644E-003   33.229626630779684     
   4.6633332291742165E-003   34.085729869339531     
   4.9966665550569694E-003   35.160925975936593     
   5.3299998809397224E-003   36.518398919384694     
   5.6633332068224754E-003   38.175389113241124     
   5.9966665327052283E-003   40.075696188091605     
   6.3299998585879804E-003   42.082967375680838     
   6.6633331844707334E-003   44.000859738750371     
   6.9966665103534864E-003   45.617199636402837     
   7.3299998362362385E-003   46.759732433422812     
   7.6633331621189914E-003   47.344799382317490     
   7.9966664880017444E-003   47.400557150899942     
   8.3299998138844974E-003   47.054151766223157     
   8.6633331397672503E-003   46.485317161947087     
   8.9966664656500033E-003   45.862187173600191     
   9.3299997915327545E-003   45.282939365192881     
   9.6633331174155075E-003   44.745422745207676     
   9.9966664432982605E-003   44.156314995744431     
   1.0329999769181013E-002   43.375909285703685     
   1.0663333095063766E-002   42.280897488803959     
   1.0996666420946519E-002   40.821237004987580     
   1.1329999746829272E-002   39.050650988892286     
   1.1663333072712025E-002   37.121473504343101     
   1.1996666398594778E-002   35.248270214244215     
   1.2329999724477530E-002   33.655262775394817     
   1.2663333050360282E-002   32.526350818952871     
   1.2996666376243035E-002   31.972994371547795     
   1.3329999702125788E-002   32.026834425003237     
   1.3663333028008541E-002   32.654540741464601     
   1.3996666353891294E-002   33.785475872730828     
   1.4329999679774047E-002   35.340257153482767     
   1.4663333005656799E-002   37.250174913482063     
   1.4996666331539552E-002   39.462224063523081     
   1.5329999657422304E-002   41.930161943708555     
   1.5663332983305057E-002   44.596656682260956     
   1.5996666309187810E-002   47.374082638470377     
   1.6329999635070563E-002   50.131539164187252     
   1.6663332960953316E-002   52.693599894157444     
   1.6996666286836069E-002   54.852948318599779     
   1.7329999612718822E-002   56.395367775637425     
   1.7663332938601575E-002   57.132396449481959     
   1.7996666264484328E-002   56.934975490130441     
   1.8329999590367081E-002   55.760960407572824     
   1.8663332916249831E-002   53.670461777064027     
   1.8996666242132584E-002   50.825357272174081     
   1.9329999568015337E-002   47.472454790997674     
   1.9663332893898090E-002   43.913022901251196     
   1.9996666219780843E-002   40.464063615950487     
   2.0329999545663596E-002   37.418233827636683     
   2.0663332871546349E-002   35.009419277618804     
   2.0996666197429101E-002   33.389630494527999     
   2.1329999523311854E-002   32.620429726101435     
   2.1663332849194607E-002   32.679052270434916     
   2.1996666175077360E-002   33.476414219536991     
   2.2329999500960113E-002   34.881943950281567     
   2.2663332826842866E-002   36.749132621116104     
   2.2996666152725619E-002   38.936113769196936     
   2.3329999478608372E-002   41.317379487940855     
   2.3663332804491125E-002   43.785511067374465     
   2.3996666130373878E-002   46.244850603151939     
   2.4329999456256628E-002   48.601517787676357     
   2.4663332782139381E-002   50.755290991006241     
   2.4996666108022134E-002   52.598147901308081     
   2.5329999433904887E-002   54.021767873811868     
   2.5663332759787640E-002   54.932744231078274     
   2.5996666085670393E-002   55.270852325054584     
   2.6329999411553145E-002   55.023800901450059     
   2.6663332737435898E-002   54.232383663005749     
   2.6996666063318651E-002   52.982897584265970     
   2.7329999389201404E-002   51.388136607300076     
   2.7663332715084157E-002   49.562517309273503     
   2.7996666040966910E-002   47.599221289564433     
   2.8329999366849663E-002   45.556647320591502     
   2.8663332692732416E-002   43.458152407476263     
   2.8996666018615169E-002   41.304345316320827     
   2.9329999344497919E-002   39.092927558554969     
   2.9663332670380672E-002   36.838820980827286     
   2.9996665996263425E-002   34.587737270130255     
   3.0329999322146178E-002   32.419023273763358     
   3.0663332648028931E-002   30.437384587475712     
   3.0996665973911684E-002   28.756567056269517     
   3.1329999299794437E-002   27.480188814048006     
   3.1663332625677193E-002   26.685191088461401     
   3.1996665951559942E-002   26.411970581780711     
   3.2329999277442692E-002   26.662797442207104     
   3.2663332603325448E-002   27.407462905001282     
   3.2996665929208198E-002   28.593057897571697     
   3.3329999255090954E-002   30.153923200279106     
   3.3663332580973704E-002   32.018305828171187     
   3.3996665906856460E-002   34.109860412273790     
   3.4329999232739210E-002   36.344283333119336     
   3.4663332558621966E-002   38.623363911153923     
   3.4996665884504716E-002   40.829967308864390     
   3.5329999210387472E-002   42.827569463815173     
   3.5663332536270222E-002   44.466921847688823     
   3.5996665862152978E-002   45.600522328405162     
   3.6329999188035728E-002   46.103309654673616     
   3.6663332513918484E-002   45.895959945619452     
   3.6996665839801234E-002   44.965859822438006     
   3.7329999165683983E-002   43.380608518556755     
   3.7663332491566739E-002   41.289869163197565     
   3.7996665817449489E-002   38.913397487767838     
   3.8329999143332245E-002   36.515742211306552     
   3.8663332469214995E-002   34.370892871318269     
   3.8996665795097751E-002   32.722454280394636     
   3.9329999120980501E-002   31.746234820267983     
   3.9663332446863257E-002   31.522125587905492     
   3.9996665772746007E-002   32.020768881276851     
