   3.3333331843217230E-006   41.951109435314180     
   3.2999999269843104E-004   40.026401593118273     
   6.6333331858118379E-004   37.751922860509424     
   9.9666664446393643E-004   35.456277582086848     
   1.3299999703466892E-003   33.317826404331910     
   1.6633332962294419E-003   31.407877806983898     
   1.9966666221121949E-003   29.730621430392453     
   2.3299999479949474E-003   28.277807125700186     
   2.6633332738777004E-003   27.078455939054386     
   2.9966665997604534E-003   26.225273845026415     
   3.3299999256432059E-003   25.866483743885837     
   3.6633332515259584E-003   26.163053530096562     
   3.9966665774087114E-003   27.223686467067090     
   4.3299999032914644E-003   29.039424235131207     
   4.6633332291742165E-003   31.442614236009089     
   4.9966665550569694E-003   34.109444752759885     
   5.3299998809397224E-003   36.612228723276061     
   5.6633332068224754E-003   38.510993948202405     
   5.9966665327052283E-003   39.459382730512203     
   6.3299998585879804E-003   39.292856072852246     
   6.6633331844707334E-003   38.070885300544944     
   6.9966665103534864E-003   36.058590764232662     
   7.3299998362362385E-003   33.652739154547191     
   7.6633331621189914E-003   31.275369519947763     
   7.9966664880017444E-003   29.268928582723493     
   8.3299998138844974E-003   27.825660219908432     
   8.6633331397672503E-003   26.971373374383813     
   8.9966664656500033E-003   26.604124821858449     
   9.3299997915327545E-003   26.568929616066182     
   9.6633331174155075E-003   26.737439332896646     
   9.9966664432982605E-003   27.061001630605389     
   1.0329999769181013E-002   27.576720488583362     
   1.0663333095063766E-002   28.364865709552323     
   1.0996666420946519E-002   29.475331866573391     
   1.1329999746829272E-002   30.853776639609624     
   1.1663333072712025E-002   32.299909139003056     
   1.1996666398594778E-002   33.480437336437021     
   1.2329999724477530E-002   34.000781798121409     
   1.2663333050360282E-002   33.518968767061914     
   1.2996666376243035E-002   31.868913864251713     
   1.3329999702125788E-002   29.153807272533509     
   1.3663333028008541E-002   26.084055459622135     
   1.3996666353891294E-002   23.352787818004828     
   1.4329999679774047E-002   21.759026586693714     
   1.4663333005656799E-002   21.761492265809153     
   1.4996666331539552E-002   23.344422410773966     
   1.5329999657422304E-002   26.027823446453223     
   1.5663332983305057E-002   29.017846729956407     
   1.5996666309187810E-002   31.451788180808414     
   1.6329999635070563E-002   32.661805846694698     
   1.6663332960953316E-002   32.374406730189300     
   1.6996666286836069E-002   30.782404615365966     
   1.7329999612718822E-002   28.466915141092855     
   1.7663332938601575E-002   26.196063971640893     
   1.7996666264484328E-002   24.668064835743678     
   1.8329999590367081E-002   24.284971367310924     
   1.8663332916249831E-002   25.032807564585568     
   1.8996666242132584E-002   26.507075828153848     
   1.9329999568015337E-002   28.072261259076022     
   1.9663332893898090E-002   29.097445478348842     
   1.9996666219780843E-002   29.183984406399716     
   2.0329999545663596E-002   28.304800178647017     
   2.0663332871546349E-002   26.806992478327562     
   2.0996666197429101E-002   25.278686395123625     
   2.1329999523311854E-002   24.329596117333441     
   2.1663332849194607E-002   24.365225345495812     
   2.1996666175077360E-002   25.436101151063937     
   2.2329999500960113E-002   27.215678500565073     
   2.2663332826842866E-002   29.113892110817623     
   2.2996666152725619E-002   30.484820409721284     
   2.3329999478608372E-002   30.854009145769329     
   2.3663332804491125E-002   30.085160344962013     
   2.3996666130373878E-002   28.428603639395671     
   2.4329999456256628E-002   26.436435016101971     
   2.4663332782139381E-002   24.775849598185793     
   2.4996666108022134E-002   24.006475352259670     
   2.5329999433904887E-002   24.397897299216833     
   2.5663332759787640E-002   25.847395115100255     
   2.5996666085670393E-002   27.921943724584850     
   2.6329999411553145E-002   30.006017081927382     
   2.6663332737435898E-002   31.502477718879131     
   2.6996666063318651E-002   32.182640310528541     
   2.7329999389201404E-002   31.944778551158439     
   2.7663332715084157E-002   30.975019294793537     
   2.7996666040966910E-002   29.626050012642420     
   2.8329999366849663E-002   28.312869730456249     
   2.8663332692732416E-002   27.403133492169648     
   2.8996666018615169E-002   27.128443208657707     
   2.9329999344497919E-002   27.536504833996126     
   2.9663332670380672E-002   28.492554519114030     
   2.9996665996263425E-002   29.725900811935187     
   3.0329999322146178E-002   30.906876735757521     
   3.0663332648028931E-002   31.733278359023259     
   3.0996665973911684E-002   32.004627975124002     
   3.1329999299794437E-002   31.667111723395784     
   3.1663332625677193E-002   30.820349184019996     
   3.1996665951559942E-002   29.686996407420274     
   3.2329999277442692E-002   28.555083144709471     
   3.2663332603325448E-002   27.708843400558386     
   3.2996665929208198E-002   27.365387903868186     
   3.3329999255090954E-002   27.631780400520562     
   3.3663332580973704E-002   28.490898775302661     
   3.3996665906856460E-002   29.816660364293199     
   3.4329999232739210E-002   31.411850939996501     
   3.4663332558621966E-002   33.056768658884444     
   3.4996665884504716E-002   34.555332149656650     
   3.5329999210387472E-002   35.767396232178299     
   3.5663332536270222E-002   36.620985705150098     
   3.5996665862152978E-002   37.104483817969907     
   3.6329999188035728E-002   37.244683071846616     
   3.6663332513918484E-002   37.080401397371418     
   3.6996665839801234E-002   36.642087669773055     
   3.7329999165683983E-002   35.945357927874163     
   3.7663332491566739E-002   35.001466428919159     
   3.7996665817449489E-002   33.841725463785409     
   3.8329999143332245E-002   32.547511984091315     
   3.8663332469214995E-002   31.274234035550279     
   3.8996665795097751E-002   30.257435329070457     
   3.9329999120980501E-002   29.792309581477195     
   3.9663332446863257E-002   30.183744450538594     
   3.9996665772746007E-002   31.671495639764455     
