   3.3333331843217230E-006   28.041922338166902     
   3.2999999269843104E-004   28.043045490277667     
   6.6333331858118379E-004   28.046472349144381     
   9.9666664446393643E-004   28.052237850044030     
   1.3299999703466892E-003   28.060400054975148     
   1.6633332962294419E-003   28.071039653132175     
   1.9966666221121949E-003   28.084259226706326     
   2.3299999479949474E-003   28.100182250122632     
   2.6633332738777004E-003   28.118951784868553     
   2.9966665997604534E-003   28.140728828355442     
   3.3299999256432059E-003   28.165690274113121     
   3.6633332515259584E-003   28.194026442292078     
   3.9966665774087114E-003   28.225938144077318     
   4.3299999032914644E-003   28.261633251234084     
   4.6633332291742165E-003   28.301322752528815     
   4.9966665550569694E-003   28.345216292006057     
   5.3299998809397224E-003   28.393517199752278     
   5.6633332068224754E-003   28.446417043437783     
   5.9966665327052283E-003   28.504089748103357     
   6.3299998585879804E-003   28.566685351773547     
   6.6633331844707334E-003   28.634323484898228     
   6.9966665103534864E-003   28.707086681664098     
   7.3299998362362385E-003   28.785013650170786     
   7.6633331621189914E-003   28.868092645620003     
   7.9966664880017444E-003   28.956255105325191     
   8.3299998138844974E-003   29.049369715856656     
   8.6633331397672503E-003   29.147237090398278     
   8.9966664656500033E-003   29.249585237889935     
   9.3299997915327545E-003   29.356066004346857     
   9.6633331174155075E-003   29.466252660582455     
   9.9966664432982605E-003   29.579638799236687     
   1.0329999769181013E-002   29.695638687493542     
   1.0663333095063766E-002   29.813589200263184     
   1.0996666420946519E-002   29.932753432162013     
   1.1329999746829272E-002   30.052326055746885     
   1.1663333072712025E-002   30.171440458686295     
   1.1996666398594778E-002   30.289177654554369     
   1.2329999724477530E-002   30.404576921500606     
   1.2663333050360282E-002   30.516648081069061     
   1.2996666376243035E-002   30.624385286888078     
   1.3329999702125788E-002   30.726782150855080     
   1.3663333028008541E-002   30.822847993865480     
   1.3996666353891294E-002   30.911624970152861     
   1.4329999679774047E-002   30.992205779972462     
   1.4663333005656799E-002   31.063751655677557     
   1.4996666331539552E-002   31.125510282139970     
   1.5329999657422304E-002   31.176833294784043     
   1.5663332983305057E-002   31.217192987943996     
   1.5996666309187810E-002   31.246197863379582     
   1.6329999635070563E-002   31.263606653990056     
   1.6663332960953316E-002   31.269340471268738     
   1.6996666286836069E-002   31.263492746865669     
   1.7329999612718822E-002   31.246336668603146     
   1.7663332938601575E-002   31.218329849048946     
   1.7996666264484328E-002   31.180116009729648     
   1.8329999590367081E-002   31.132523515508112     
   1.8663332916249831E-002   31.076560650628604     
   1.8996666242132584E-002   31.013407589363695     
   1.9329999568015337E-002   30.944405078858598     
   1.9663332893898090E-002   30.871039918329153     
   1.9996666219780843E-002   30.794927385814415     
   2.0329999545663596E-002   30.717790829749710     
   2.0663332871546349E-002   30.641438706227163     
   2.0996666197429101E-002   30.567739402481976     
   2.1329999523311854E-002   30.498594241466996     
   2.1663332849194607E-002   30.435909110025282     
   2.1996666175077360E-002   30.381565192925084     
   2.2329999500960113E-002   30.337389325818460     
   2.2663332826842866E-002   30.305124501134145     
   2.2996666152725619E-002   30.286401071324953     
   2.3329999478608372E-002   30.282709193290803     
   2.3663332804491125E-002   30.295373045953955     
   2.3996666130373878E-002   30.325527329881428     
   2.4329999456256628E-002   30.374096523789916     
   2.4663332782139381E-002   30.441777328235680     
   2.4996666108022134E-002   30.529024672533883     
   2.5329999433904887E-002   30.636041597942384     
   2.5663332759787640E-002   30.762773259570441     
   2.5996666085670393E-002   30.908905212704870     
   2.6329999411553145E-002   31.073866067815196     
   2.6663332737435898E-002   31.256834514064128     
   2.6996666063318651E-002   31.456750625460341     
   2.7329999389201404E-002   31.672331278649597     
   2.7663332715084157E-002   31.902089428567173     
   2.7996666040966910E-002   32.144356909560685     
   2.8329999366849663E-002   32.397310356863848     
   2.8663332692732416E-002   32.658999778077700     
   2.8996666018615169E-002   32.927379248073997     
   2.9329999344497919E-002   33.200339154774014     
   2.9663332670380672E-002   33.475739388665993     
   2.9996665996263425E-002   33.751442846560742     
   3.0329999322146178E-002   34.025348610545379     
   3.0663332648028931E-002   34.295424166706212     
   3.0996665973911684E-002   34.559736044996782     
   3.1329999299794437E-002   34.816478291380143     
   3.1663332625677193E-002   35.063998225552893     
   3.1996665951559942E-002   35.300818991355818     
   3.2329999277442692E-002   35.525658471336662     
   3.2663332603325448E-002   35.737444210550990     
   3.2996665929208198E-002   35.935324076063480     
   3.3329999255090954E-002   36.118672466050100     
   3.3663332580973704E-002   36.287091974074301     
   3.3996665906856460E-002   36.440410508079488     
   3.4329999232739210E-002   36.578673957908748     
   3.4663332558621966E-002   36.702134597716416     
   3.4996665884504716E-002   36.811235498485040     
   3.5329999210387472E-002   36.906591309086743     
   3.5663332536270222E-002   36.988965840124727     
   3.5996665862152978E-002   37.059246951506033     
   3.6329999188035728E-002   37.118419300867728     
   3.6663332513918484E-002   37.167535554369238     
   3.6996665839801234E-002   37.207686692983806     
   3.7329999165683983E-002   37.239972065562142     
   3.7663332491566739E-002   37.265469844178476     
   3.7996665817449489E-002   37.285208527482801     
   3.8329999143332245E-002   37.300140114159092     
   3.8663332469214995E-002   37.311115531612600     
   3.8996665795097751E-002   37.318862855456835     
   3.9329999120980501E-002   37.323968794297095     
   3.9663332446863257E-002   37.326863843015225     
   3.9996665772746007E-002   37.327811427779210     
