   3.3333331843217230E-006   23.510806507238968     
   3.2999999269843104E-004   23.544244397908511     
   6.6333331858118379E-004   23.673346686574494     
   9.9666664446393643E-004   23.894374344847879     
   1.3299999703466892E-003   24.197838053890106     
   1.6633332962294419E-003   24.569217811175459     
   1.9966666221121949E-003   24.990056796131697     
   2.3299999479949474E-003   25.439727662658893     
   2.6633332738777004E-003   25.897773547464240     
   2.9966665997604534E-003   26.346570122291691     
   3.3299999256432059E-003   26.773890585619998     
   3.6633332515259584E-003   27.174830374757008     
   3.9966665774087114E-003   27.552522914292158     
   4.3299999032914644E-003   27.917207924082273     
   4.6633332291742165E-003   28.283525910408549     
   4.9966665550569694E-003   28.666375622669431     
   5.3299998809397224E-003   29.076181169276776     
   5.6633332068224754E-003   29.514803738248172     
   5.9966665327052283E-003   29.973411961150880     
   6.3299998585879804E-003   30.433264507828490     
   6.6633331844707334E-003   30.869567795205374     
   6.9966665103534864E-003   31.257547230907292     
   7.3299998362362385E-003   31.578967405166388     
   7.6633331621189914E-003   31.826949887713493     
   7.9966664880017444E-003   32.007324099446201     
   8.3299998138844974E-003   32.135870770681151     
   8.6633331397672503E-003   32.232305453823528     
   8.9966664656500033E-003   32.313112255179277     
   9.3299997915327545E-003   32.385823392198446     
   9.6633331174155075E-003   32.446802334625126     
   9.9966664432982605E-003   32.483227529073609     
   1.0329999769181013E-002   32.478361137723361     
   1.0663333095063766E-002   32.418000805973186     
   1.0996666420946519E-002   32.295720025601888     
   1.1329999746829272E-002   32.115157240171420     
   1.1663333072712025E-002   31.888861190260105     
   1.1996666398594778E-002   31.634477812744898     
   1.2329999724477530E-002   31.369873886127714     
   1.2663333050360282E-002   31.108903112158803     
   1.2996666376243035E-002   30.859016377177859     
   1.3329999702125788E-002   30.621103120616890     
   1.3663333028008541E-002   30.391178274297452     
   1.3996666353891294E-002   30.163053160456453     
   1.4329999679774047E-002   29.931033786406442     
   1.4663333005656799E-002   29.691907302745133     
   1.4996666331539552E-002   29.445853952752358     
   1.5329999657422304E-002   29.196299016242616     
   1.5663332983305057E-002   28.948987561717683     
   1.5996666309187810E-002   28.710682792822375     
   1.6329999635070563E-002   28.487872264896303     
   1.6663332960953316E-002   28.285763110572390     
   1.6996666286836069E-002   28.107711786306442     
   1.7329999612718822E-002   27.955108587438463     
   1.7663332938601575E-002   27.827646612364784     
   1.7996666264484328E-002   27.723855744330315     
   1.8329999590367081E-002   27.641769075896512     
   1.8663332916249831E-002   27.579600610924000     
   1.8996666242132584E-002   27.536336880169884     
   1.9329999568015337E-002   27.512171651943625     
   1.9663332893898090E-002   27.508736523878106     
   1.9996666219780843E-002   27.529099256745422     
   2.0329999545663596E-002   27.577518082700902     
   2.0663332871546349E-002   27.658957948031709     
   2.0996666197429101E-002   27.778398446121717     
   2.1329999523311854E-002   27.939996439975623     
   2.1663332849194607E-002   28.146208802136709     
   2.1996666175077360E-002   28.397026131653771     
   2.2329999500960113E-002   28.689503224967289     
   2.2663332826842866E-002   29.017776346334081     
   2.2996666152725619E-002   29.373708501822257     
   2.3329999478608372E-002   29.748185863187899     
   2.3663332804491125E-002   30.132903648334445     
   2.3996666130373878E-002   30.522261084905761     
   2.4329999456256628E-002   30.914800989636202     
   2.4663332782139381E-002   31.313573734554847     
   2.4996666108022134E-002   31.724966342208482     
   2.5329999433904887E-002   32.155950369884515     
   2.5663332759787640E-002   32.610300719529967     
   2.5996666085670393E-002   33.084933087770551     
   2.6329999411553145E-002   33.567826749683633     
   2.6663332737435898E-002   34.038787387907007     
   2.6996666063318651E-002   34.473471441563532     
   2.7329999389201404E-002   34.849828830112216     
   2.7663332715084157E-002   35.154897929592337     
   2.7996666040966910E-002   35.389302195540715     
   2.8329999366849663E-002   35.567287234459734     
   2.8663332692732416E-002   35.711695021743452     
   2.8996666018615169E-002   35.845350497840599     
   2.9329999344497919E-002   35.982027904393583     
   2.9663332670380672E-002   36.120624291830161     
   2.9996665996263425E-002   36.245062770875613     
   3.0329999322146178E-002   36.330181232495029     
   3.0663332648028931E-002   36.351415470164248     
   3.0996665973911684E-002   36.294547847400437     
   3.1329999299794437E-002   36.161824981535240     
   3.1663332625677193E-002   35.972277317382201     
   3.1996665951559942E-002   35.756368358622773     
   3.2329999277442692E-002   35.547162417222808     
   3.2663332603325448E-002   35.371236033323093     
   3.2996665929208198E-002   35.242302503707776     
   3.3329999255090954E-002   35.159257170363304     
   3.3663332580973704E-002   35.108704784438558     
   3.3996665906856460E-002   35.070642015476004     
   3.4329999232739210E-002   35.025250689330655     
   3.4663332558621966E-002   34.958796102346675     
   3.4996665884504716E-002   34.867232544707178     
   3.5329999210387472E-002   34.756975040141981     
   3.5663332536270222E-002   34.643094784255140     
   3.5996665862152978E-002   34.545735441862291     
   3.6329999188035728E-002   34.485762494474812     
   3.6663332513918484E-002   34.480591622775833     
   3.6996665839801234E-002   34.540897267211221     
   3.7329999165683983E-002   34.668591580205202     
   3.7663332491566739E-002   34.856176001473770     
   3.7996665817449489E-002   35.087354118979512     
   3.8329999143332245E-002   35.338670562057992     
   3.8663332469214995E-002   35.581895290799260     
   3.8996665795097751E-002   35.786880472692786     
   3.9329999120980501E-002   35.924649149536172     
   3.9663332446863257E-002   35.970505700740986     
   3.9996665772746007E-002   35.906970264307368     
