   3.3333331843217230E-006   27.124071574637746     
   3.2999999269843104E-004   27.159663363888860     
   6.6333331858118379E-004   27.323914758992451     
   9.9666664446393643E-004   27.586043419093858     
   1.3299999703466892E-003   27.885591734235639     
   1.6633332962294419E-003   28.151645412684637     
   1.9966666221121949E-003   28.324698852798186     
   2.3299999479949474E-003   28.374380245740731     
   2.6633332738777004E-003   28.307062361400469     
   2.9966665997604534E-003   28.161009270647025     
   3.3299999256432059E-003   27.991210281300294     
   3.6633332515259584E-003   27.849717523079772     
   3.9966665774087114E-003   27.768736540359480     
   4.3299999032914644E-003   27.752399496601754     
   4.6633332291742165E-003   27.779639713803149     
   4.9966665550569694E-003   27.816293942389670     
   5.3299998809397224E-003   27.831167402090941     
   5.6633332068224754E-003   27.809585296655200     
   5.9966665327052283E-003   27.759301491310563     
   6.3299998585879804E-003   27.706898590785144     
   6.6633331844707334E-003   27.686627554051377     
   6.9966665103534864E-003   27.726483100221419     
   7.3299998362362385E-003   27.837135333820534     
   7.6633331621189914E-003   28.007931396815710     
   7.9966664880017444E-003   28.211219808960340     
   8.3299998138844974E-003   28.412973200160401     
   8.6633331397672503E-003   28.585372019430345     
   8.9966664656500033E-003   28.716482983464211     
   9.3299997915327545E-003   28.813500696472552     
   9.6633331174155075E-003   28.898586178440372     
   9.9966664432982605E-003   28.999088678743782     
   1.0329999769181013E-002   29.135854253512335     
   1.0663333095063766E-002   29.313784225421323     
   1.0996666420946519E-002   29.517777160856784     
   1.1329999746829272E-002   29.715175388927641     
   1.1663333072712025E-002   29.863639187333327     
   1.1996666398594778E-002   29.921755833255673     
   1.2329999724477530E-002   29.859124769113389     
   1.2663333050360282E-002   29.663189840420699     
   1.2996666376243035E-002   29.341384583957243     
   1.3329999702125788E-002   28.918683185945174     
   1.3663333028008541E-002   29.176459794592560     
   1.3996666353891294E-002   29.373812058327264     
   1.4329999679774047E-002   29.523493199796683     
   1.4663333005656799E-002   29.643253852608350     
   1.4996666331539552E-002   29.746648560195013     
   1.5329999657422304E-002   29.842413750870161     
   1.5663332983305057E-002   29.934568317109100     
   1.5996666309187810E-002   30.023040929453288     
   1.6329999635070563E-002   30.104636049472017     
   1.6663332960953316E-002   30.174176484900762     
   1.6996666286836069E-002   30.225691490229632     
   1.7329999612718822E-002   30.253547658034297     
   1.7663332938601575E-002   30.253441646983966     
   1.7996666264484328E-002   30.223189498570719     
   1.8329999590367081E-002   30.163259765546197     
   1.8663332916249831E-002   30.077010731942412     
   1.8996666242132584E-002   29.970608998130800     
   1.9329999568015337E-002   29.852629439412194     
   1.9663332893898090E-002   29.733364708083265     
   1.9996666219780843E-002   29.623903574180744     
   2.0329999545663596E-002   29.535067345317994     
   2.0663332871546349E-002   29.476317375805355     
   2.0996666197429101E-002   29.454759434701909     
   2.1329999523311854E-002   29.474368775346672     
   2.1663332849194607E-002   29.535541424000122     
   2.1996666175077360E-002   29.635043218278895     
   2.2329999500960113E-002   29.766381745601755     
   2.2663332826842866E-002   29.920573039445550     
   2.2996666152725619E-002   30.087221703252126     
   2.3329999478608372E-002   30.255787653233693     
   2.3663332804491125E-002   30.416882001539982     
   2.3996666130373878E-002   30.563424232013425     
   2.4329999456256628E-002   30.691505673335655     
   2.4663332782139381E-002   30.800840020997693     
   2.4996666108022134E-002   30.894736456001066     
   2.5329999433904887E-002   30.979597627322256     
   2.5663332759787640E-002   31.064013763034858     
   2.5996666085670393E-002   31.157584546624939     
   2.6329999411553145E-002   31.269641593427362     
   2.6663332737435898E-002   31.408057977844287     
   2.6996666063318651E-002   31.684411777438093     
   2.7329999389201404E-002   31.981415504914882     
   2.7663332715084157E-002   32.287780767563866     
   2.7996666040966910E-002   32.598404233581704     
   2.8329999366849663E-002   32.914540540238050     
   2.8663332692732416E-002   33.243412210671636     
   2.8996666018615169E-002   33.596166314175811     
   2.9329999344497919E-002   33.984586648186358     
   2.9663332670380672E-002   34.417301197122050     
   2.9996665996263425E-002   34.896398848324786     
   3.0329999322146178E-002   35.415330539769492     
   3.0663332648028931E-002   35.958710228460454     
   3.0996665973911684E-002   36.504197715204725     
   3.1329999299794437E-002   37.026134594210063     
   3.1663332625677193E-002   37.500141185275368     
   3.1996665951559942E-002   37.907589829074645     
   3.2329999277442692E-002   38.238838164888939     
   3.2663332603325448E-002   38.494364027958092     
   3.2996665929208198E-002   38.683446373291581     
   3.3329999255090954E-002   38.820670263717403     
   3.3663332580973704E-002   38.921139989560814     
   3.3996665906856460E-002   38.995698387047170     
   3.4329999232739210E-002   39.047545712038350     
   3.4663332558621966E-002   39.071376355139968     
   3.4996665884504716E-002   39.055549636835032     
   3.5329999210387472E-002   38.987016037148770     
   3.5663332536270222E-002   38.857928051107244     
   3.5996665862152978E-002   38.672284222302721     
   3.6329999188035728E-002   38.450752898148203     
   3.6663332513918484E-002   38.232077442258529     
   3.6996665839801234E-002   38.070141894804465     
   3.7329999165683983E-002   38.026731188522390     
   3.7663332491566739E-002   38.161034128033343     
   3.7996665817449489E-002   38.517772212711954     
   3.8329999143332245E-002   39.116296433150964     
   3.8663332469214995E-002   39.942971457752165     
   3.8996665795097751E-002   40.948669747109250     
   3.9329999120980501E-002   42.052338721191077     
   3.9663332446863257E-002   43.150560134630169     
   3.9996665772746007E-002   44.131984399855632     
