   3.3333331843217230E-006   32.536827440474248     
   3.2999999269843104E-004   32.482524893579217     
   6.6333331858118379E-004   32.335449652814347     
   9.9666664446393643E-004   32.146545191255711     
   1.3299999703466892E-003   31.989010346960260     
   1.6633332962294419E-003   31.942486726352531     
   1.9966666221121949E-003   32.074916857802172     
   2.3299999479949474E-003   32.425329543833449     
   2.6633332738777004E-003   32.990759693040651     
   2.9966665997604534E-003   33.719933867985091     
   3.3299999256432059E-003   34.515329219446535     
   3.6633332515259584E-003   35.243891871478915     
   3.9966665774087114E-003   35.755279441816960     
   4.3299999032914644E-003   35.905189457812710     
   4.6633332291742165E-003   35.580356951252412     
   4.9966665550569694E-003   34.721313290498294     
   5.3299998809397224E-003   33.339088757278830     
   5.6633332068224754E-003   31.522723834560992     
   5.9966665327052283E-003   29.435651111309703     
   6.3299998585879804E-003   27.300564636699015     
   6.6633331844707334E-003   25.374091568439447     
   6.9966665103534864E-003   23.914178240349919     
   7.3299998362362385E-003   23.144360999140417     
   7.6633331621189914E-003   23.219813023614879     
   7.9966664880017444E-003   24.200113291701697     
   8.3299998138844974E-003   26.033034736881607     
   8.6633331397672503E-003   28.552356043955122     
   8.9966664656500033E-003   31.490919530971702     
   9.3299997915327545E-003   34.508115029103536     
   9.6633331174155075E-003   37.228940664010210     
   9.9966664432982605E-003   39.290058399087130     
   1.0329999769181013E-002   40.387076927149671     
   1.0663333095063766E-002   40.316842290948586     
   1.0996666420946519E-002   39.008888575622457     
   1.1329999746829272E-002   36.541378562108278     
   1.1663333072712025E-002   33.138718230397998     
   1.1996666398594778E-002   29.150334035470738     
   1.2329999724477530E-002   25.012564018040052     
   1.2663333050360282E-002   21.197908467482449     
   1.2996666376243035E-002   18.157700781059386     
   1.3329999702125788E-002   16.265336911405036     
   1.3663333028008541E-002   15.767375838949521     
   1.3996666353891294E-002   16.749043039159822     
   1.4329999679774047E-002   19.119008694120165     
   1.4663333005656799E-002   22.615966002388859     
   1.4996666331539552E-002   26.836791970509424     
   1.5329999657422304E-002   31.283283005233930     
   1.5663332983305057E-002   35.421984898402251     
   1.5996666309187810E-002   38.749812881862859     
   1.6329999635070563E-002   40.857236291257252     
   1.6663332960953316E-002   41.480925252642521     
   1.6996666286836069E-002   40.538931193165290     
   1.7329999612718822E-002   38.143568877011589     
   1.7663332938601575E-002   34.589931896756511     
   1.7996666264484328E-002   30.321060556748311     
   1.8329999590367081E-002   25.873796491401571     
   1.8663332916249831E-002   21.811909701081579     
   1.8996666242132584E-002   18.654831777134152     
   1.9329999568015337E-002   16.811033272317662     
   1.9663332893898090E-002   16.524634412983914     
   1.9996666219780843E-002   17.842275595997926     
   2.0329999545663596E-002   20.604781583606382     
   2.0663332871546349E-002   24.465038732400700     
   2.0996666197429101E-002   28.930161005614526     
   2.1329999523311854E-002   33.422876385433149     
   2.1663332849194607E-002   37.354529322411103     
   2.1996666175077360E-002   40.200502607023218     
   2.2329999500960113E-002   41.568431442736617     
   2.2663332826842866E-002   41.250384022127378     
   2.2996666152725619E-002   39.252128631797447     
   2.3329999478608372E-002   35.795460398672034     
   2.3663332804491125E-002   31.292964437488045     
   2.3996666130373878E-002   26.298114454826148     
   2.4329999456256628E-002   21.436794872859437     
   2.4663332782139381E-002   17.328776554436683     
   2.4996666108022134E-002   14.509049659863592     
   2.5329999433904887E-002   13.359035055304155     
   2.5663332759787640E-002   14.056531052585527     
   2.5996666085670393E-002   16.550943069999249     
   2.6329999411553145E-002   20.567176609587861     
   2.6663332737435898E-002   25.637948110400057     
   2.6996666063318651E-002   31.160645301665038     
   2.7329999389201404E-002   36.471713298677969     
   2.7663332715084157E-002   40.929262716171287     
   2.7996666040966910E-002   43.993489596936989     
   2.8329999366849663E-002   45.294713112655693     
   2.8663332692732416E-002   44.680355846445032     
   2.8996666018615169E-002   42.234825551713293     
   2.9329999344497919E-002   38.269674841728047     
   2.9663332670380672E-002   33.285182232079890     
   2.9996665996263425E-002   27.908133377648390     
   3.0329999322146178E-002   22.813619116566286     
   3.0663332648028931E-002   18.640715921839561     
   3.0996665973911684E-002   15.912709085216781     
   3.1329999299794437E-002   14.971954251775658     
   3.1663332625677193E-002   15.937618025643424     
   3.1996665951559942E-002   18.691628531745085     
   3.2329999277442692E-002   22.894573458455341     
   3.2663332603325448E-002   28.029466258395459     
   3.2996665929208198E-002   33.467750397003073     
   3.3329999255090954E-002   38.549082796530875     
   3.3663332580973704E-002   42.664694472937803     
   3.3996665906856460E-002   45.333692862731127     
   3.4329999232739210E-002   46.262601955171363     
   3.4663332558621966E-002   45.380612615122622     
   3.4996665884504716E-002   42.846155398802786     
   3.5329999210387472E-002   39.024106376405015     
   3.5663332536270222E-002   34.436715603989072     
   3.5996665862152978E-002   29.694720225337722     
   3.6329999188035728E-002   25.417634782586042     
   3.6663332513918484E-002   22.153574275782990     
   3.6996665839801234E-002   20.308986193600294     
   3.7329999165683983E-002   20.097345369847254     
   3.7663332491566739E-002   21.513373291701690     
   3.7996665817449489E-002   24.336006070739401     
   3.8329999143332245E-002   28.159586721561716     
   3.8663332469214995E-002   32.449084744881638     
   3.8996665795097751E-002   36.612026172371202     
   3.9329999120980501E-002   40.077655009853181     
   3.9663332446863257E-002   42.372922599216849     
   3.9996665772746007E-002   43.185334005398694     
