   3.3333331843217230E-006   271.29728372687157     
   3.2999999269843104E-004   213.90179724752886     
   6.6333331858118379E-004   96.311117201599046     
   9.9666664446393643E-004  -41.273280665476307     
   1.3299999703466892E-003  -155.55775691452550     
   1.6633332962294419E-003  -212.91385550020402     
   1.9966666221121949E-003  -198.50647400442716     
   2.3299999479949474E-003  -119.05229478120462     
   2.6633332738777004E-003  0.93464425649624516     
   2.9966665997604534E-003   127.59348424737442     
   3.3299999256432059E-003   227.91076388027230     
   3.6633332515259584E-003   278.59322020261288     
   3.9966665774087114E-003   271.31808893768272     
   4.3299999032914644E-003   213.34039917257843     
   4.6633332291742165E-003   123.81529768506537     
   4.9966665550569694E-003   27.310402307718689     
   5.3299998809397224E-003  -53.401980993582498     
   5.6633332068224754E-003  -103.17433280549199     
   5.9966665327052283E-003  -117.40143179336205     
   6.3299998585879804E-003  -101.46513362900205     
   6.6633331844707334E-003  -67.248043359839940     
   6.9966665103534864E-003  -28.152293612171693     
   7.3299998362362385E-003   5.5518644209369974     
   7.6633331621189914E-003   29.483028473364037     
   7.9966664880017444E-003   45.260738002351161     
   8.3299998138844974E-003   58.270549117141172     
   8.6633331397672503E-003   74.238945953449957     
   8.9966664656500033E-003   96.105588977005056     
   9.3299997915327545E-003   122.38676539474818     
   9.6633331174155075E-003   147.49282436403851     
   9.9966664432982605E-003   163.65726426567610     
   1.0329999769181013E-002   163.60367239668594     
   1.0663333095063766E-002   142.98366283657617     
   1.0996666420946519E-002   101.89593672290991     
   1.1329999746829272E-002   45.223819067431236     
   1.1663333072712025E-002  -18.116828340314783     
   1.1996666398594778E-002  -76.753186823834483     
   1.2329999724477530E-002  -118.96126341215077     
   1.2663333050360282E-002  -135.01812637452898     
   1.2996666376243035E-002  -119.47262920841160     
   1.3329999702125788E-002  -72.904016285544529     
   1.3663333028008541E-002  -2.6588765574770648     
   1.3996666353891294E-002   77.884059480915042     
   1.4329999679774047E-002   151.70220062027633     
   1.4663333005656799E-002   201.89375648796744     
   1.4996666331539552E-002   216.02363068010186     
   1.5329999657422304E-002   189.87052197099720     
   1.5663332983305057E-002   129.33432689369198     
   1.5996666309187810E-002   49.631042373240106     
   1.6329999635070563E-002  -28.343761728912703     
   1.6663332960953316E-002  -83.669444685549450     
   1.6996666286836069E-002  -101.47015813223074     
   1.7329999612718822E-002  -77.476905540968346     
   1.7663332938601575E-002  -19.497826338638482     
   1.7996666264484328E-002   54.837835977355589     
   1.8329999590367081E-002   123.44313920586089     
   1.8663332916249831E-002   166.53019421404838     
   1.8996666242132584E-002   172.54168196403430     
   1.9329999568015337E-002   141.33506334310431     
   1.9663332893898090E-002   83.682771578598107     
   1.9996666219780843E-002   17.435780461452872     
   2.0329999545663596E-002  -38.214582485141307     
   2.0663332871546349E-002  -68.436440220655371     
   2.0996666197429101E-002  -66.679607523644648     
   2.1329999523311854E-002  -35.829574430576727     
   2.1663332849194607E-002   13.438191179278455     
   2.1996666175077360E-002   66.316157209952109     
   2.2329999500960113E-002   108.29728712802039     
   2.2663332826842866E-002   129.11466741416794     
   2.2996666152725619E-002   125.21785175061649     
   2.3329999478608372E-002   100.28440176311862     
   2.3663332804491125E-002   63.764782959184316     
   2.3996666130373878E-002   27.900985100970203     
   2.4329999456256628E-002   3.9996284230814823     
   2.4663332782139381E-002  -1.0551258011521822     
   2.4996666108022134E-002   12.954989289044185     
   2.5329999433904887E-002   39.358586838751954     
   2.5663332759787640E-002   66.665056474573220     
   2.5996666085670393E-002   82.493180344142473     
   2.6329999411553145E-002   78.193586246102583     
   2.6663332737435898E-002   52.542064305285805     
   2.6996666063318651E-002   12.967313145972939     
   2.7329999389201404E-002  -26.481639522677270     
   2.7663332715084157E-002  -50.001595590640271     
   2.7996666040966910E-002  -46.065112487783693     
   2.8329999366849663E-002  -12.254664592329512     
   2.8663332692732416E-002   43.182410062200915     
   2.8996666018615169E-002   103.90212025827466     
   2.9329999344497919E-002   151.28061007886504     
   2.9663332670380672E-002   171.18087814889404     
   2.9996665996263425E-002   158.92602413682459     
   3.0329999322146178E-002   120.50456988980335     
   3.0663332648028931E-002   69.663968735117066     
   3.0996665973911684E-002   22.277679169406351     
   3.1329999299794437E-002  -9.5843941619544708     
   3.1663332625677193E-002  -21.512343752159047     
   3.1996665951559942E-002  -17.217162217116652     
   3.2329999277442692E-002  -5.7636354381824333     
   3.2663332603325448E-002   2.9954385496969280     
   3.2996665929208198E-002   2.8030425086472377     
   3.3329999255090954E-002  -6.5020590227651383     
   3.3663332580973704E-002  -19.186501270747975     
   3.3996665906856460E-002  -26.263491701179213     
   3.4329999232739210E-002  -19.445434498095025     
   3.4663332558621966E-002   5.1159659805457807     
   3.4996665884504716E-002   44.682353802012749     
   3.5329999210387472E-002   90.171535668395009     
   3.5663332536270222E-002   128.77177560544555     
   3.5996665862152978E-002   148.10688656867282     
   3.6329999188035728E-002   140.57851612066747     
   3.6663332513918484E-002   106.38302075789704     
   3.6996665839801234E-002   54.063506713678741     
   3.7329999165683983E-002  -1.7626945972770507     
   3.7663332491566739E-002  -44.890537420693398     
   3.7996665817449489E-002  -62.784254179573267     
   3.8329999143332245E-002  -50.789956384039733     
   3.8663332469214995E-002  -13.766189294242032     
   3.8996665795097751E-002   35.531181594972423     
   3.9329999120980501E-002   80.803536383554302     
   3.9663332446863257E-002   107.77780237918267     
   3.9996665772746007E-002   109.00153759618360     
