   0.0000000000000000        205.44705376134257     
   3.3333333333333332E-004   205.28242186611340     
   6.6666666666666664E-004   204.80433994444240     
   1.0000000000000000E-003   204.05551057609389     
   1.3333333333333333E-003   203.09320987197935     
   1.6666666666666666E-003   201.97423968180397     
   2.0000000000000000E-003   200.74277244203739     
   2.3333333333333331E-003   199.42506209475613     
   2.6666666666666666E-003   198.03177720667983     
   3.0000000000000001E-003   196.56548103892689     
   3.3333333333333331E-003   195.02900081467075     
   3.6666666666666666E-003   193.43077206995034     
   4.0000000000000001E-003   191.78532873238026     
   4.3333333333333331E-003   190.10975148013492     
   4.6666666666666662E-003   188.41874643900456     
   5.0000000000000001E-003   186.72128528631262     
   5.3333333333333332E-003   185.02046420491837     
   5.6666666666666662E-003   183.31627216000530     
   6.0000000000000001E-003   181.60940718913997     
   6.3333333333333332E-003   179.90391885840765     
   6.6666666666666662E-003   178.20735079061583     
   7.0000000000000001E-003   176.52859224946275     
   7.3333333333333332E-003   174.87491510231106     
   7.6666666666666662E-003   173.24999306746480     
   8.0000000000000002E-003   171.65397739262869     
   8.3333333333333332E-003   170.08543086040541     
   8.6666666666666663E-003   168.54386487205792     
   8.9999999999999993E-003   167.03136882985706     
   9.3333333333333324E-003   165.55245626439321     
   9.6666666666666672E-003   164.11235176422136     
   1.0000000000000000E-002   162.71484063949342     
   1.0333333333333333E-002   161.36099020589782     
   1.0666666666666666E-002   160.04946009627443     
   1.0999999999999999E-002   158.77813846504611     
   1.1333333333333332E-002   157.54606769554283     
   1.1666666666666665E-002   156.35450243365275     
   1.2000000000000000E-002   155.20651479620838     
   1.2333333333333333E-002   154.10545613686850     
   1.2666666666666666E-002   153.05325632930141     
   1.2999999999999999E-002   152.04959894221977     
   1.3333333333333332E-002   151.09244311966430     
   1.3666666666666666E-002   150.17953293555027     
   1.4000000000000000E-002   149.30994970004707     
   1.4333333333333333E-002   148.48476649122989     
   1.4666666666666666E-002   147.70643708972082     
   1.4999999999999999E-002   146.97733131860568     
   1.5333333333333332E-002   146.29833791990734     
   1.5666666666666666E-002   145.66839224425925     
   1.6000000000000000E-002   145.08520094071241     
   1.6333333333333332E-002   144.54669665134708     
   1.6666666666666666E-002   144.05231631189903     
   1.6999999999999998E-002   143.60332034329423     
   1.7333333333333333E-002   143.20197224519953     
   1.7666666666666667E-002   142.85010292849029     
   1.7999999999999999E-002   142.54795747233729     
   1.8333333333333333E-002   142.29403784115323     
   1.8666666666666665E-002   142.08603200453487     
   1.9000000000000000E-002   141.92224553197863     
   1.9333333333333334E-002   141.80264289874214     
   1.9666666666666666E-002   141.72885176136595     
   2.0000000000000000E-002   141.70313029072838     
   2.0333333333333332E-002   141.72694360670306     
   2.0666666666666667E-002   141.80003943707175     
   2.0999999999999998E-002   141.92060305265016     
   2.1333333333333333E-002   142.08639865050600     
   2.1666666666666667E-002   142.29618625841857     
   2.1999999999999999E-002   142.55052570406397     
   2.2333333333333334E-002   142.85145627391475     
   2.2666666666666665E-002   143.20124157292165     
   2.3000000000000000E-002   143.60095862774270     
   2.3333333333333331E-002   144.04981798404947     
   2.3666666666666666E-002   144.54565358074450     
   2.4000000000000000E-002   145.08629045939705     
   2.4333333333333332E-002   145.67093919601706     
   2.4666666666666667E-002   146.30073280021068     
   2.4999999999999998E-002   146.97804563025360     
   2.5333333333333333E-002   147.70499634822383     
   2.5666666666666667E-002   148.48206294417733     
   2.5999999999999999E-002   149.30769006223932     
   2.6333333333333334E-002   150.17916286878497     
   2.6666666666666665E-002   151.09422517736775     
   2.7000000000000000E-002   152.05243046002687     
   2.7333333333333331E-002   153.05535137644102     
   2.7666666666666666E-002   154.10546986161148     
   2.8000000000000001E-002   155.20440344351678     
   2.8333333333333332E-002   156.35157088614179     
   2.8666666666666667E-002   157.54416332534171     
   2.8999999999999998E-002   158.77848928166551     
   2.9333333333333333E-002   160.05188671218451     
   2.9666666666666664E-002   161.36399522664763     
   2.9999999999999999E-002   162.71653246389204     
   3.0333333333333334E-002   164.11163281771255     
   3.0666666666666665E-002   165.54973050450835     
   3.1000000000000000E-002   167.02831486638709     
   3.1333333333333331E-002   168.54240216619894     
   3.1666666666666662E-002   170.08651591261471     
   3.2000000000000001E-002   171.65698366649946     
   3.2333333333333332E-002   173.25307387227406     
   3.2666666666666663E-002   174.87613851206069     
   3.3000000000000002E-002   176.52715006149776     
   3.3333333333333333E-002   178.20408611240563     
   3.3666666666666664E-002   179.90083101210604     
   3.3999999999999996E-002   181.60842600073579     
   3.4333333333333334E-002   183.31805399946541     
   3.4666666666666665E-002   185.02396002704779     
   3.4999999999999996E-002   186.72436162469305     
   3.5333333333333335E-002   188.41948985055851     
   3.5666666666666666E-002   190.10765739706892     
   3.5999999999999997E-002   191.78163646486652     
   3.6333333333333336E-002   193.42772684517479     
   3.6666666666666667E-002   195.02848468361702     
   3.6999999999999998E-002   196.56784961702729     
   3.7333333333333329E-002   198.03562151910199     
   3.7666666666666668E-002   199.42805211534085     
   3.7999999999999999E-002   200.74307455609974     
   3.8333333333333330E-002   201.97164301324824     
   3.8666666666666669E-002   203.08926850853018     
   3.9000000000000000E-002   204.05260778963020     
   3.9333333333333331E-002   204.80424069652457     
   3.9666666666666663E-002   205.28519596546440     
   4.0000000000000001E-002   205.45102859130728     
