   3.3333331843217230E-006   32.470906814411428     
   3.2999999269843104E-004   32.449544294685118     
   6.6333331858118379E-004   32.570820865057406     
   9.9666664446393643E-004   32.806852170344811     
   1.3299999703466892E-003   33.099516662675107     
   1.6633332962294419E-003   33.377933499655278     
   1.9966666221121949E-003   33.577456098677210     
   2.3299999479949474E-003   33.656260864804842     
   2.6633332738777004E-003   33.604487636586249     
   2.9966665997604534E-003   33.443394582462346     
   3.3299999256432059E-003   33.215342537103261     
   3.6633332515259584E-003   32.968425279718730     
   3.9966665774087114E-003   32.741148917152771     
   4.3299999032914644E-003   32.552204329249264     
   4.6633332291742165E-003   32.398267625684369     
   4.9966665550569694E-003   32.259740032698303     
   5.3299998809397224E-003   32.111543061323900     
   5.6633332068224754E-003   31.934525350214436     
   5.9966665327052283E-003   31.723212445726130     
   6.3299998585879804E-003   31.487363188839456     
   6.6633331844707334E-003   31.247336134572876     
   6.9966665103534864E-003   31.025609707318548     
   7.3299998362362385E-003   30.838074956472770     
   7.6633331621189914E-003   30.688525272805627     
   7.9966664880017444E-003   30.568282572824931     
   8.3299998138844974E-003   30.460778594737398     
   8.6633331397672503E-003   30.349000232564823     
   8.9966664656500033E-003   30.222715012671177     
   9.3299997915327545E-003   30.082626897016645     
   9.6633331174155075E-003   29.939903499274401     
   9.9966664432982605E-003   29.811315948575484     
   1.0329999769181013E-002   29.711850654569240     
   1.0663333095063766E-002   29.647517793292621     
   1.0996666420946519E-002   29.610939945352424     
   1.1329999746829272E-002   29.581277950444594     
   1.1663333072712025E-002   29.528557615281692     
   1.1996666398594778E-002   29.421038138396245     
   1.2329999724477530E-002   29.233371259575186     
   1.2663333050360282E-002   28.953175922130178     
   1.2996666376243035E-002   28.584258829093510     
   1.3329999702125788E-002   28.145782435004651     
   1.3663333028008541E-002   28.188182534740463     
   1.3996666353891294E-002   28.187298403585586     
   1.4329999679774047E-002   28.149327489114562     
   1.4663333005656799E-002   28.084938826266562     
   1.4996666331539552E-002   28.002728076729984     
   1.5329999657422304E-002   27.908800289538735     
   1.5663332983305057E-002   27.806959810552598     
   1.5996666309187810E-002   27.699317672882437     
   1.6329999635070563E-002   27.587104671732725     
   1.6663332960953316E-002   27.471491650505051     
   1.6996666286836069E-002   27.354257291468475     
   1.7329999612718822E-002   27.238197250562067     
   1.7663332938601575E-002   27.127226862852687     
   1.7996666264484328E-002   27.026184576743475     
   1.8329999590367081E-002   26.940388604098185     
   1.8663332916249831E-002   26.875031162565190     
   1.8996666242132584E-002   26.834511500048571     
   1.9329999568015337E-002   26.821810898922994     
   1.9663332893898090E-002   26.838001823402088     
   1.9996666219780843E-002   26.881962101157008     
   2.0329999545663596E-002   26.950336918167867     
   2.0663332871546349E-002   27.037760051093244     
   2.0996666197429101E-002   27.137314634794997     
   2.1329999523311854E-002   27.241185958176175     
   2.1663332849194607E-002   27.341436836527976     
   2.1996666175077360E-002   27.430821882446352     
   2.2329999500960113E-002   27.503551599009711     
   2.2663332826842866E-002   27.555920977534100     
   2.2996666152725619E-002   27.586729759260653     
   2.3329999478608372E-002   27.597441562843176     
   2.3663332804491125E-002   27.592054914201942     
   2.3996666130373878E-002   27.576688578389930     
   2.4329999456256628E-002   27.558913887193995     
   2.4663332782139381E-002   27.546895223284430     
   2.4996666108022134E-002   27.548423722331307     
   2.5329999433904887E-002   27.569946046497087     
   2.5663332759787640E-002   27.615697598819661     
   2.5996666085670393E-002   27.687046174179251     
   2.6329999411553145E-002   27.782136900023087     
   2.6663332737435898E-002   27.895902449755660     
   2.6996666063318651E-002   28.174130787458100     
   2.7329999389201404E-002   28.454585041120318     
   2.7663332715084157E-002   28.723962849323623     
   2.7996666040966910E-002   28.974241093457906     
   2.8329999366849663E-002   29.201968943330282     
   2.8663332692732416E-002   29.408321795210234     
   2.8996666018615169E-002   29.598304782950105     
   2.9329999344497919E-002   29.779203629466011     
   2.9663332670380672E-002   29.958551966998410     
   2.9996665996263425E-002   30.142019792972032     
   3.0329999322146178E-002   30.331689120599396     
   3.0663332648028931E-002   30.525143525575771     
   3.0996665973911684E-002   30.715652214386040     
   3.1329999299794437E-002   30.893496269416101     
   3.1663332625677193E-002   31.048209832118157     
   3.1996665951559942E-002   31.171254982743662     
   3.2329999277442692E-002   31.258483413873495     
   3.2663332603325448E-002   31.311716094502724     
   3.2996665929208198E-002   31.338921026623876     
   3.3329999255090954E-002   31.352775894414240     
   3.3663332580973704E-002   31.367810647657787     
   3.3996665906856460E-002   31.396742936769886     
   3.4329999232739210E-002   31.446937401871459     
   3.4663332558621966E-002   31.518036899275842     
   3.4996665884504716E-002   31.601664684657539     
   3.5329999210387472E-002   31.683675397105098     
   3.5663332536270222E-002   31.748804175501554     
   3.5996665862152978E-002   31.786858033945506     
   3.6329999188035728E-002   31.798985498686857     
   3.6663332513918484E-002   31.802228651991925     
   3.6996665839801234E-002   31.830645272434452     
   3.7329999165683983E-002   31.931843915466121     
   3.7663332491566739E-002   32.158745902506929     
   3.7996665817449489E-002   32.557602461786743     
   3.8329999143332245E-002   33.154486207790100     
   3.8663332469214995E-002   33.943334833688041     
   3.8996665795097751E-002   34.878870624755990     
   3.9329999120980501E-002   35.877175396342238     
   3.9663332446863257E-002   36.825356527587211     
   3.9996665772746007E-002   37.599784226097597     
