   0.0000000000000000        141.39668959264498     
   3.3333333333333332E-004   141.41392604158685     
   6.6666666666666664E-004   141.45948710397542     
   1.0000000000000000E-003   141.51992718633963     
   1.3333333333333333E-003   141.58550126824778     
   1.6666666666666666E-003   141.65832736403453     
   2.0000000000000000E-003   141.75106855981011     
   2.3333333333333331E-003   141.87704578908892     
   2.6666666666666666E-003   142.03967716502680     
   3.0000000000000001E-003   142.22993199780240     
   3.3333333333333331E-003   142.43424056902165     
   3.6666666666666666E-003   142.64677554281698     
   4.0000000000000001E-003   142.87603136190339     
   4.3333333333333331E-003   143.13970510211715     
   4.6666666666666662E-003   143.45125781639456     
   5.0000000000000001E-003   143.80893502525024     
   5.3333333333333332E-003   144.19715814340452     
   5.6666666666666662E-003   144.60089360119059     
   6.0000000000000001E-003   145.02254121748655     
   6.3333333333333332E-003   145.48697252698420     
   6.6666666666666662E-003   146.02789518371094     
   7.0000000000000001E-003   146.66341644922107     
   7.3333333333333332E-003   147.37984627978659     
   7.6666666666666662E-003   148.14078135639690     
   8.0000000000000002E-003   148.92231634912770     
   8.3333333333333332E-003   149.75447287858307     
   8.6666666666666663E-003   150.73831925577508     
   8.9999999999999993E-003   152.01751866817369     
   9.3333333333333324E-003   153.70928720277942     
   9.6666666666666672E-003   155.82777844400761     
   1.0000000000000000E-002   158.24423356546001     
   1.0333333333333333E-002   160.71318857979125     
   1.0666666666666666E-002   162.95912633675599     
   1.0999999999999999E-002   164.78303650948232     
   1.1333333333333332E-002   166.13475250446032     
   1.1666666666666665E-002   167.11402496696471     
   1.2000000000000000E-002   167.90196858518868     
   1.2333333333333333E-002   168.66229058294371     
   1.2666666666666666E-002   169.46636011653166     
   1.2999999999999999E-002   170.27947583089323     
   1.3333333333333332E-002   171.00840298492736     
   1.3666666666666666E-002   171.57527534640076     
   1.4000000000000000E-002   171.97096560234192     
   1.4333333333333333E-002   172.25783950275530     
   1.4666666666666666E-002   172.52539497026996     
   1.4999999999999999E-002   172.83103995222484     
   1.5333333333333332E-002   173.16488958988984     
   1.5666666666666666E-002   173.45948201931463     
   1.6000000000000000E-002   173.63565861500609     
   1.6333333333333332E-002   173.65375701160633     
   1.6666666666666666E-002   173.53777632734221     
   1.6999999999999998E-002   173.35852490071892     
   1.7333333333333333E-002   173.18706169264524     
   1.7666666666666667E-002   173.04617937697543     
   1.7999999999999999E-002   172.88662901671455     
   1.8333333333333333E-002   172.59924661043181     
   1.8666666666666665E-002   172.05519603237892     
   1.9000000000000000E-002   171.15516375233418     
   1.9333333333333334E-002   169.86857308809829     
   1.9666666666666666E-002   168.25185247205553     
   2.0000000000000000E-002   166.44334660894549     
   2.0333333333333332E-002   164.63723874982497     
   2.0666666666666667E-002   163.04088568714920     
   2.0999999999999998E-002   161.82311723831924     
   2.1333333333333333E-002   161.06689493693364     
   2.1666666666666667E-002   160.74460598510188     
   2.1999999999999999E-002   160.73153193695995     
   2.2333333333333334E-002   160.85909074178113     
   2.2666666666666665E-002   160.98882707482636     
   2.3000000000000000E-002   161.07271505855567     
   2.3333333333333331E-002   161.16721274048365     
   2.3666666666666666E-002   161.39071356190476     
   2.4000000000000000E-002   161.84618518463253     
   2.4333333333333332E-002   162.55367878926788     
   2.4666666666666667E-002   163.43484834396151     
   2.4999999999999998E-002   164.36204749037591     
   2.5333333333333333E-002   165.24410264709331     
   2.5666666666666667E-002   166.09474835439826     
   2.5999999999999999E-002   167.03652139996314     
   2.6333333333333334E-002   168.23146928658875     
   2.6666666666666665E-002   169.77819077398988     
   2.7000000000000000E-002   171.64189678262943     
   2.7333333333333331E-002   173.67049696469584     
   2.7666666666666666E-002   175.69984936695352     
   2.8000000000000001E-002   177.69349835853802     
   2.8333333333333332E-002   179.83217855360655     
   2.8666666666666667E-002   182.48735781234419     
   2.8999999999999998E-002   186.07381770521712     
   2.9333333333333333E-002   190.84564956751325     
   2.9666666666666664E-002   196.73799248562833     
   2.9999999999999999E-002   203.33992877566990     
   3.0333333333333334E-002   210.01970490924060     
   3.0666666666666665E-002   216.14647945799683     
   3.1000000000000000E-002   221.30502610502415     
   3.1333333333333331E-002   225.40650035800607     
   3.1666666666666662E-002   228.65419470999478     
   3.2000000000000001E-002   231.39625733707106     
   3.2333333333333332E-002   233.94814510588293     
   3.2666666666666663E-002   236.47138913909356     
   3.3000000000000002E-002   238.95472229411345     
   3.3333333333333333E-002   241.28506444087728     
   3.3666666666666664E-002   243.35250716156182     
   3.3999999999999996E-002   245.12632023174703     
   3.4333333333333334E-002   246.66667318408028     
   3.4666666666666665E-002   248.07884183679153     
   3.4999999999999996E-002   249.44768486246596     
   3.5333333333333335E-002   250.79460165407750     
   3.5666666666666666E-002   252.07882008360710     
   3.5999999999999997E-002   253.23530288295009     
   3.6333333333333336E-002   254.22123248657982     
   3.6666666666666667E-002   255.04220730938573     
   3.6999999999999998E-002   255.74541966669153     
   3.7333333333333329E-002   256.38827974455955     
   3.7666666666666668E-002   257.00421720299482     
   3.7999999999999999E-002   257.58626018357165     
   3.8333333333333330E-002   258.09614846203516     
   3.8666666666666669E-002   258.49106994839843     
   3.9000000000000000E-002   258.75078436291329     
   3.9333333333333331E-002   258.88929960783355     
   3.9666666666666663E-002   258.94537938023689     
   4.0000000000000001E-002   258.95858253843733     
