   3.3333331843217230E-006   33.264942905110779     
   3.2999999269843104E-004   33.536730132267053     
   6.6333331858118379E-004   33.997347202691827     
   9.9666664446393643E-004   34.592439009397332     
   1.3299999703466892E-003   35.233666008789193     
   1.6633332962294419E-003   35.821924609782926     
   1.9966666221121949E-003   36.278315260990091     
   2.3299999479949474E-003   36.568484876605076     
   2.6633332738777004E-003   36.711713253030076     
   2.9966665997604534E-003   36.771536909245576     
   3.3299999256432059E-003   36.831420056072375     
   3.6633332515259584E-003   36.964439762011118     
   3.9966665774087114E-003   37.208051029360618     
   4.3299999032914644E-003   37.552929970758605     
   4.6633332291742165E-003   37.949472830860984     
   4.9966665550569694E-003   38.328866633562171     
   5.3299998809397224E-003   38.630311038770976     
   5.6633332068224754E-003   38.823967463845442     
   5.9966665327052283E-003   38.921210905903479     
   6.3299998585879804E-003   38.968868132374439     
   6.6633331844707334E-003   39.030282820338293     
   6.9966665103534864E-003   39.160871809947267     
   7.3299998362362385E-003   39.387559442469410     
   7.6633331621189914E-003   39.699598723624916     
   7.9966664880017444E-003   40.053701128451408     
   8.3299998138844974E-003   40.390964999363348     
   8.6633331397672503E-003   40.658882112130357     
   8.9966664656500033E-003   40.830188697958121     
   9.3299997915327545E-003   40.911886034735389     
   9.6633331174155075E-003   40.941607864103247     
   9.9966664432982605E-003   40.973108617074367     
   1.0329999769181013E-002   41.056303925857144     
   1.0663333095063766E-002   41.218816555433392     
   1.0996666420946519E-002   41.455036327456540     
   1.1329999746829272E-002   41.725850735156662     
   1.1663333072712025E-002   41.968593200259598     
   1.1996666398594778E-002   42.113657171761623     
   1.2329999724477530E-002   42.102574291439943     
   1.2663333050360282E-002   41.902488499417899     
   1.2996666376243035E-002   41.513583657897101     
   1.3329999702125788E-002   40.968416240398241     
   1.3663333028008541E-002   41.527506559171592     
   1.3996666353891294E-002   42.027395122810717     
   1.4329999679774047E-002   42.482846346572366     
   1.4663333005656799E-002   42.915355271907359     
   1.4996666331539552E-002   43.338799110700208     
   1.5329999657422304E-002   43.758983135812308     
   1.5663332983305057E-002   44.174517529947948     
   1.5996666309187810E-002   44.578582134599479     
   1.6329999635070563E-002   44.961120616128092     
   1.6663332960953316E-002   45.311055782019935     
   1.6996666286836069E-002   45.618209627555871     
   1.7329999612718822E-002   45.874722807071890     
   1.7663332938601575E-002   46.075880050555952     
   1.7996666264484328E-002   46.220346867326839     
   1.8329999590367081E-002   46.309899966706134     
   1.8663332916249831E-002   46.348785001706489     
   1.8996666242132584E-002   46.342860080577452     
   1.9329999568015337E-002   46.298684380832142     
   1.9663332893898090E-002   46.222692410133732     
   1.9996666219780843E-002   46.120561313278877     
   2.0329999545663596E-002   45.996836837806889     
   2.0663332871546349E-002   45.854838737745695     
   2.0996666197429101E-002   45.696823623142926     
   2.1329999523311854E-002   45.524346901594690     
   2.1663332849194607E-002   45.338738894116460     
   2.1996666175077360E-002   45.141595712668270     
   2.2329999500960113E-002   44.935184115132650     
   2.2663332826842866E-002   44.722671112204253     
   2.2996666152725619E-002   44.508112202931393     
   2.3329999478608372E-002   44.296164328487627     
   2.3663332804491125E-002   44.091527702780823     
   2.3996666130373878E-002   43.898160801249027     
   2.4329999456256628E-002   43.718350898568410     
   2.4663332782139381E-002   43.551754573607695     
   2.4996666108022134E-002   43.394544708139627     
   2.5329999433904887E-002   43.238809301568075     
   2.5663332759787640E-002   43.072340186591163     
   2.5996666085670393E-002   42.878924689209633     
   2.6329999411553145E-002   42.639209957841224     
   2.6663332737435898E-002   42.332149326367485     
   2.6996666063318651E-002   42.489772494572321     
   2.7329999389201404E-002   42.587453669633014     
   2.7663332715084157E-002   42.599462669164765     
   2.7996666040966910E-002   42.514710449983966     
   2.8329999366849663E-002   42.332948743629728     
   2.8663332692732416E-002   42.064527952671888     
   2.8996666018615169E-002   41.728272279531410     
   2.9329999344497919E-002   41.347789521409780     
   2.9663332670380672E-002   40.946907851370234     
   2.9996665996263425E-002   40.545179923538399     
   3.0329999322146178E-002   40.154442234787773     
   3.0663332648028931E-002   39.777233259668819     
   3.0996665973911684E-002   39.407480802722979     
   3.1329999299794437E-002   39.033345777467311     
   3.1663332625677193E-002   38.641575666595386     
   3.1996665951559942E-002   38.222310090810488     
   3.2329999277442692E-002   37.773108207854463     
   3.2663332603325448E-002   37.301097358404064     
   3.2996665929208198E-002   36.822566246317940     
   3.3329999255090954E-002   36.359958442276877     
   3.3663332580973704E-002   35.936915471933069     
   3.3996665906856460E-002   35.572596557958072     
   3.4329999232739210E-002   35.276802525847550     
   3.4663332558621966E-002   35.047351551721391     
   3.4996665884504716E-002   34.870682270503806     
   3.5329999210387472E-002   34.725884694951048     
   3.5663332536270222E-002   34.591456967952041     
   3.5996665862152978E-002   34.453278700965946     
   3.6329999188035728E-002   34.311794871444988     
   3.6663332513918484E-002   34.186370408220363     
   3.6996665839801234E-002   34.115251672612892     
   3.7329999165683983E-002   34.150480944602137     
   3.7663332491566739E-002   34.348267433272355     
   3.7996665817449489E-002   34.756467560262166     
   3.8329999143332245E-002   35.401701943487822     
   3.8663332469214995E-002   36.279021175788166     
   3.8996665795097751E-002   37.346811569705132     
   3.9329999120980501E-002   38.528814574227525     
   3.9663332446863257E-002   39.723849363625234     
   3.9996665772746007E-002   40.822298938869565     
