   3.3333331843217230E-006   36.045220600522647     
   3.2999999269843104E-004   36.051273139499827     
   6.6333331858118379E-004   36.069661151699300     
   9.9666664446393643E-004   36.100334236936945     
   1.3299999703466892E-003   36.143208322550024     
   1.6633332962294419E-003   36.198165893833533     
   1.9966666221121949E-003   36.265056316138669     
   2.3299999479949474E-003   36.343696247750451     
   2.6633332738777004E-003   36.433870142412729     
   2.9966665997604534E-003   36.535330840123322     
   3.3299999256432059E-003   36.647800244579948     
   3.6633332515259584E-003   36.770970085420124     
   3.9966665774087114E-003   36.904502763165794     
   4.3299999032914644E-003   37.048032274556803     
   4.6633332291742165E-003   37.201165215736893     
   4.9966665550569694E-003   37.363481860542677     
   5.3299998809397224E-003   37.534537310939982     
   5.6633332068224754E-003   37.713862716454472     
   5.9966665327052283E-003   37.900966559254037     
   6.3299998585879804E-003   38.095336001360756     
   6.6633331844707334E-003   38.296438290299832     
   6.9966665103534864E-003   38.503722219332708     
   7.3299998362362385E-003   38.716619638272036     
   7.6633331621189914E-003   38.934547010737447     
   7.9966664880017444E-003   39.156907013583805     
   8.3299998138844974E-003   39.383090174118152     
   8.6633331397672503E-003   39.612476540617813     
   8.9966664656500033E-003   39.844437381570785     
   9.3299997915327545E-003   40.078336908981200     
   9.6633331174155075E-003   40.313534021016174     
   9.9966664432982605E-003   40.549384059217772     
   1.0329999769181013E-002   40.785240575463639     
   1.0663333095063766E-002   41.020457103833174     
   1.0996666420946519E-002   41.254388932522673     
   1.1329999746829272E-002   41.486394870953092     
   1.1663333072712025E-002   41.715839007226322     
   1.1996666398594778E-002   41.942092451113545     
   1.2329999724477530E-002   42.164535057797785     
   1.2663333050360282E-002   42.382557127646422     
   1.2996666376243035E-002   42.595561077354340     
   1.3329999702125788E-002   42.802963077877557     
   1.3663333028008541E-002   43.004194654667579     
   1.3996666353891294E-002   43.198704245820679     
   1.4329999679774047E-002   43.385958713870927     
   1.4663333005656799E-002   43.565444807083779     
   1.4996666331539552E-002   43.736670566244200     
   1.5329999657422304E-002   43.899166673084181     
   1.5663332983305057E-002   44.052487736653106     
   1.5996666309187810E-002   44.196213514105466     
   1.6329999635070563E-002   44.329950062559597     
   1.6663332960953316E-002   44.453330818870306     
   1.6996666286836069E-002   44.566017604355956     
   1.7329999612718822E-002   44.667701551725877     
   1.7663332938601575E-002   44.758103951667586     
   1.7996666264484328E-002   44.836977016773233     
   1.8329999590367081E-002   44.904104560711595     
   1.8663332916249831E-002   44.959302590783764     
   1.8996666242132584E-002   45.002419812238585     
   1.9329999568015337E-002   45.033338042965312     
   1.9663332893898090E-002   45.051972537427069     
   1.9996666219780843E-002   45.058272218946939     
   2.0329999545663596E-002   45.052219819710125     
   2.0663332871546349E-002   45.033831928098465     
   2.0996666197429101E-002   45.003158943227390     
   2.1329999523311854E-002   44.960284936809948     
   2.1663332849194607E-002   44.905327422726650     
   2.1996666175077360E-002   44.838437034932440     
   2.2329999500960113E-002   44.759797114583762     
   2.2663332826842866E-002   44.669623207517368     
   2.2996666152725619E-002   44.568162473458145     
   2.3329999478608372E-002   44.455693008575217     
   2.3663332804491125E-002   44.332523083243302     
   2.3996666130373878E-002   44.198990297098355     
   2.4329999456256628E-002   44.055460653703534     
   2.4663332782139381E-002   43.902327557361659     
   2.4996666108022134E-002   43.740010734823848     
   2.5329999433904887E-002   43.568955084849968     
   2.5663332759787640E-002   43.389629458773825     
   2.5996666085670393E-002   43.202525375415895     
   2.6329999411553145E-002   43.008155673865581     
   2.6663332737435898E-002   42.807053107825794     
   2.6996666063318651E-002   42.599768885372519     
   2.7329999389201404E-002   42.386871158132081     
   2.7663332715084157E-002   42.168943464016706     
   2.7996666040966910E-002   41.946583127787157     
   2.8329999366849663E-002   41.720399623826140     
   2.8663332692732416E-002   41.491012905610155     
   2.8996666018615169E-002   41.259051706458450     
   2.9329999344497919E-002   41.025151816216841     
   2.9663332670380672E-002   40.789954338599607     
   2.9996665996263425E-002   40.554103933966218     
   3.0329999322146178E-002   40.318247052349328     
   3.0663332648028931E-002   40.083030161576943     
   3.0996665973911684E-002   39.849097975345778     
   3.1329999299794437E-002   39.617091686102114     
   3.1663332625677193E-002   39.387647207574169     
   3.1996665951559942E-002   39.161393431772666     
   3.2329999277442692E-002   38.938950505237472     
   3.2663332603325448E-002   38.720928129254673     
   3.2996665929208198E-002   38.507923888703395     
   3.3329999255090954E-002   38.300521614112611     
   3.3663332580973704E-002   38.099289781417802     
   3.3996665906856460E-002   37.904779953803256     
   3.4329999232739210E-002   37.717525269901223     
   3.4663332558621966E-002   37.538038982491408     
   3.4996665884504716E-002   37.366813051706309     
   3.5329999210387472E-002   37.204316796598256     
   3.5663332536270222E-002   37.050995608764282     
   3.5996665862152978E-002   36.907269731554486     
   3.6329999188035728E-002   36.773533108210302     
   3.6663332513918484E-002   36.650152302089637     
   3.6996665839801234E-002   36.537465491938562     
   3.7329999165683983E-002   36.435781544963554     
   3.7663332491566739E-002   36.345379170244847     
   3.7996665817449489E-002   36.266506154811402     
   3.8329999143332245E-002   36.199378684471263     
   3.8663332469214995E-002   36.144180751259171     
   3.8996665795097751E-002   36.101063649125173     
   3.9329999120980501E-002   36.070145559246903     
   3.9663332446863257E-002   36.051511226101887     
   3.9996665772746007E-002   36.045211725187976     
