   3.3333331843217230E-006   35.617473809976680     
   3.2999999269843104E-004   35.574054545270869     
   6.6333331858118379E-004   35.662370828338943     
   9.9666664446393643E-004   35.881560934375450     
   1.3299999703466892E-003   36.218252907427861     
   1.6633332962294419E-003   36.649483440081610     
   1.9966666221121949E-003   37.144784774812969     
   2.3299999479949474E-003   37.669652396089276     
   2.6633332738777004E-003   38.190142090152939     
   2.9966665997604534E-003   38.678013927815151     
   3.3299999256432059E-003   39.115517841731105     
   3.6633332515259584E-003   39.498708396959266     
   3.9966665774087114E-003   39.838208017131755     
   4.3299999032914644E-003   40.156704760276540     
   4.6633332291742165E-003   40.483187775349556     
   4.9966665550569694E-003   40.844875722243749     
   5.3299998809397224E-003   41.258721702301031     
   5.6633332068224754E-003   41.724928159389478     
   5.9966665327052283E-003   42.224745618199755     
   6.3299998585879804E-003   42.723813379526931     
   6.6633331844707334E-003   43.180602753571613     
   6.9966665103534864E-003   43.557666071028947     
   7.3299998362362385E-003   43.832105525621415     
   7.6633331621189914E-003   44.001596325355159     
   7.9966664880017444E-003   44.083653675625747     
   8.3299998138844974E-003   44.108236477440009     
   8.6633331397672503E-003   44.106316433697252     
   8.9966664656500033E-003   44.098634902694748     
   9.3299997915327545E-003   44.088792246240985     
   9.6633331174155075E-003   44.063060350600928     
   9.9966664432982605E-003   43.996630719034499     
   1.0329999769181013E-002   43.863568014000776     
   1.0663333095063766E-002   43.646544429112502     
   1.0996666420946519E-002   43.342882952760384     
   1.1329999746829272E-002   42.965186607774640     
   1.1663333072712025E-002   42.537012165514533     
   1.1996666398594778E-002   42.085735074296224     
   1.2329999724477530E-002   41.635374087924731     
   1.2663333050360282E-002   41.201660411113188     
   1.2996666376243035E-002   40.790451057634179     
   1.3329999702125788E-002   40.399282616942671     
   1.3663333028008541E-002   40.020926211286223     
   1.3996666353891294E-002   39.647463700608021     
   1.4329999679774047E-002   39.273613230818867     
   1.4663333005656799E-002   38.898568239269729     
   1.4996666331539552E-002   38.526215442524794     
   1.5329999657422304E-002   38.164063850216088     
   1.5663332983305057E-002   37.821456089559717     
   1.5996666309187810E-002   37.507652528034122     
   1.6329999635070563E-002   37.230246111287094     
   1.6663332960953316E-002   36.994167267154538     
   1.6996666286836069E-002   36.801345215040072     
   1.7329999612718822E-002   36.650947383264672     
   1.7663332938601575E-002   36.540036437083636     
   1.7996666264484328E-002   36.464458120109995     
   1.8329999590367081E-002   36.419785900990092     
   1.8663332916249831E-002   36.402181805207142     
   1.8996666242132584E-002   36.409071952762012     
   1.9329999568015337E-002   36.439571194310410     
   1.9663332893898090E-002   36.494620590893390     
   1.9996666219780843E-002   36.576825552659983     
   2.0329999545663596E-002   36.690005170791807     
   2.0663332871546349E-002   36.838489327708409     
   2.0996666197429101E-002   37.026233000967800     
   2.1329999523311854E-002   37.255856996136082     
   2.1663332849194607E-002   37.527766300052463     
   2.1996666175077360E-002   37.839530286815204     
   2.2329999500960113E-002   38.185716332983226     
   2.2663332826842866E-002   38.558330574159108     
   2.2996666152725619E-002   38.947921069948521     
   2.3329999478608372E-002   39.345237656490639     
   2.3663332804491125E-002   39.743141380119781     
   2.3996666130373878E-002   40.138267030770734     
   2.4329999456256628E-002   40.531843266736587     
   2.4663332782139381E-002   40.929149910530107     
   2.4996666108022134E-002   41.337393609793956     
   2.5329999433904887E-002   41.762288780293524     
   2.5663332759787640E-002   42.204213658638558     
   2.5996666085670393E-002   42.655249778194801     
   2.6329999411553145E-002   43.098457592783383     
   2.6663332737435898E-002   43.510229085794002     
   2.6996666063318651E-002   43.865536120710139     
   2.7329999389201404E-002   44.144672445876985     
   2.7663332715084157E-002   44.339175636264493     
   2.7996666040966910E-002   44.454513785182783     
   2.8329999366849663E-002   44.508059041926273     
   2.8663332692732416E-002   44.522613281899972     
   2.8996666018615169E-002   44.517626375950051     
   2.9329999344497919E-002   44.501407977141739     
   2.9663332670380672E-002   44.467469927778389     
   2.9996665996263425E-002   44.396614631798997     
   3.0329999322146178E-002   44.264113152741970     
   3.0663332648028931E-002   44.049277605553236     
   3.0996665973911684E-002   43.743810956677919     
   3.1329999299794437E-002   43.355879237101092     
   3.1663332625677193E-002   42.908590769627786     
   3.1996665951559942E-002   42.433692132082157     
   3.2329999277442692E-002   41.962922340857745     
   3.2663332603325448E-002   41.520032980557680     
   3.2996665929208198E-002   41.115915798349320     
   3.3329999255090954E-002   40.747962090741055     
   3.3663332580973704E-002   40.403302631602735     
   3.3996665906856460E-002   40.064472832908791     
   3.4329999232739210E-002   39.715598291396930     
   3.4663332558621966E-002   39.347395643068523     
   3.4996665884504716E-002   38.959917646485998     
   3.5329999210387472E-002   38.562746524170763     
   3.5663332536270222E-002   38.173003371694506     
   3.5996665862152978E-002   37.811948801449375     
   3.6329999188035728E-002   37.501072268457733     
   3.6663332513918484E-002   37.258461657962037     
   3.6996665839801234E-002   37.096007423594727     
   3.7329999165683983E-002   37.017722908720316     
   3.7663332491566739E-002   37.019224972939000     
   3.7996665817449489E-002   37.088253340558794     
   3.8329999143332245E-002   37.206019731546604     
   3.8663332469214995E-002   37.349154912898221     
   3.8996665795097751E-002   37.492039487734452     
   3.9329999120980501E-002   37.609337289361953     
   3.9663332446863257E-002   37.678577620231415     
   3.9996665772746007E-002   37.682640449220543     
