   3.3333331843217230E-006   32.308163526665631     
   3.2999999269843104E-004   32.625817858627755     
   6.6333331858118379E-004   33.126815472779612     
   9.9666664446393643E-004   33.756773088165964     
   1.3299999703466892E-003   34.430212294014289     
   1.6633332962294419E-003   35.052056528048034     
   1.9966666221121949E-003   35.547615148501528     
   2.3299999479949474E-003   35.885919273921246     
   2.6633332738777004E-003   36.088028076446911     
   2.9966665997604534E-003   36.217296348571594     
   3.3299999256432059E-003   36.355201357417208     
   3.6633332515259584E-003   36.571644394909711     
   3.9966665774087114E-003   36.900609245765231     
   4.3299999032914644E-003   37.329909494211634     
   4.6633332291742165E-003   37.808331910090558     
   4.9966665550569694E-003   38.266901944055405     
   5.3299998809397224E-003   38.645805257301554     
   5.6633332068224754E-003   38.916658005263258     
   5.9966665327052283E-003   39.091943955464821     
   6.3299998585879804E-003   39.218589418261260     
   6.6633331844707334E-003   39.358749069261599     
   6.9966665103534864E-003   39.565562008949968     
   7.3299998362362385E-003   39.863187980864716     
   7.6633331621189914E-003   40.238410030287461     
   7.9966664880017444E-003   40.646437634430647     
   8.3299998138844974E-003   41.028151891685425     
   8.6633331397672503E-003   41.331954498715461     
   8.9966664656500033E-003   41.532043296622049     
   9.3299997915327545E-003   41.636650688097085     
   9.6633331174155075E-003   41.683712271352093     
   9.9966664432982605E-003   41.726004570003170     
   1.0329999769181013E-002   41.811328363126059     
   1.0663333095063766E-002   41.964664109346103     
   1.0996666420946519E-002   42.178118005147446     
   1.1329999746829272E-002   42.411525708915541     
   1.1663333072712025E-002   42.602966995203424     
   1.1996666398594778E-002   42.685436063156160     
   1.2329999724477530E-002   42.604414611555342     
   1.2663333050360282E-002   42.331393007624136     
   1.2996666376243035E-002   41.870137207145376     
   1.3329999702125788E-002   41.254947374099011     
   1.3663333028008541E-002   41.681454150483241     
   1.3996666353891294E-002   42.043991557464963     
   1.4329999679774047E-002   42.361746225242314     
   1.4663333005656799E-002   42.659579817076249     
   1.4996666331539552E-002   42.954424902274177     
   1.5329999657422304E-002   43.254960426789843     
   1.5663332983305057E-002   43.562580591696410     
   1.5996666309187810E-002   43.873195447300652     
   1.6329999635070563E-002   44.179398871378119     
   1.6663332960953316E-002   44.472600976274165     
   1.6996666286836069E-002   44.744822321115699     
   1.7329999612718822E-002   44.989963722557711     
   1.7663332938601575E-002   45.204479365843497     
   1.7996666264484328E-002   45.387478918390215     
   1.8329999590367081E-002   45.540358279405169     
   1.8663332916249831E-002   45.666104987037549     
   1.8996666242132584E-002   45.768443472660472     
   1.9329999568015337E-002   45.850980402219797     
   1.9663332893898090E-002   45.916486166283406     
   1.9996666219780843E-002   45.966410985132704     
   2.0329999545663596E-002   46.000689127516040     
   2.0663332871546349E-002   46.017838166901520     
   2.0996666197429101E-002   46.015317141382049     
   2.1329999523311854E-002   45.990072174026949     
   2.1663332849194607E-002   45.939173710983724     
   2.1996666175077360E-002   45.860438016008636     
   2.2329999500960113E-002   45.752927637465383     
   2.2663332826842866E-002   45.617240699018346     
   2.2996666152725619E-002   45.455525350453129     
   2.3329999478608372E-002   45.271190839751689     
   2.3663332804491125E-002   45.068326953669924     
   2.3996666130373878E-002   44.850885049791025     
   2.4329999456256628E-002   44.621712381028907     
   2.4663332782139381E-002   44.381562748881748     
   2.4996666108022134E-002   44.128226844567912     
   2.5329999433904887E-002   43.855931578350450     
   2.5663332759787640E-002   43.555146639858329     
   2.5996666085670393E-002   43.212906921186857     
   2.6329999411553145E-002   42.813711159651071     
   2.6663332737435898E-002   42.340991986454341     
   2.6996666063318651E-002   42.380130874689613     
   2.7329999389201404E-002   42.358927537432443     
   2.7663332715084157E-002   42.251986995515118     
   2.7996666040966910E-002   42.050442864916405     
   2.8329999366849663E-002   41.757364901496018     
   2.8663332692732416E-002   41.387006887448528     
   2.8996666018615169E-002   40.962057838313953     
   2.9329999344497919E-002   40.509337697197459     
   2.9663332670380672E-002   40.054753883293088     
   2.9996665996263425E-002   39.618556675494567     
   3.0329999322146178E-002   39.211929855430142     
   3.0663332648028931E-002   38.835706430098426     
   3.0996665973911684E-002   38.481544675889268     
   3.1329999299794437E-002   38.135330461859873     
   3.1663332625677193E-002   37.782019498922544     
   3.1996665951559942E-002   37.410737999743063     
   3.2329999277442692E-002   37.018835412029532     
   3.2663332603325448E-002   36.613782407907607     
   3.2996665929208198E-002   36.212306071685290     
   3.3329999255090954E-002   35.836847063381612     
   3.3663332580973704E-002   35.510145455252577     
   3.3996665906856460E-002   35.249326222748238     
   3.4329999232739210E-002   35.061100962436093     
   3.4663332558621966E-002   34.939538643664939     
   3.4996665884504716E-002   34.867294529371350     
   3.5329999210387472E-002   34.820337788230617     
   3.5663332536270222E-002   34.775282925548346     
   3.5996665862152978E-002   34.717643308411127     
   3.6329999188035728E-002   34.648900342814493     
   3.6663332513918484E-002   34.590354509150529     
   3.6996665839801234E-002   34.582312408255817     
   3.7329999165683983E-002   34.678157872595968     
   3.7663332491566739E-002   34.934041149008301     
   3.7996665817449489E-002   35.396029756118097     
   3.8329999143332245E-002   36.087339288130259     
   3.8663332469214995E-002   36.998514787641348     
   3.8996665795097751E-002   38.083089239634148     
   3.9329999120980501E-002   39.260356953642024     
   3.9663332446863257E-002   40.425625380366434     
   3.9996665772746007E-002   41.466875280306724     
