   3.3333331843217230E-006   38.435811618800770     
   3.2999999269843104E-004   38.020359496848300     
   6.6333331858118379E-004   37.627715277894893     
   9.9666664446393643E-004   37.297030361110231     
   1.3299999703466892E-003   37.044167632309410     
   1.6633332962294419E-003   36.868006117396966     
   1.9966666221121949E-003   36.751114407456853     
   2.3299999479949474E-003   36.663736995701271     
   2.6633332738777004E-003   36.570872645867986     
   2.9966665997604534E-003   36.441431314201445     
   3.3299999256432059E-003   36.257666984919545     
   3.6633332515259584E-003   36.022538897343601     
   3.9966665774087114E-003   35.762621958325248     
   4.3299999032914644E-003   35.524875430660643     
   4.6633332291742165E-003   35.367016344098758     
   4.9966665550569694E-003   35.343183070995607     
   5.3299998809397224E-003   35.488470007291546     
   5.6633332068224754E-003   35.807034601214525     
   5.9966665327052283E-003   36.268159340713687     
   6.3299998585879804E-003   36.812629712106464     
   6.6633331844707334E-003   37.368463991547074     
   6.9966665103534864E-003   37.871487061886000     
   7.3299998362362385E-003   38.283924449731167     
   7.6633331621189914E-003   38.604301520233811     
   7.9966664880017444E-003   38.864771867943276     
   8.3299998138844974E-003   39.116660683995747     
   8.6633331397672503E-003   39.409626943941696     
   8.9966664656500033E-003   39.772398950085126     
   9.3299997915327545E-003   40.202325058569102     
   9.6633331174155075E-003   40.667278304436053     
   9.9966664432982605E-003   41.118414835865437     
   1.0329999769181013E-002   41.508144572333343     
   1.0663333095063766E-002   41.806147198098643     
   1.0996666420946519E-002   42.007774080457629     
   1.1329999746829272E-002   42.132748649669843     
   1.1663333072712025E-002   42.215966714246200     
   1.1996666398594778E-002   42.294780998183100     
   1.2329999724477530E-002   42.397635574018018     
   1.2663333050360282E-002   42.537519558965855     
   1.2996666376243035E-002   42.711367204188100     
   1.3329999702125788E-002   42.904329327545682     
   1.3663333028008541E-002   43.096537689081572     
   1.3996666353891294E-002   43.269798497202849     
   1.4329999679774047E-002   43.412334550268660     
   1.4663333005656799E-002   43.520766847316629     
   1.4996666331539552E-002   43.599523579238927     
   1.5329999657422304E-002   43.658501326082551     
   1.5663332983305057E-002   43.710007642052730     
   1.5996666309187810E-002   43.765874533212262     
   1.6329999635070563E-002   43.835309736709370     
   1.6663332960953316E-002   43.923702530949541     
   1.6996666286836069E-002   44.032327189856922     
   1.7329999612718822E-002   44.158732074413500     
   1.7663332938601575E-002   44.297557842778168     
   1.7996666264484328E-002   44.441558655521739     
   1.8329999590367081E-002   44.582663078727833     
   1.8663332916249831E-002   44.712972001838281     
   1.8996666242132584E-002   44.825629513359885     
   1.9329999568015337E-002   44.915515208382139     
   1.9663332893898090E-002   44.979701147909630     
   1.9996666219780843E-002   45.017609106891477     
   2.0329999545663596E-002   45.030810632698767     
   2.0663332871546349E-002   45.022446548878925     
   2.0996666197429101E-002   44.996308232020901     
   2.1329999523311854E-002   44.955713267353204     
   2.1663332849194607E-002   44.902403594139351     
   2.1996666175077360E-002   44.835764885344275     
   2.2329999500960113E-002   44.752675981401232     
   2.2663332826842866E-002   44.648214844947368     
   2.2996666152725619E-002   44.517258005910335     
   2.3329999478608372E-002   44.356731102458156     
   2.3663332804491125E-002   44.167959122049737     
   2.3996666130373878E-002   43.958328611774952     
   2.4329999456256628E-002   43.741434174355675     
   2.4663332782139381E-002   43.535139672908343     
   2.4996666108022134E-002   43.357562007165043     
   2.5329999433904887E-002   43.221771824278790     
   2.5663332759787640E-002   43.130747956600331     
   2.5996666085670393E-002   43.074482419114254     
   2.6329999411553145E-002   43.030818060527906     
   2.6663332737435898E-002   42.970531324205695     
   2.6996666063318651E-002   42.865601943664288     
   2.7329999389201404E-002   42.698114511869747     
   2.7663332715084157E-002   42.466515186103791     
   2.7996666040966910E-002   42.186502018567602     
   2.8329999366849663E-002   41.885651141081681     
   2.8663332692732416E-002   41.593346497772615     
   2.8996666018615169E-002   41.329649272130659     
   2.9329999344497919E-002   41.097431257016993     
   2.9663332670380672E-002   40.880981342472801     
   2.9996665996263425E-002   40.651775598006893     
   3.0329999322146178E-002   40.379250103713133     
   3.0663332648028931E-002   40.042469178087707     
   3.0996665973911684E-002   39.638349792313853     
   3.1329999299794437E-002   39.183601595290177     
   3.1663332625677193E-002   38.710035226252764     
   3.1996665951559942E-002   38.255290621408001     
   3.2329999277442692E-002   37.852419290873158     
   3.2663332603325448E-002   37.521735388584148     
   3.2996665929208198E-002   37.267155020758771     
   3.3329999255090954E-002   37.077502027667407     
   3.3663332580973704E-002   36.931675621809354     
   3.3996665906856460E-002   36.805644151279317     
   3.4329999232739210E-002   36.679102463993786     
   3.4663332558621966E-002   36.540154787336427     
   3.4996665884504716E-002   36.387239788686216     
   3.5329999210387472E-002   36.228366715132189     
   3.5663332536270222E-002   36.078346935650259     
   3.5996665862152978E-002   35.954989141439810     
   3.6329999188035728E-002   35.875205983112224     
   3.6663332513918484E-002   35.851754725437786     
   3.6996665839801234E-002   35.891023990984358     
   3.7329999165683983E-002   35.991983089761263     
   3.7663332491566739E-002   36.146191896595425     
   3.7996665817449489E-002   36.338649905477340     
   3.8329999143332245E-002   36.549233972465487     
   3.8663332469214995E-002   36.754507948549978     
   3.8996665795097751E-002   36.929750081954154     
   3.9329999120980501E-002   37.051104483218708     
   3.9663332446863257E-002   37.097797897573841     
   3.9996665772746007E-002   37.054359951326710     
