   3.3333331843217230E-006   33.742841426673088     
   3.2999999269843104E-004   33.729517719838697     
   6.6333331858118379E-004   33.688785398608090     
   9.9666664446393643E-004   33.620041951615136     
   1.3299999703466892E-003   33.522463150354710     
   1.6633332962294419E-003   33.395257997712520     
   1.9966666221121949E-003   33.237986932228260     
   2.3299999479949474E-003   33.050908193036015     
   2.6633332738777004E-003   32.835312786271899     
   2.9966665997604534E-003   32.593807597427890     
   3.3299999256432059E-003   32.330509013408353     
   3.6633332515259584E-003   32.051115793070252     
   3.9966665774087114E-003   31.762839397812360     
   4.3299999032914644E-003   31.474181841239918     
   4.6633332291742165E-003   31.194564405121739     
   4.9966665550569694E-003   30.933824224379954     
   5.3299998809397224E-003   30.701608637068798     
   5.6633332068224754E-003   30.506708229049185     
   5.9966665327052283E-003   30.356377700117338     
   6.3299998585879804E-003   30.255698260856370     
   6.6633331844707334E-003   30.207035724285497     
   6.9966665103534864E-003   30.209644580955604     
   7.3299998362362385E-003   30.259460271469507     
   7.6633331621189914E-003   30.349110058740230     
   7.9966664880017444E-003   30.468158119595323     
   8.3299998138844974E-003   30.603583740104234     
   8.6633331397672503E-003   30.740474011101622     
   8.9966664656500033E-003   30.862895474723747     
   9.3299997915327545E-003   30.954894064285881     
   9.6633331174155075E-003   31.001560606468431     
   9.9966664432982605E-003   30.990091125912834     
   1.0329999769181013E-002   30.910767949244736     
   1.0663333095063766E-002   30.757789560190485     
   1.0996666420946519E-002   30.529884354179163     
   1.1329999746829272E-002   30.230655544267886     
   1.1663333072712025E-002   29.868620780661665     
   1.1996666398594778E-002   29.456929541514953     
   1.2329999724477530E-002   29.012762754995297     
   1.2663333050360282E-002   28.556440973432885     
   1.2996666376243035E-002   28.110288220867375     
   1.3329999702125788E-002   27.697316892437243     
   1.3663333028008541E-002   27.339813456538376     
   1.3996666353891294E-002   27.057914096458642     
   1.4329999679774047E-002   26.868263046729162     
   1.4663333005656799E-002   26.782843832615857     
   1.4996666331539552E-002   26.808064928359304     
   1.5329999657422304E-002   26.944166954094822     
   1.5663332983305057E-002   27.184999276587522     
   1.5996666309187810E-002   27.518190957948352     
   1.6329999635070563E-002   27.925715875147358     
   1.6663332960953316E-002   28.384826153779116     
   1.6996666286836069E-002   28.869303531387683     
   1.7329999612718822E-002   29.350956549124600     
   1.7663332938601575E-002   29.801274063436999     
   1.7996666264484328E-002   30.193133703236015     
   1.8329999590367081E-002   30.502458450628854     
   1.8663332916249831E-002   30.709715955819082     
   1.8996666242132584E-002   30.801163517160056     
   1.9329999568015337E-002   30.769756414872798     
   1.9663332893898090E-002   30.615657597559427     
   1.9996666219780843E-002   30.346311321754609     
   2.0329999545663596E-002   29.976070675952258     
   2.0663332871546349E-002   29.525397224950868     
   2.0996666197429101E-002   29.019678449910344     
   2.1329999523311854E-002   28.487733436376189     
   2.1663332849194607E-002   27.960097738634506     
   2.1996666175077360E-002   27.467193155338752     
   2.2329999500960113E-002   27.037496281117633     
   2.2663332826842866E-002   26.695820574671643     
   2.2996666152725619E-002   26.461820199055648     
   2.3329999478608372E-002   26.348810417720586     
   2.3663332804491125E-002   26.362979701403660     
   2.3996666130373878E-002   26.503044152166556     
   2.4329999456256628E-002   26.760366943554924     
   2.4663332782139381E-002   27.119535996448395     
   2.4996666108022134E-002   27.559363953846820     
   2.5329999433904887E-002   28.054247565120168     
   2.5663332759787640E-002   28.575800584471782     
   2.5996666085670393E-002   29.094656721949818     
   2.6329999411553145E-002   29.582328202358909     
   2.6663332737435898E-002   30.013001808821244     
   2.6996666063318651E-002   30.365158164094623     
   2.7329999389201404E-002   30.622911197649241     
   2.7663332715084157E-002   30.776982551488665     
   2.7996666040966910E-002   30.825248957917598     
   2.8329999366849663E-002   30.772827889843569     
   2.8663332692732416E-002   30.631696293477763     
   2.8996666018615169E-002   30.419867074506197     
   2.9329999344497919E-002   30.160176309006374     
   2.9663332670380672E-002   29.878759076723767     
   2.9996665996263425E-002   29.603311770408808     
   3.0329999322146178E-002   29.361252443116367     
   3.0663332648028931E-002   29.177897338438939     
   3.0996665973911684E-002   29.074770785492351     
   3.1329999299794437E-002   29.068157192593898     
   3.1663332625677193E-002   29.167988480521277     
   3.1996665951559942E-002   29.377138940529473     
   3.2329999277442692E-002   29.691173546095364     
   3.2663332603325448E-002   30.098566845056830     
   3.2996665929208198E-002   30.581379551224384     
   3.3329999255090954E-002   31.116350751417283     
   3.3663332580973704E-002   31.676337102324513     
   3.3996665906856460E-002   32.232008198137684     
   3.4329999232739210E-002   32.753690853636684     
   3.4663332558621966E-002   33.213245410985195     
   3.4996665884504716E-002   33.585854952563309     
   3.5329999210387472E-002   33.851613627308673     
   3.5663332536270222E-002   33.996812836526146     
   3.5996665862152978E-002   34.014842982945211     
   3.6329999188035728E-002   33.906652664455954     
   3.6663332513918484E-002   33.680735062760199     
   3.6996665839801234E-002   33.352641076203490     
   3.7329999165683983E-002   32.944048593510296     
   3.7663332491566739E-002   32.481445317191785     
   3.7996665817449489E-002   31.994506954901691     
   3.8329999143332245E-002   31.514271864794459     
   3.8663332469214995E-002   31.071226152480037     
   3.8996665795097751E-002   30.693418958840486     
   3.9329999120980501E-002   30.404725887939652     
   3.9663332446863257E-002   30.223369314955971     
   3.9996665772746007E-002   30.160788264881440     
