   3.3333331843217230E-006   61.793259922105008     
   3.2999999269843104E-004   60.002417490338843     
   6.6333331858118379E-004   54.768072895628720     
   9.9666664446393643E-004   46.705771890894809     
   1.3299999703466892E-003   36.764190166887737     
   1.6633332962294419E-003   26.114310078355278     
   1.9966666221121949E-003   16.012529746472559     
   2.3299999479949474E-003   7.6536219777703174     
   2.6633332738777004E-003   2.0306556171145473     
   2.9966665997604534E-003 -0.18179564103304813     
   3.3299999256432059E-003   1.2924869635867111     
   3.6633332515259584E-003   6.2978163691674851     
   3.9966665774087114E-003   14.263374913630482     
   4.3299999032914644E-003   24.268497255021224     
   4.6633332291742165E-003   35.149005796876388     
   4.9966665550569694E-003   45.632357703422038     
   5.3299998809397224E-003   54.485982942115236     
   5.6633332068224754E-003   60.661612901596904     
   5.9966665327052283E-003   63.418805732875356     
   6.3299998585879804E-003   62.413225574554474     
   6.6633331844707334E-003   57.739261819686547     
   6.9966665103534864E-003   49.921821060181195     
   7.3299998362362385E-003   39.857986387602310     
   7.6633331621189914E-003   28.715042014758346     
   7.9966664880017444E-003   17.796436436306987     
   8.3299998138844974E-003   8.3910173476969270     
   8.6633331397672503E-003   1.6228788350844994     
   8.9966664656500033E-003  -1.6808211268709528     
   9.3299997915327545E-003  -1.0886960402357602     
   9.6633331174155075E-003   3.3809984779235513     
   9.9966664432982605E-003   11.257964674679624     
   1.0329999769181013E-002   21.669557079867772     
   1.0663333095063766E-002   33.437214963798908     
   1.0996666420946519E-002   45.208883534518279     
   1.1329999746829272E-002   55.612489208535209     
   1.1663333072712025E-002   63.413040191244811     
   1.1996666398594778E-002   67.655412325816258     
   1.2329999724477530E-002   67.776417263371087     
   1.2663333050360282E-002   63.673167008165123     
   1.2996666376243035E-002   55.719662057312036     
   1.3329999702125788E-002   44.729384052929035     
   1.3663333028008541E-002   31.867803678959408     
   1.3996666353891294E-002   18.524422901731779     
   1.4329999679774047E-002   6.1586064002600835     
   1.4663333005656799E-002  -3.8635102647176325     
   1.4996666331539552E-002  -10.422667534000063     
   1.5329999657422304E-002  -12.773314478944393     
   1.5663332983305057E-002  -10.629227532564180     
   1.5996666309187810E-002  -4.1981230646963539     
   1.6329999635070563E-002   5.8388029683514446     
   1.6663332960953316E-002   18.400278739653345     
   1.6996666286836069E-002   32.123208287382823     
   1.7329999612718822E-002   45.512616474123043     
   1.7663332938601575E-002   57.106552622610764     
   1.7996666264484328E-002   65.637523979205099     
   1.8329999590367081E-002   70.172413321805124     
   1.8663332916249831E-002   70.215252154902345     
   1.8996666242132584E-002   65.761397999950276     
   1.9329999568015337E-002   57.297127989398959     
   1.9663332893898090E-002   45.744792599994625     
   1.9996666219780843E-002   32.359779184973839     
   2.0329999545663596E-002   18.590925082161604     
   2.0663332871546349E-002   5.9200867396311416     
   2.0996666197429101E-002  -4.3011421868561435     
   2.1329999523311854E-002  -10.999318490643386     
   2.1663332849194607E-002  -13.495202329415811     
   2.1996666175077360E-002  -11.575186418869382     
   2.2329999500960113E-002  -5.5103915714650817     
   2.2663332826842866E-002   3.9783546866592232     
   2.2996666152725619E-002   15.805339681640799     
   2.3329999478608372E-002   28.644688973592817     
   2.3663332804491125E-002   41.080660355349110     
   2.3996666130373878E-002   51.766390800047347     
   2.4329999456256628E-002   59.573147068089810     
   2.4663332782139381E-002   63.713338802066495     
   2.4996666108022134E-002   63.823653175609806     
   2.5329999433904887E-002   59.999300028277744     
   2.5663332759787640E-002   52.775980668169396     
   2.5996666085670393E-002   43.062165874518840     
   2.6329999411553145E-002   32.029905977565988     
   2.6663332737435898E-002   20.977056492950453     
   2.6996666063318651E-002   11.176959482814002     
   2.7329999389201404E-002   3.7329208958114499     
   2.7663332715084157E-002 -0.54587094701229688     
   2.7996666040966910E-002  -1.2329401394031763     
   2.8329999366849663E-002   1.6722188668185538     
   2.8663332692732416E-002   7.7507693083407858     
   2.8996666018615169E-002   16.219803993314859     
   2.9329999344497919E-002   26.029406136207406     
   2.9663332670380672E-002   35.989855672788622     
   2.9996665996263425E-002   44.913921260819770     
   3.0329999322146178E-002   51.757522061990244     
   3.0663332648028931E-002   55.742331151388903     
   3.0996665973911684E-002   56.446082851628859     
   3.1329999299794437E-002   53.850178882558964     
   3.1663332625677193E-002   48.339213653311418     
   3.1996665951559942E-002   40.652671568037810     
   3.2329999277442692E-002   31.794634610305334     
   3.2663332603325448E-002   22.912229579509695     
   3.2996665929208198E-002   15.157175840445724     
   3.3329999255090954E-002   9.5467478745427989     
   3.3663332580973704E-002   6.8405187823451712     
   3.3996665906856460E-002   7.4473980825035468     
   3.4329999232739210E-002   11.373936998007991     
   3.4663332558621966E-002   18.220059222244181     
   3.4996665884504716E-002   27.222844326122029     
   3.5329999210387472E-002   37.343386213149074     
   3.5663332536270222E-002   47.386720132719489     
   3.5996665862152978E-002   56.140941489545810     
   3.6329999188035728E-002   62.519376509478832     
   3.6663332513918484E-002   65.689271186574103     
   3.6996665839801234E-002   65.171987049057620     
   3.7329999165683983E-002   60.902954864649629     
   3.7663332491566739E-002   53.244264018584133     
   3.7996665817449489E-002   42.948221866407209     
   3.8329999143332245E-002   31.075873880041737     
   3.8663332469214995E-002   18.879678675770119     
   3.8996665795097751E-002   7.6636810586872883     
   3.9329999120980501E-002  -1.3628583642248806     
   3.9663332446863257E-002  -7.2216391737242382     
   3.9996665772746007E-002  -9.2757124869078176     
