   0.0000000000000000        141.55493707332474     
   3.3333333333333332E-004   141.48151027964096     
   6.6666666666666664E-004   141.35438947624607     
   1.0000000000000000E-003   141.35249465153353     
   1.3333333333333333E-003   141.54466957161944     
   1.6666666666666666E-003   141.80673966674840     
   2.0000000000000000E-003   141.94533433918855     
   2.3333333333333331E-003   141.90604765459329     
   2.6666666666666666E-003   141.84768134413838     
   3.0000000000000001E-003   141.99336327016755     
   3.3333333333333331E-003   142.39903693006750     
   3.6666666666666666E-003   142.87677347244042     
   4.0000000000000001E-003   143.16672473054700     
   4.3333333333333331E-003   143.20088540743720     
   4.6666666666666662E-003   143.19465566327344     
   5.0000000000000001E-003   143.45735893569335     
   5.3333333333333332E-003   144.09019473234503     
   5.6666666666666662E-003   144.86740827696070     
   6.0000000000000001E-003   145.43548507365719     
   6.3333333333333332E-003   145.65754091876551     
   6.6666666666666662E-003   145.77231420795326     
   7.0000000000000001E-003   146.19567222367306     
   7.3333333333333332E-003   147.13200443401479     
   7.6666666666666662E-003   148.36224077946198     
   8.0000000000000002E-003   149.43114162710879     
   8.3333333333333332E-003   150.08704740602943     
   8.6666666666666663E-003   150.57409224288040     
   8.9999999999999993E-003   151.48769466970919     
   9.3333333333333324E-003   153.29232531211889     
   9.6666666666666672E-003   155.91454167736373     
   1.0000000000000000E-002   158.77038231916330     
   1.0333333333333333E-002   161.20561748728673     
   1.0666666666666666E-002   162.96436004497272     
   1.0999999999999999E-002   164.28715328897704     
   1.1333333333333332E-002   165.58400165506345     
   1.1666666666666665E-002   167.01033027543707     
   1.2000000000000000E-002   168.34238216850136     
   1.2333333333333333E-002   169.24760692416041     
   1.2666666666666666E-002   169.66546410334948     
   1.2999999999999999E-002   169.91487616031580     
   1.3333333333333332E-002   170.41608787896968     
   1.3666666666666666E-002   171.29346516184557     
   1.4000000000000000E-002   172.24734124351517     
   1.4333333333333333E-002   172.82944871126156     
   1.4666666666666666E-002   172.86893052400103     
   1.4999999999999999E-002   172.64527253260007     
   1.5333333333333332E-002   172.63781535514195     
   1.5666666666666666E-002   173.08065693698643     
   1.6000000000000000E-002   173.73909173528841     
   1.6333333333333332E-002   174.12003258768783     
   1.6666666666666666E-002   173.92392957508798     
   1.6999999999999998E-002   173.31958086172980     
   1.7333333333333333E-002   172.78759890810701     
   1.7666666666666667E-002   172.67773821490135     
   1.7999999999999999E-002   172.88573072783862     
   1.8333333333333333E-002   172.93724637134625     
   1.8666666666666665E-002   172.38802343751701     
   1.9000000000000000E-002   171.16855313238551     
   1.9333333333333334E-002   169.57610051529105     
   1.9666666666666666E-002   167.96218427447394     
   2.0000000000000000E-002   166.44273286780444     
   2.0333333333333332E-002   164.90804110682865     
   2.0666666666666667E-002   163.29177756164333     
   2.0999999999999998E-002   161.79243972508482     
   2.1333333333333333E-002   160.79017820984936     
   2.1666666666666667E-002   160.51663728948881     
   2.1999999999999999E-002   160.80156917087649     
   2.2333333333333334E-002   161.16798018867286     
   2.2666666666666665E-002   161.21867752395062     
   2.3000000000000000E-002   160.96770253550253     
   2.3333333333333331E-002   160.80626362149408     
   2.3666666666666666E-002   161.12945070491750     
   2.4000000000000000E-002   161.96946426277577     
   2.4333333333333332E-002   162.97608041481544     
   2.4666666666666667E-002   163.75653597150006     
   2.4999999999999998E-002   164.24720444928181     
   2.5333333333333333E-002   164.76376536678666     
   2.5666666666666667E-002   165.68949297246149     
   2.5999999999999999E-002   167.11042365858466     
   2.6333333333333334E-002   168.75310582842505     
   2.6666666666666665E-002   170.27979633467538     
   2.7000000000000000E-002   171.64189028544433     
   2.7333333333333331E-002   173.13521664902001     
   2.7666666666666666E-002   175.10226346925043     
   2.8000000000000001E-002   177.59177525316082     
   2.8333333333333332E-002   180.34651477104293     
   2.8666666666666667E-002   183.16685614051940     
   2.8999999999999998E-002   186.29520026403148     
   2.9333333333333333E-002   190.38840905633839     
   2.9666666666666664E-002   196.00250826711803     
   2.9999999999999999E-002   202.99397163042173     
   3.0333333333333334E-002   210.38782492699264     
   3.0666666666666665E-002   216.90408361315536     
   3.1000000000000000E-002   221.76660595841975     
   3.1333333333333331E-002   225.15042374513257     
   3.1666666666666662E-002   227.91097865652893     
   3.2000000000000001E-002   230.84029772798002     
   3.2333333333333332E-002   234.08170004604156     
   3.2666666666666663E-002   237.16677185231447     
   3.3000000000000002E-002   239.57524474754771     
   3.3333333333333333E-002   241.27097174518823     
   3.3666666666666664E-002   242.73028447247299     
   3.3999999999999996E-002   244.47446301414959     
   3.4333333333333334E-002   246.57654948829654     
   3.4666666666666665E-002   248.61416312120548     
   3.4999999999999996E-002   250.09987141274314     
   3.5333333333333335E-002   250.96503426763147     
   3.5666666666666666E-002   251.63131842851277     
   3.5999999999999997E-002   252.60653277751203     
   3.6333333333333336E-002   253.99804977788631     
   3.6666666666666667E-002   255.41259003629978     
   3.6999999999999998E-002   256.33777289624271     
   3.7333333333333329E-002   256.63852336227001     
   3.7666666666666668E-002   256.69202224593641     
   3.7999999999999999E-002   257.03129931232934     
   3.8333333333333330E-002   257.83770509413358     
   3.8666666666666669E-002   258.76734711396506     
   3.9000000000000000E-002   259.27824983766328     
   3.9333333333333331E-002   259.14734247233531     
   3.9666666666666663E-002   258.68483304266493     
   4.0000000000000001E-002   258.44117932312639     
