   3.3333331843217230E-006   27.272904530501961     
   3.2999999269843104E-004   27.102295936177736     
   6.6333331858118379E-004   26.984071162307576     
   9.9666664446393643E-004   26.932592643416264     
   1.3299999703466892E-003   26.950443345028127     
   1.6633332962294419E-003   27.031619538465243     
   1.9966666221121949E-003   27.161952762048898     
   2.3299999479949474E-003   27.320915402138422     
   2.6633332738777004E-003   27.484818063640102     
   2.9966665997604534E-003   27.631111363562788     
   3.3299999256432059E-003   27.743156063655697     
   3.6633332515259584E-003   27.814504027398456     
   3.9966665774087114E-003   27.851552694641825     
   4.3299999032914644E-003   27.873520379363693     
   4.6633332291742165E-003   27.909125313441070     
   4.9966665550569694E-003   27.990133662360691     
   5.3299998809397224E-003   28.142930856855472     
   5.6633332068224754E-003   28.380184817999083     
   5.9966665327052283E-003   28.695142640396817     
   6.3299998585879804E-003   29.060808614891631     
   6.6633331844707334E-003   29.435070070457492     
   6.9966665103534864E-003   29.770984683820146     
   7.3299998362362385E-003   30.029490138241652     
   7.6633331621189914E-003   30.190516956772594     
   7.9966664880017444E-003   30.258545043926897     
   8.3299998138844974E-003   30.260261467319928     
   8.6633331397672503E-003   30.234714646658901     
   8.9966664656500033E-003   30.219210391045223     
   9.3299997915327545E-003   30.235968567475343     
   9.6633331174155075E-003   30.284427365750627     
   9.9966664432982605E-003   30.342004978049133     
   1.0329999769181013E-002   30.372923724826602     
   1.0663333095063766E-002   30.341693624562264     
   1.0996666420946519E-002   30.226265800129614     
   1.1329999746829272E-002   30.026273669602862     
   1.1663333072712025E-002   29.763881388570429     
   1.1996666398594778E-002   29.477581615428072     
   1.2329999724477530E-002   29.211669730726801     
   1.2663333050360282E-002   29.005233839610430     
   1.2996666376243035E-002   28.884119769087523     
   1.3329999702125788E-002   28.857835632376656     
   1.3663333028008541E-002   28.921465902945464     
   1.3996666353891294E-002   29.061083268595162     
   1.4329999679774047E-002   29.260331544361694     
   1.4663333005656799E-002   29.505903906267346     
   1.4996666331539552E-002   29.790360534434591     
   1.5329999657422304E-002   30.111768079239411     
   1.5663332983305057E-002   30.470646228762686     
   1.5996666309187810E-002   30.865418728536412     
   1.6329999635070563E-002   31.287869065887662     
   1.6663332960953316E-002   31.720000056628411     
   1.6996666286836069E-002   32.133281499517274     
   1.7329999612718822E-002   32.490672060769342     
   1.7663332938601575E-002   32.751159694379616     
   1.7996666264484328E-002   32.876004741170220     
   1.8329999590367081E-002   32.835490502758752     
   1.8663332916249831E-002   32.614851247358644     
   1.8996666242132584E-002   32.218178196316046     
   1.9329999568015337E-002   31.669473783428067     
   1.9663332893898090E-002   31.010561683365570     
   1.9996666219780843E-002   30.296158549470267     
   2.0329999545663596E-002   29.586952322544548     
   2.0663332871546349E-002   28.941901472381517     
   2.0996666197429101E-002   28.411094968099377     
   2.1329999523311854E-002   28.030371361406452     
   2.1663332849194607E-002   27.818520515739596     
   2.1996666175077360E-002   27.777364178009716     
   2.2329999500960113E-002   27.894441720650573     
   2.2663332826842866E-002   28.147530727433494     
   2.2996666152725619E-002   28.509907737287111     
   2.3329999478608372E-002   28.955167027234296     
   2.3663332804491125E-002   29.460583852995192     
   2.3996666130373878E-002   30.008402496121619     
   2.4329999456256628E-002   30.584971526873424     
   2.4663332782139381E-002   31.178224832282133     
   2.4996666108022134E-002   31.774483403527991     
   2.5329999433904887E-002   32.355800249680755     
   2.5663332759787640E-002   32.898993991764904     
   2.5996666085670393E-002   33.377086772880254     
   2.6329999411553145E-002   33.763143230916789     
   2.6663332737435898E-002   34.035667230229812     
   2.6996666063318651E-002   34.184004098045385     
   2.7329999389201404E-002   34.211895433436972     
   2.7663332715084157E-002   34.137645971744732     
   2.7996666040966910E-002   33.990310616066758     
   2.8329999366849663E-002   33.802664259788173     
   2.8663332692732416E-002   33.603016064401558     
   2.8996666018615169E-002   33.408626603797842     
   2.9329999344497919E-002   33.223183925308035     
   2.9663332670380672E-002   33.039470094756588     
   2.9996665996263425E-002   32.846437318838817     
   3.0329999322146178E-002   32.638166637055157     
   3.0663332648028931E-002   32.421354017734018     
   3.0996665973911684E-002   32.218448466281203     
   3.1329999299794437E-002   32.065178997306127     
   3.1663332625677193E-002   32.003280444997571     
   3.1996665951559942E-002   32.070907058556401     
   3.2329999277442692E-002   32.293861881459407     
   3.2663332603325448E-002   32.680204575257740     
   3.2996665929208198E-002   33.219374941083146     
   3.3329999255090954E-002   33.885332903072474     
   3.3663332580973704E-002   34.642011793637103     
   3.3996665906856460E-002   35.448989393717277     
   3.4329999232739210E-002   36.265710087012152     
   3.4663332558621966E-002   37.053545306609578     
   3.4996665884504716E-002   37.776023637327071     
   3.5329999210387472E-002   38.398306039989954     
   3.5663332536270222E-002   38.887204351075248     
   3.5996665862152978E-002   39.212729175199705     
   3.6329999188035728E-002   39.351465245057454     
   3.6663332513918484E-002   39.291260946608297     
   3.6996665839801234E-002   39.036045073247408     
   3.7329999165683983E-002   38.609248462014072     
   3.7663332491566739E-002   38.054409214717502     
   3.7996665817449489E-002   37.432060508616409     
   3.8329999143332245E-002   36.812818526713571     
   3.8663332469214995E-002   36.267511212233423     
   3.8996665795097751E-002   35.855994975735861     
   3.9329999120980501E-002   35.616797088337897     
   3.9663332446863257E-002   35.559765105364917     
   3.9996665772746007E-002   35.663468511899374     
