   3.3333331843217230E-006   32.425538771734203     
   3.2999999269843104E-004   32.477670543878645     
   6.6333331858118379E-004   32.661316542945130     
   9.9666664446393643E-004   32.951837000235514     
   1.3299999703466892E-003   33.302190417261784     
   1.6633332962294419E-003   33.654525461725925     
   1.9966666221121949E-003   33.954226643617893     
   2.3299999479949474E-003   34.162608681269269     
   2.6633332738777004E-003   34.264609874547205     
   2.9966665997604534E-003   34.269468397091302     
   3.3299999256432059E-003   34.204631553439192     
   3.6633332515259584E-003   34.105260812047760     
   3.9966665774087114E-003   34.002933235848147     
   4.3299999032914644E-003   33.917109469897838     
   4.6633332291742165E-003   33.851712143315758     
   4.9966665550569694E-003   33.797233926430401     
   5.3299998809397224E-003   33.736894441912334     
   5.6633332068224754E-003   33.654160459349235     
   5.9966665327052283E-003   33.538807086471934     
   6.3299998585879804E-003   33.389583352809346     
   6.6633331844707334E-003   33.213034687321723     
   6.9966665103534864E-003   33.019519288869262     
   7.3299998362362385E-003   32.818381996332576     
   7.6633331621189914E-003   32.614324607393691     
   7.9966664880017444E-003   32.406292050204158     
   8.3299998138844974E-003   32.189033949131350     
   8.6633331397672503E-003   31.956391892909469     
   8.9966664656500033E-003   31.704731144097902     
   9.3299997915327545E-003   31.434986702176410     
   9.6633331174155075E-003   31.152452067575197     
   9.9966664432982605E-003   30.864402848244048     
   1.0329999769181013E-002   30.576523494092633     
   1.0663333095063766E-002   30.289566622745539     
   1.0996666420946519E-002   29.997575565740473     
   1.1329999746829272E-002   29.688415765033174     
   1.1663333072712025E-002   29.346533932367397     
   1.1996666398594778E-002   28.957104839458953     
   1.2329999724477530E-002   28.510291197971338     
   1.2663333050360282E-002   28.004351997690392     
   1.2996666376243035E-002   27.446745457672318     
   1.3329999702125788E-002   26.853012394546905     
   1.3663333028008541E-002   26.552346978371411     
   1.3996666353891294E-002   26.254579705777267     
   1.4329999679774047E-002   25.969147580591468     
   1.4663333005656799E-002   25.705740660320103     
   1.4996666331539552E-002   25.470584995892747     
   1.5329999657422304E-002   25.266400440892447     
   1.5663332983305057E-002   25.092808381460195     
   1.5996666309187810E-002   24.947049854870404     
   1.6329999635070563E-002   24.824862641062712     
   1.6663332960953316E-002   24.721375717782752     
   1.6996666286836069E-002   24.631904662868479     
   1.7329999612718822E-002   24.552565689116296     
   1.7663332938601575E-002   24.480663139942347     
   1.7996666264484328E-002   24.414840675233101     
   1.8329999590367081E-002   24.355016553832279     
   1.8663332916249831E-002   24.302146200669100     
   1.8996666242132584E-002   24.257869643366554     
   1.9329999568015337E-002   24.224107399042541     
   1.9663332893898090E-002   24.202666706082287     
   1.9996666219780843E-002   24.194911855403827     
   2.0329999545663596E-002   24.201539323985987     
   2.0663332871546349E-002   24.222482157200940     
   2.0996666197429101E-002   24.256950342312074     
   2.1329999523311854E-002   24.303596478049563     
   2.1663332849194607E-002   24.360780465176685     
   2.1996666175077360E-002   24.426894605222724     
   2.2329999500960113E-002   24.500702495844042     
   2.2663332826842866E-002   24.581642185806658     
   2.2996666152725619E-002   24.670046517434482     
   2.3329999478608372E-002   24.767241315551647     
   2.3663332804491125E-002   24.875494525342248     
   2.3996666130373878E-002   24.997805613909321     
   2.4329999456256628E-002   25.137543258394494     
   2.4663332782139381E-002   25.297959007440031     
   2.4996666108022134E-002   25.481623474426023     
   2.5329999433904887E-002   25.689847798364752     
   2.5663332759787640E-002   25.922164599021151     
   2.5996666085670393E-002   26.175947467376393     
   2.6329999411553145E-002   26.446244333341728     
   2.6663332737435898E-002   26.725886374938902     
   2.6996666063318651E-002   27.069867196921898     
   2.7329999389201404E-002   27.413529817144141     
   2.7663332715084157E-002   27.744448286257217     
   2.7996666040966910E-002   28.053156892977142     
   2.8329999366849663E-002   28.334112552020969     
   2.8663332692732416E-002   28.586615424950498     
   2.8996666018615169E-002   28.814832936064072     
   2.9329999344497919E-002   29.026840104193763     
   2.9663332670380672E-002   29.232806710723526     
   2.9996665996263425E-002   29.442676961724860     
   3.0329999322146178E-002   29.663846001919200     
   3.0663332648028931E-002   29.899391730384160     
   3.0996665973911684E-002   30.147340934336793     
   3.1329999299794437E-002   30.401236877342111     
   3.1663332625677193E-002   30.651966950035657     
   3.1996665951559942E-002   30.890470696717816     
   3.2329999277442692E-002   31.110665914891804     
   3.2663332603325448E-002   31.311787938307038     
   3.2996665929208198E-002   31.499395103396939     
   3.3329999255090954E-002   31.684567894622042     
   3.3663332580973704E-002   31.881280100149354     
   3.3996665906856460E-002   32.102451842903911     
   3.4329999232739210E-002   32.355671797444124     
   3.4663332558621966E-002   32.639855168597407     
   3.4996665884504716E-002   32.944069548943069     
   3.5329999210387472E-002   33.249362664854885     
   3.5663332536270222E-002   33.533706031702373     
   3.5996665862152978E-002   33.779266046931930     
   3.6329999188035728E-002   33.980346421448075     
   3.6663332513918484E-002   34.149763784058798     
   3.6996665839801234E-002   34.321343534724107     
   3.7329999165683983E-002   34.546782003649284     
   3.7663332491566739E-002   34.886291620265141     
   3.7996665817449489E-002   35.394034401227501     
   3.8329999143332245E-002   36.101009220619105     
   3.8663332469214995E-002   36.999354796882024     
   3.8996665795097751E-002   38.032539207931620     
   3.9329999120980501E-002   39.095331753407251     
   3.9663332446863257E-002   40.045729750624403     
   3.9996665772746007E-002   40.728370841688786     
