   3.3333331843217230E-006   38.207022606529478     
   3.2999999269843104E-004   36.999886832048013     
   6.6333331858118379E-004   35.249343320071311     
   9.9666664446393643E-004   33.278743893102536     
   1.3299999703466892E-003   31.403435207714420     
   1.6633332962294419E-003   29.886957915647027     
   1.9966666221121949E-003   28.894464756695566     
   2.3299999479949474E-003   28.471045256417607     
   2.6633332738777004E-003   28.548921451850855     
   2.9966665997604534E-003   28.980443903024860     
   3.3299999256432059E-003   29.587420649982061     
   3.6633332515259584E-003   30.213102500903439     
   3.9966665774087114E-003   30.762323307583035     
   4.3299999032914644E-003   31.218394782297807     
   4.6633332291742165E-003   31.631980614132225     
   4.9966665550569694E-003   32.085821831312032     
   5.3299998809397224E-003   32.647389071335596     
   5.6633332068224754E-003   33.326442145703730     
   5.9966665327052283E-003   34.053820070987044     
   6.3299998585879804E-003   34.690996288199116     
   6.6633331844707334E-003   35.068834299044582     
   6.9966665103534864E-003   35.042534269579726     
   7.3299998362362385E-003   34.542701952513035     
   7.6633331621189914E-003   33.603188919953006     
   7.9966664880017444E-003   32.355056245747640     
   8.3299998138844974E-003   30.989241717627554     
   8.6633331397672503E-003   29.702524720757705     
   8.9966664656500033E-003   28.646907228112212     
   9.3299997915327545E-003   27.899409737452409     
   9.6633331174155075E-003   27.459532775006640     
   9.9966664432982605E-003   27.270236605605042     
   1.0329999769181013E-002   27.250443579713352     
   1.0663333095063766E-002   27.325550144763568     
   1.0996666420946519E-002   27.446572383701231     
   1.1329999746829272E-002   27.595172328077588     
   1.1663333072712025E-002   27.777390999300479     
   1.1996666398594778E-002   28.011430792999445     
   1.2329999724477530E-002   28.314395747902367     
   1.2663333050360282E-002   28.691045021811064     
   1.2996666376243035E-002   29.125994493622873     
   1.3329999702125788E-002   29.580194293618518     
   1.3663333028008541E-002   29.992628818296673     
   1.3996666353891294E-002   30.288171253306793     
   1.4329999679774047E-002   30.391666006311567     
   1.4663333005656799E-002   30.246529064115400     
   1.4996666331539552E-002   29.834037085347489     
   1.5329999657422304E-002   29.187957651073347     
   1.5663332983305057E-002   28.399087902139094     
   1.5996666309187810E-002   27.605983838117556     
   1.6329999635070563E-002   26.971427125472140     
   1.6663332960953316E-002   26.648187526807629     
   1.6996666286836069E-002   26.741270267646740     
   1.7329999612718822E-002   27.275953366138634     
   1.7663332938601575E-002   28.180703630622887     
   1.7996666264484328E-002   29.291280853630859     
   1.8329999590367081E-002   30.377486200902243     
   1.8663332916249831E-002   31.188232732792127     
   1.8996666242132584E-002   31.505457691957304     
   1.9329999568015337E-002   31.194370248915753     
   1.9663332893898090E-002   30.237649118144382     
   1.9996666219780843E-002   28.744636511136065     
   2.0329999545663596E-002   26.932530693693593     
   2.0663332871546349E-002   25.083516917722736     
   2.0996666197429101E-002   23.487839349898547     
   2.1329999523311854E-002   22.386369503415658     
   2.1663332849194607E-002   21.926310476238854     
   2.1996666175077360E-002   22.140250026613305     
   2.2329999500960113E-002   22.952699331439835     
   2.2663332826842866E-002   24.211055112322441     
   2.2996666152725619E-002   25.731432611766365     
   2.3329999478608372E-002   27.345771110882154     
   2.3663332804491125E-002   28.936264840715285     
   2.3996666130373878E-002   30.446947296948693     
   2.4329999456256628E-002   31.869499930197737     
   2.4663332782139381E-002   33.209246434361418     
   2.4996666108022134E-002   34.445082592447584     
   2.5329999433904887E-002   35.500773111665083     
   2.5663332759787640E-002   36.242433408290090     
   2.5996666085670393E-002   36.507917958802274     
   2.6329999411553145E-002   36.160798704713201     
   2.6663332737435898E-002   35.149569962856660     
   2.6996666063318651E-002   33.547296731607247     
   2.7329999389201404E-002   31.551848127391288     
   2.7663332715084157E-002   29.441544511994874     
   2.7996666040966910E-002   27.499952144322265     
   2.8329999366849663E-002   25.938123754067668     
   2.8663332692732416E-002   24.845283527513253     
   2.8996666018615169E-002   24.187487589739664     
   2.9329999344497919E-002   23.852906176800044     
   2.9663332670380672E-002   23.721913152887701     
   2.9996665996263425E-002   23.730064037935509     
   3.0329999322146178E-002   23.897013709543032     
   3.0663332648028931E-002   24.311482241954092     
   3.0996665973911684E-002   25.082628992495582     
   3.1329999299794437E-002   26.281803598280753     
   3.1663332625677193E-002   27.899963256762252     
   3.1996665951559942E-002   29.836048517650610     
   3.2329999277442692E-002   31.916545636232058     
   3.2663332603325448E-002   33.933995578244463     
   3.2996665929208198E-002   35.687457035863844     
   3.3329999255090954E-002   37.011488557456573     
   3.3663332580973704E-002   37.788760853176896     
   3.3996665906856460E-002   37.950039108886664     
   3.4329999232739210E-002   37.470043635142112     
   3.4663332558621966E-002   36.367152620722862     
   3.4996665884504716E-002   34.710184335968499     
   3.5329999210387472E-002   32.629307793590087     
   3.5663332536270222E-002   30.323408655388437     
   3.5996665862152978E-002   28.054983419118269     
   3.6329999188035728E-002   26.126367104413440     
   3.6663332513918484E-002   24.836882071082226     
   3.6996665839801234E-002   24.427392162596586     
   3.7329999165683983E-002   25.024476396302660     
   3.7663332491566739E-002   26.599046399008405     
   3.7996665817449489E-002   28.952643060465959     
   3.8329999143332245E-002   31.738974399809493     
   3.8663332469214995E-002   34.519817012575160     
   3.8996665795097751E-002   36.845402293958756     
   3.9329999120980501E-002   38.342343985827810     
   3.9663332446863257E-002   38.789111231642913     
   3.9996665772746007E-002   38.161039855588363     
