   3.3333331843217230E-006   24.409679459122131     
   3.2999999269843104E-004   24.602235686100599     
   6.6333331858118379E-004   24.901625698797016     
   9.9666664446393643E-004   25.280279212735536     
   1.3299999703466892E-003   25.694542522321907     
   1.6633332962294419E-003   26.094049346709980     
   1.9966666221121949E-003   26.436136202657252     
   2.3299999479949474E-003   26.697688756915557     
   2.6633332738777004E-003   26.880474333937403     
   2.9966665997604534E-003   27.008277615280623     
   3.3299999256432059E-003   27.117044594000273     
   3.6633332515259584E-003   27.241683853638740     
   3.9966665774087114E-003   27.404262560686824     
   4.3299999032914644E-003   27.607670353972235     
   4.6633332291742165E-003   27.836680980874682     
   4.9966665550569694E-003   28.065553451539497     
   5.3299998809397224E-003   28.268947145097776     
   5.6633332068224754E-003   28.431858389844024     
   5.9966665327052283E-003   28.554877056927541     
   6.3299998585879804E-003   28.653022384549121     
   6.6633331844707334E-003   28.748946259374247     
   6.9966665103534864E-003   28.863403552583232     
   7.3299998362362385E-003   29.006799552977199     
   7.6633331621189914E-003   29.175044990071086     
   7.9966664880017444E-003   29.351170941149476     
   8.3299998138844974E-003   29.511908942246400     
   8.6633331397672503E-003   29.636592553112894     
   8.9966664656500033E-003   29.714953854812467     
   9.3299997915327545E-003   29.750904348380519     
   9.6633331174155075E-003   29.760944259606024     
   9.9966664432982605E-003   29.767815911228748     
   1.0329999769181013E-002   29.791677480570527     
   1.0663333095063766E-002   29.841860017489111     
   1.0996666420946519E-002   29.911971790272442     
   1.1329999746829272E-002   29.979912452624696     
   1.1663333072712025E-002   30.012729109735726     
   1.1996666398594778E-002   29.974758546794906     
   1.2329999724477530E-002   29.836618522554677     
   1.2663333050360282E-002   29.582549768315822     
   1.2996666376243035E-002   29.214293888710898     
   1.3329999702125788E-002   28.750820409641904     
   1.3663333028008541E-002   28.949363869953778     
   1.3996666353891294E-002   29.103783312305310     
   1.4329999679774047E-002   29.225353071451384     
   1.4663333005656799E-002   29.330083763416543     
   1.4996666331539552E-002   29.429858919126090     
   1.5329999657422304E-002   29.531866808295415     
   1.5663332983305057E-002   29.638805761296670     
   1.5996666309187810E-002   29.749661203958873     
   1.6329999635070563E-002   29.860824123616215     
   1.6663332960953316E-002   29.967328226621749     
   1.6996666286836069E-002   30.064016554187887     
   1.7329999612718822E-002   30.146497423150095     
   1.7663332938601575E-002   30.211804841658925     
   1.7996666264484328E-002   30.258732329339161     
   1.8329999590367081E-002   30.287855721295429     
   1.8663332916249831E-002   30.301296509376197     
   1.8996666242132584E-002   30.302300902478258     
   1.9329999568015337E-002   30.294720945516627     
   1.9663332893898090E-002   30.282483764601096     
   1.9996666219780843E-002   30.269125142640519     
   2.0329999545663596E-002   30.257446494371607     
   2.0663332871546349E-002   30.249332450188913     
   2.0996666197429101E-002   30.245742258066500     
   2.1329999523311854E-002   30.246864545399724     
   2.1663332849194607E-002   30.252403887987960     
   2.1996666175077360E-002   30.261951008566896     
   2.2329999500960113E-002   30.275377723894390     
   2.2663332826842866E-002   30.293193897494099     
   2.2996666152725619E-002   30.316806966304224     
   2.3329999478608372E-002   30.348634820757145     
   2.3663332804491125E-002   30.392039081223309     
   2.3996666130373878E-002   30.451066774061612     
   2.4329999456256628E-002   30.530012296379144     
   2.4663332782139381E-002   30.632836279455365     
   2.4996666108022134E-002   30.762501198308506     
   2.5329999433904887E-002   30.920302870188813     
   2.5663332759787640E-002   31.105289836852766     
   2.5996666085670393E-002   31.313866626496658     
   2.6329999411553145E-002   31.539669926207747     
   2.6663332737435898E-002   31.773787224465554     
   2.6996666063318651E-002   32.125687397556575     
   2.7329999389201404E-002   32.474695473091472     
   2.7663332715084157E-002   32.805186571593460     
   2.7996666040966910E-002   33.106145103564430     
   2.8329999366849663E-002   33.371770806524800     
   2.8663332692732416E-002   33.602400094446857     
   2.8996666018615169E-002   33.804305342746723     
   2.9329999344497919E-002   33.988307371466853     
   2.9663332670380672E-002   34.167403453481278     
   2.9996665996263425E-002   34.353866544496995     
   3.0329999322146178E-002   34.556446145923118     
   3.0663332648028931E-002   34.778342351720440     
   3.0996665973911684E-002   35.016503083241879     
   3.1329999299794437E-002   35.262518622875668     
   3.1663332625677193E-002   35.505006890320026     
   3.1996665951559942E-002   35.732981851311507     
   3.2329999277442692E-002   35.939378572368042     
   3.2663332603325448E-002   36.123768299843228     
   3.2996665929208198E-002   36.293399520387140     
   3.3329999255090954E-002   36.462055288032317     
   3.3663332580973704E-002   36.646765831429413     
   3.3996665906856460E-002   36.863039204838600     
   3.4329999232739210E-002   37.119811804056987     
   3.4663332558621966E-002   37.415611100592983     
   3.4996665884504716E-002   37.737340577884119     
   3.5329999210387472E-002   38.062597233732873     
   3.5663332536270222E-002   38.365577030096354     
   3.5996665862152978E-002   38.625583776142101     
   3.6329999188035728E-002   38.836184761972248     
   3.6663332513918484E-002   39.012433710521421     
   3.6996665839801234E-002   39.193548523479798     
   3.7329999165683983E-002   39.439114416223894     
   3.7663332491566739E-002   39.818240128178580     
   3.7996665817449489E-002   40.392894632210897     
   3.8329999143332245E-002   41.198499881129536     
   3.8663332469214995E-002   42.226268483448813     
   3.8996665795097751E-002   43.412292941980752     
   3.9329999120980501E-002   44.637702380721763     
   3.9663332446863257E-002   45.742248663638698     
   3.9996665772746007E-002   46.550732103259456     
