   3.3333331843217230E-006   37.072917174579665     
   3.2999999269843104E-004   37.033975187743820     
   6.6333331858118379E-004   36.919059895047845     
   9.9666664446393643E-004   36.738502573289132     
   1.3299999703466892E-003   36.508666650267280     
   1.6633332962294419E-003   36.250663752539332     
   1.9966666221121949E-003   35.988698919212325     
   2.3299999479949474E-003   35.748176148659049     
   2.6633332738777004E-003   35.553714093925365     
   2.9966665997604534E-003   35.427228305993189     
   3.3299999256432059E-003   35.386230447868051     
   3.6633332515259584E-003   35.442476897823425     
   3.9966665774087114E-003   35.601070637089627     
   4.3299999032914644E-003   35.860083637658484     
   4.6633332291742165E-003   36.210725146242737     
   4.9966665550569694E-003   36.638037721453919     
   5.3299998809397224E-003   37.122061164566951     
   5.6633332068224754E-003   37.639367960247718     
   5.9966665327052283E-003   38.164845434748997     
   6.3299998585879804E-003   38.673581781251869     
   6.6633331844707334E-003   39.142706764216406     
   6.9966665103534864E-003   39.553043691247375     
   7.3299998362362385E-003   39.890446526004958     
   7.6633331621189914E-003   40.146723259934362     
   7.9966664880017444E-003   40.320081507567508     
   8.3299998138844974E-003   40.415071778426054     
   8.6633331397672503E-003   40.442044693499462     
   8.9966664656500033E-003   40.416177167892108     
   9.3299997915327545E-003   40.356156096389263     
   9.6633331174155075E-003   40.282633653819943     
   9.9966664432982605E-003   40.216583954138464     
   1.0329999769181013E-002   40.177695359126872     
   1.0663333095063766E-002   40.182925997279220     
   1.0996666420946519E-002   40.245332810799340     
   1.1329999746829272E-002   40.373258342197254     
   1.1663333072712025E-002   40.569926884939164     
   1.1996666398594778E-002   40.833465462450256     
   1.2329999724477530E-002   41.157328543903695     
   1.2663333050360282E-002   41.531071624988790     
   1.2996666376243035E-002   41.941390688309788     
   1.3329999702125788E-002   42.373324473341086     
   1.3663333028008541E-002   42.811506061159271     
   1.3996666353891294E-002   43.241350277004265     
   1.4329999679774047E-002   43.650073666043738     
   1.4663333005656799E-002   44.027463225389624     
   1.4996666331539552E-002   44.366336787244343     
   1.5329999657422304E-002   44.662669410939330     
   1.5663332983305057E-002   44.915393407096182     
   1.5996666309187810E-002   45.125911584702131     
   1.6329999635070563E-002   45.297391006323124     
   1.6663332960953316E-002   45.433925375121326     
   1.6996666286836069E-002   45.539666202792553     
   1.7329999612718822E-002   45.618024968113026     
   1.7663332938601575E-002   45.671040333753993     
   1.7996666264484328E-002   45.698986849473336     
   1.8329999590367081E-002   45.700276025806133     
   1.8663332916249831E-002   45.671669560685110     
   1.8996666242132584E-002   45.608790739571525     
   1.9329999568015337E-002   45.506886801635957     
   1.9663332893898090E-002   45.361765576452740     
   1.9996666219780843E-002   45.170806876284303     
   2.0329999545663596E-002   44.933935359874930     
   2.0663332871546349E-002   44.654438473098637     
   2.0996666197429101E-002   44.339521293102734     
   2.1329999523311854E-002   44.000509311400116     
   2.1663332849194607E-002   43.652639030983650     
   2.1996666175077360E-002   43.314412448155991     
   2.2329999500960113E-002   43.006532025259716     
   2.2663332826842866E-002   42.750474123979124     
   2.2996666152725619E-002   42.566797347373708     
   2.3329999478608372E-002   42.473314237511403     
   2.3663332804491125E-002   42.483277135111749     
   2.3996666130373878E-002   42.603739291846161     
   2.4329999456256628E-002   42.834249055325714     
   2.4663332782139381E-002   43.166017756152321     
   2.4996666108022134E-002   43.581671632015372     
   2.5329999433904887E-002   44.055656692207030     
   2.5663332759787640E-002   44.555315844576810     
   2.5996666085670393E-002   45.042603665571271     
   2.6329999411553145E-002   45.476350192690589     
   2.6663332737435898E-002   45.814935525466460     
   2.6996666063318651E-002   46.019196106229970     
   2.7329999389201404E-002   46.055355028971725     
   2.7663332715084157E-002   45.897755427385711     
   2.7996666040966910E-002   45.531179617043058     
   2.8329999366849663E-002   44.952557595775119     
   2.8663332692732416E-002   44.171905743882398     
   2.8996666018615169E-002   43.212387774250907     
   2.9329999344497919E-002   42.109451633890068     
   2.9663332670380672E-002   40.909063684212846     
   2.9996665996263425E-002   39.665130009897155     
   3.0329999322146178E-002   38.436258826780218     
   3.0663332648028931E-002   37.282072573087795     
   3.0996665973911684E-002   36.259318872732202     
   3.1329999299794437E-002   35.418052623459495     
   3.1663332625677193E-002   34.798164727226059     
   3.1996665951559942E-002   34.426515664003873     
   3.2329999277442692E-002   34.314895003030330     
   3.2663332603325448E-002   34.458973379802259     
   3.2996665929208198E-002   34.838345168042977     
   3.3329999255090954E-002   35.417682899598788     
   3.3663332580973704E-002   36.148944064317099     
   3.3996665906856460E-002   36.974493244426512     
   3.4329999232739210E-002   37.830933491933408     
   3.4663332558621966E-002   38.653385776927749     
   3.4996665884504716E-002   39.379918580967427     
   3.5329999210387472E-002   39.955814323492412     
   3.5663332536270222E-002   40.337366759144416     
   3.5996665862152978E-002   40.494933533704362     
   3.6329999188035728E-002   40.415018791883213     
   3.6663332513918484E-002   40.101228567460204     
   3.6996665839801234E-002   39.574021802524200     
   3.7329999165683983E-002   38.869266411706462     
   3.7663332491566739E-002   38.035696462933572     
   3.7996665817449489E-002   37.131446859942791     
   3.8329999143332245E-002   36.219909879632468     
   3.8663332469214995E-002   35.365208417297296     
   3.8996665795097751E-002   34.627609977978047     
   3.9329999120980501E-002   34.059211048599060     
   3.9663332446863257E-002   33.700202971870496     
   3.9996665772746007E-002   33.575989097018770     
