   3.3333331843217230E-006   33.009539353640548     
   3.2999999269843104E-004   32.737137405467841     
   6.6333331858118379E-004   32.555341228904943     
   9.9666664446393643E-004   32.466314123676653     
   1.3299999703466892E-003   32.451377540187998     
   1.6633332962294419E-003   32.482463684217350     
   1.9966666221121949E-003   32.527450223723086     
   2.3299999479949474E-003   32.555068576255941     
   2.6633332738777004E-003   32.539133103610283     
   2.9966665997604534E-003   32.462121610200249     
   3.3299999256432059E-003   32.318046458857154     
   3.6633332515259584E-003   32.114191804435961     
   3.9966665774087114E-003   31.870934634916633     
   4.3299999032914644E-003   31.618838124682576     
   4.6633332291742165E-003   31.392710800193910     
   4.9966665550569694E-003   31.223325809080283     
   5.3299998809397224E-003   31.128670573848094     
   5.6633332068224754E-003   31.107428503318495     
   5.9966665327052283E-003   31.137360790959224     
   6.3299998585879804E-003   31.180092923273772     
   6.6633331844707334E-003   31.191715649314936     
   6.9966665103534864E-003   31.136281000350351     
   7.3299998362362385E-003   30.997695827183872     
   7.6633331621189914E-003   30.785541744575241     
   7.9966664880017444E-003   30.532244895953795     
   8.3299998138844974E-003   30.282204622190967     
   8.6633331397672503E-003   30.076695553415121     
   8.9966664656500033E-003   29.940157143439318     
   9.3299997915327545E-003   29.872994472317000     
   9.6633331174155075E-003   29.853375688856783     
   9.9966664432982605E-003   29.846872094001391     
   1.0329999769181013E-002   29.819757036377496     
   1.0663333095063766E-002   29.750647666629952     
   1.0996666420946519E-002   29.636300729888642     
   1.1329999746829272E-002   29.490085154954613     
   1.1663333072712025E-002   29.334647041396231     
   1.1996666398594778E-002   29.192291260693104     
   1.2329999724477530E-002   29.076958525621855     
   1.2663333050360282E-002   28.990497824845644     
   1.2996666376243035E-002   28.923936857274995     
   1.3329999702125788E-002   28.862534630724468     
   1.3663333028008541E-002   28.792244965800734     
   1.3996666353891294E-002   28.705088803034592     
   1.4329999679774047E-002   28.601675813164107     
   1.4663333005656799E-002   28.490326018759280     
   1.4996666331539552E-002   28.383455785592872     
   1.5329999657422304E-002   28.292738540571062     
   1.5663332983305057E-002   28.224826844336544     
   1.5996666309187810E-002   28.179108532296194     
   1.6329999635070563E-002   28.148202618324202     
   1.6663332960953316E-002   28.120932200992918     
   1.6996666286836069E-002   28.086648765300740     
   1.7329999612718822E-002   28.039309409439266     
   1.7663332938601575E-002   27.979798554934739     
   1.7996666264484328E-002   27.915627216481511     
   1.8329999590367081E-002   27.858120644972452     
   1.8663332916249831E-002   27.818159796057333     
   1.8996666242132584E-002   27.802101589236358     
   1.9329999568015337E-002   27.809436853594988     
   1.9663332893898090E-002   27.833070635479356     
   1.9996666219780843E-002   27.862094334029251     
   2.0329999545663596E-002   27.885969219483197     
   2.0663332871546349E-002   27.898527969116053     
   2.0996666197429101E-002   27.900307478134085     
   2.1329999523311854E-002   27.898381465528594     
   2.1663332849194607E-002   27.903789628337414     
   2.1996666175077360E-002   27.927508937596244     
   2.2329999500960113E-002   27.976394041194485     
   2.2663332826842866E-002   28.050496541180877     
   2.2996666152725619E-002   28.142700494150446     
   2.3329999478608372E-002   28.240856679579654     
   2.3663332804491125E-002   28.331791706282800     
   2.3996666130373878E-002   28.405934258465777     
   2.4329999456256628E-002   28.461015888844365     
   2.4663332782139381E-002   28.503470425801861     
   2.4996666108022134E-002   28.546780707144887     
   2.5329999433904887E-002   28.606988803887496     
   2.5663332759787640E-002   28.696645891195718     
   2.5996666085670393E-002   28.819273502645650     
   2.6329999411553145E-002   28.966570858706799     
   2.6663332737435898E-002   29.119909411744448     
   2.6996666063318651E-002   29.256185827605272     
   2.7329999389201404E-002   29.356312919840441     
   2.7663332715084157E-002   29.413241062370020     
   2.7996666040966910E-002   29.436132586839417     
   2.8329999366849663E-002   29.448489411798946     
   2.8663332692732416E-002   29.480351118202950     
   2.8996666018615169E-002   29.557221389238780     
   2.9329999344497919E-002   29.689993446558489     
   2.9663332670380672E-002   29.870001027525046     
   2.9996665996263425E-002   30.071370207080900     
   3.0329999322146178E-002   30.259898619938209     
   3.0663332648028931E-002   30.405044478525905     
   3.0996665973911684E-002   30.490429414852009     
   3.1329999299794437E-002   30.519008807742367     
   3.1663332625677193E-002   30.511316381348902     
   3.1996665951559942E-002   30.497895240334852     
   3.2329999277442692E-002   30.509044144521393     
   3.2663332603325448E-002   30.565620260021877     
   3.2996665929208198E-002   30.673804916739101     
   3.3329999255090954E-002   30.824993689449514     
   3.3663332580973704E-002   31.000107324385283     
   3.3996665906856460E-002   31.176317481743922     
   3.4329999232739210E-002   31.333777510355997     
   3.4663332558621966E-002   31.460391588332193     
   3.4996665884504716E-002   31.553619461791708     
   3.5329999210387472E-002   31.619380411600858     
   3.5663332536270222E-002   31.668940161771754     
   3.5996665862152978E-002   31.715049718882561     
   3.6329999188035728E-002   31.768540665544307     
   3.6663332513918484E-002   31.836183907858356     
   3.6996665839801234E-002   31.920070962678853     
   3.7329999165683983E-002   32.018263649158229     
   3.7663332491566739E-002   32.126120021359661     
   3.7996665817449489E-002   32.237611672148105     
   3.8329999143332245E-002   32.346094305883568     
   3.8663332469214995E-002   32.444309195696910     
   3.8996665795097751E-002   32.523766588058329     
   3.9329999120980501E-002   32.573972695498497     
   3.9663332446863257E-002   32.582111600214397     
   3.9996665772746007E-002   32.533731869178034     
