   3.3333331843217230E-006   13.745706759098379     
   3.2999999269843104E-004   15.400932281034393     
   6.6333331858118379E-004   18.005421436733720     
   9.9666664446393643E-004   21.191873651552200     
   1.3299999703466892E-003   24.596995636365989     
   1.6633332962294419E-003   27.892146205127080     
   1.9966666221121949E-003   30.825694597746498     
   2.3299999479949474E-003   33.246786294835864     
   2.6633332738777004E-003   35.106546282474028     
   2.9966665997604534E-003   36.437614879613442     
   3.3299999256432059E-003   37.317929258800582     
   3.6633332515259584E-003   37.828718029800797     
   3.9966665774087114E-003   38.018626181910122     
   4.3299999032914644E-003   37.884841341351375     
   4.6633332291742165E-003   37.377758188370642     
   4.9966665550569694E-003   36.428737446910496     
   5.3299998809397224E-003   34.992603051859682     
   5.6633332068224754E-003   33.090218602623544     
   5.9966665327052283E-003   30.834441320159797     
   6.3299998585879804E-003   28.426646149211802     
   6.6633331844707334E-003   26.120508189143226     
   6.9966665103534864E-003   24.162034360783817     
   7.3299998362362385E-003   22.725314776097207     
   7.6633331621189914E-003   21.867376529821811     
   7.9966664880017444E-003   21.520242072067695     
   8.3299998138844974E-003   21.524979348284941     
   8.6633331397672503E-003   21.696176385460600     
   8.9966664656500033E-003   21.892795939722642     
   9.3299997915327545E-003   22.068443984334188     
   9.6633331174155075E-003   22.282309197023174     
   9.9966664432982605E-003   22.667939364929889     
   1.0329999769181013E-002   23.373664529841925     
   1.0663333095063766E-002   24.498739866001930     
   1.0996666420946519E-002   26.049220109039034     
   1.1329999746829272E-002   27.928043993575422     
   1.1663333072712025E-002   29.959644826188629     
   1.1996666398594778E-002   31.936844916549948     
   1.2329999724477530E-002   33.671553696178322     
   1.2663333050360282E-002   35.032296084265326     
   1.2996666376243035E-002   35.958966090487500     
   1.3329999702125788E-002   36.454646049194963     
   1.3663333028008541E-002   36.562059559527555     
   1.3996666353891294E-002   36.335881683016360     
   1.4329999679774047E-002   35.821320705447775     
   1.4663333005656799E-002   35.045324773880829     
   1.4996666331539552E-002   34.021436675025193     
   1.5329999657422304E-002   32.764619567565013     
   1.5663332983305057E-002   31.309558174289172     
   1.5996666309187810E-002   29.725429251288713     
   1.6329999635070563E-002   28.121649856547489     
   1.6663332960953316E-002   26.641931337873750     
   1.6996666286836069E-002   25.447216160964249     
   1.7329999612718822E-002   24.690946460092924     
   1.7663332938601575E-002   24.492006421289901     
   1.7996666264484328E-002   24.911267891872150     
   1.8329999590367081E-002   25.936912798102579     
   1.8663332916249831E-002   27.481838217609614     
   1.8996666242132584E-002   29.393912633511274     
   1.9329999568015337E-002   31.477207645316831     
   1.9663332893898090E-002   33.520145551109039     
   1.9996666219780843E-002   35.325231652327602     
   2.0329999545663596E-002   36.734920788739842     
   2.0663332871546349E-002   37.649181079061044     
   2.0996666197429101E-002   38.032200028927335     
   2.1329999523311854E-002   37.907991111306060     
   2.1663332849194607E-002   37.346895771258595     
   2.1996666175077360E-002   36.446670854390270     
   2.2329999500960113E-002   35.312670148552534     
   2.2663332826842866E-002   34.041423908510431     
   2.2996666152725619E-002   32.710753067775528     
   2.3329999478608372E-002   31.377685307998583     
   2.3663332804491125E-002   30.083290919722455     
   2.3996666130373878E-002   28.861648189199144     
   2.4329999456256628E-002   27.749001560850697     
   2.4663332782139381E-002   26.789181501754637     
   2.4996666108022134E-002   26.032631210639423     
   2.5329999433904887E-002   25.528670474709518     
   2.5663332759787640E-002   25.313267994003603     
   2.5996666085670393E-002   25.396682828359200     
   2.6329999411553145E-002   25.756000419763126     
   2.6663332737435898E-002   26.336356822235896     
   2.6996666063318651E-002   27.061738540078046     
   2.7329999389201404E-002   27.852632141618528     
   2.7663332715084157E-002   28.644900000673985     
   2.7996666040966910E-002   29.403380191522761     
   2.8329999366849663E-002   30.125410451843251     
   2.8663332692732416E-002   30.833216538977350     
   2.8996666018615169E-002   31.558382452416986     
   2.9329999344497919E-002   32.324610863049031     
   2.9663332670380672E-002   33.135393136632786     
   2.9996665996263425E-002   33.970903972053911     
   3.0329999322146178E-002   34.794502610866914     
   3.0663332648028931E-002   35.565427408264561     
   3.0996665973911684E-002   36.252201141962630     
   3.1329999299794437E-002   36.841610493108796     
   3.1663332625677193E-002   37.340451397860392     
   3.1996665951559942E-002   37.770319170215764     
   3.2329999277442692E-002   38.158211640811352     
   3.2663332603325448E-002   38.526728106727013     
   3.2996665929208198E-002   38.887076155299575     
   3.3329999255090954E-002   39.236489204002183     
   3.3663332580973704E-002   39.559844741773233     
   3.3996665906856460E-002   39.833975810944260     
   3.4329999232739210E-002   40.032734412196696     
   3.4663332558621966E-002   40.131233284497512     
   3.4996665884504716E-002   40.108520815682070     
   3.5329999210387472E-002   39.948811422193955     
   3.5663332536270222E-002   39.641969740897771     
   3.5996665862152978E-002   39.184080466171480     
   3.6329999188035728E-002   38.578659951074954     
   3.6663332513918484E-002   37.838544410146461     
   3.6996665839801234E-002   36.987939963597164     
   3.7329999165683983E-002   36.063741246319459     
   3.7663332491566739E-002   35.115148448196550     
   3.7996665817449489E-002   34.200873437031973     
   3.8329999143332245E-002   33.383763823651257     
   3.8663332469214995E-002   32.723352340873035     
   3.8996665795097751E-002   32.267479207790224     
   3.9329999120980501E-002   32.044562082099048     
   3.9663332446863257E-002   32.058174336086680     
   3.9996665772746007E-002   32.285291067330000     
