   3.3333331843217230E-006   28.022965493044062     
   3.2999999269843104E-004   28.026927547821636     
   6.6333331858118379E-004   28.038690766243967     
   9.9666664446393643E-004   28.057418616942179     
   1.3299999703466892E-003   28.081798450906298     
   1.6633332962294419E-003   28.110162520327414     
   1.9966666221121949E-003   28.140642999380798     
   2.3299999479949474E-003   28.171347820366375     
   2.6633332738777004E-003   28.200542319263981     
   2.9966665997604534E-003   28.226821112114294     
   3.3299999256432059E-003   28.249255346710388     
   3.6633332515259584E-003   28.267502434840438     
   3.9966665774087114E-003   28.281868408406581     
   4.3299999032914644E-003   28.293316908665791     
   4.6633332291742165E-003   28.303423193502216     
   4.9966665550569694E-003   28.314276072555778     
   5.3299998809397224E-003   28.328334981041660     
   5.6633332068224754E-003   28.348253125168718     
   5.9966665327052283E-003   28.376680467627345     
   6.3299998585879804E-003   28.416062035981287     
   6.6633331844707334E-003   28.468447487612345     
   6.9966665103534864E-003   28.535327013943618     
   7.3299998362362385E-003   28.617506583224635     
   7.6633331621189914E-003   28.715032376189392     
   7.9966664880017444E-003   28.827170321094002     
   8.3299998138844974E-003   28.952442209078036     
   8.6633331397672503E-003   29.088715332068812     
   8.9966664656500033E-003   29.233338307507733     
   9.3299997915327545E-003   29.383312089341693     
   9.6633331174155075E-003   29.535482414445607     
   9.9966664432982605E-003   29.686738323451902     
   1.0329999769181013E-002   29.834201055671567     
   1.0663333095063766E-002   29.975388574531681     
   1.0996666420946519E-002   30.108343150001616     
   1.1329999746829272E-002   30.231712624037080     
   1.1663333072712025E-002   30.344779944491787     
   1.1996666398594778E-002   30.447439939159864     
   1.2329999724477530E-002   30.540126745879622     
   1.2663333050360282E-002   30.623699443364909     
   1.2996666376243035E-002   30.699296893508734     
   1.3329999702125788E-002   30.768175317835418     
   1.3663333028008541E-002   30.831543477329536     
   1.3996666353891294E-002   30.890410393025657     
   1.4329999679774047E-002   30.945459329490468     
   1.4663333005656799E-002   30.996959368405989     
   1.4996666331539552E-002   31.044722528961668     
   1.5329999657422304E-002   31.088110333247094     
   1.5663332983305057E-002   31.126089315339378     
   1.5996666309187810E-002   31.157330609668389     
   1.6329999635070563E-002   31.180344803359478     
   1.6663332960953316E-002   31.193640040993394     
   1.6996666286836069E-002   31.195889208246033     
   1.7329999612718822E-002   31.186091085918655     
   1.7663332938601575E-002   31.163710746769826     
   1.7996666264484328E-002   31.128786140904648     
   1.8329999590367081E-002   31.081990646730716     
   1.8663332916249831E-002   31.024645118539976     
   1.8996666242132584E-002   30.958677322079744     
   1.9329999568015337E-002   30.886531244301167     
   1.9663332893898090E-002   30.811033197052797     
   1.9996666219780843E-002   30.735225520529404     
   2.0329999545663596E-002   30.662181687025917     
   2.0663332871546349E-002   30.594818437543847     
   2.0996666197429101E-002   30.535721077941929     
   2.1329999523311854E-002   30.486997154953357     
   2.1663332849194607E-002   30.450171482088344     
   2.1996666175077360E-002   30.426132063804932     
   2.2329999500960113E-002   30.415132148917046     
   2.2663332826842866E-002   30.416848787585028     
   2.2996666152725619E-002   30.430493278903153     
   2.3329999478608372E-002   30.454964204659110     
   2.3663332804491125E-002   30.489029758133793     
   2.3996666130373878E-002   30.531523151074730     
   2.4329999456256628E-002   30.581533289921879     
   2.4663332782139381E-002   30.638572818807507     
   2.4996666108022134E-002   30.702707073058999     
   2.5329999433904887E-002   30.774630385070164     
   2.5663332759787640E-002   30.855680322716651     
   2.5996666085670393E-002   30.947785498898615     
   2.6329999411553145E-002   31.053348165780879     
   2.6663332737435898E-002   31.175068444112298     
   2.6996666063318651E-002   31.315722267603231     
   2.7329999389201404E-002   31.477909500089368     
   2.7663332715084157E-002   31.663791826147964     
   2.7996666040966910E-002   31.874841635362476     
   2.8329999366849663E-002   32.111623047725573     
   2.8663332692732416E-002   32.373624429552763     
   2.8996666018615169E-002   32.659158333178013     
   2.9329999344497919E-002   32.965340001104018     
   2.9663332670380672E-002   33.288149764098918     
   2.9996665996263425E-002   33.622578279886369     
   3.0329999322146178E-002   33.962847105426803     
   3.0663332648028931E-002   34.302691086200539     
   3.0996665973911684E-002   34.635683967663638     
   3.1329999299794437E-002   34.955584907008898     
   3.1663332625677193E-002   35.256681505108368     
   3.1996665951559942E-002   35.534104777404437     
   3.2329999277442692E-002   35.784093180958152     
   3.2663332603325448E-002   36.004186304190299     
   3.2996665929208198E-002   36.193333853423461     
   3.3329999255090954E-002   36.351911758318714     
   3.3663332580973704E-002   36.481644092789566     
   3.3996665906856460E-002   36.585436536078895     
   3.4329999232739210E-002   36.667133730738037     
   3.4663332558621966E-002   36.731218607689584     
   3.4996665884504716E-002   36.782476089965485     
   3.5329999210387472E-002   36.825646208572408     
   3.5663332536270222E-002   36.865092353118492     
   3.5996665862152978E-002   36.904509075450001     
   3.6329999188035728E-002   36.946690663638762     
   3.6663332513918484E-002   36.993376854252745     
   3.6996665839801234E-002   37.045185932768803     
   3.7329999165683983E-002   37.101638567079760     
   3.7663332491566739E-002   37.161268572963507     
   3.7996665817449489E-002   37.221809989167461     
   3.8329999143332245E-002   37.280443884628262     
   3.8663332469214995E-002   37.334083704292127     
   3.8996665795097751E-002   37.379675049796212     
   3.9329999120980501E-002   37.414484817894092     
   3.9663332446863257E-002   37.436355659416215     
   3.9996665772746007E-002   37.443904690356725     
