   3.3333331843217230E-006   31.702834361727721     
   3.2999999269843104E-004   32.035092921520089     
   6.6333331858118379E-004   32.548117221978565     
   9.9666664446393643E-004   33.187450972089579     
   1.3299999703466892E-003   33.868389296003954     
   1.6633332962294419E-003   34.497054978336131     
   1.9966666221121949E-003   35.000209995790584     
   2.3299999479949474E-003   35.348351691535804     
   2.6633332738777004E-003   35.563746034030189     
   2.9966665997604534E-003   35.710445429874731     
   3.3299999256432059E-003   35.869956723940852     
   3.6633332515259584E-003   36.111531674825351     
   3.9966665774087114E-003   36.467984369439179     
   4.3299999032914644E-003   36.925739381771692     
   4.6633332291742165E-003   37.432340484859658     
   4.9966665550569694E-003   37.918039523657164     
   5.3299998809397224E-003   38.322898089720532     
   5.6633332068224754E-003   38.619034528797798     
   5.9966665327052283E-003   38.819839132911788     
   6.3299998585879804E-003   38.973199840958728     
   6.6633331844707334E-003   39.141926879559179     
   6.9966665103534864E-003   39.379255785210198     
   7.3299998362362385E-003   39.708821812487692     
   7.6633331621189914E-003   40.116409272157881     
   7.9966664880017444E-003   40.556056018492846     
   8.3299998138844974E-003   40.967649778431145     
   8.6633331397672503E-003   41.299059552297273     
   8.9966664656500033E-003   41.524533737330863     
   9.3299997915327545E-003   41.652867252665871     
   9.6633331174155075E-003   41.722836666804973     
   9.9966664432982605E-003   41.788025213842189     
   1.0329999769181013E-002   41.896717882562463     
   1.0663333095063766E-002   42.073882200879318     
   1.0996666420946519E-002   42.311100423887225     
   1.1329999746829272E-002   42.567314222434057     
   1.1663333072712025E-002   42.779583197805671     
   1.1996666398594778E-002   42.880024898708058     
   1.2329999724477530E-002   42.813607475746039     
   1.2663333050360282E-002   42.551787749234613     
   1.2996666376243035E-002   42.098775235380714     
   1.3329999702125788E-002   41.489685937947890     
   1.3663333028008541E-002   41.936721585736869     
   1.3996666353891294E-002   42.316145113516328     
   1.4329999679774047E-002   42.647671637295701     
   1.4663333005656799E-002   42.956807331974780     
   1.4996666331539552E-002   43.261043078455238     
   1.5329999657422304E-002   43.569520159819362     
   1.5663332983305057E-002   43.884001100293659     
   1.5996666309187810E-002   44.200678274677543     
   1.6329999635070563E-002   44.512351393522380     
   1.6663332960953316E-002   44.810567863552436     
   1.6996666286836069E-002   45.087421928991233     
   1.7329999612718822E-002   45.336826294325590     
   1.7663332938601575E-002   45.555184860660788     
   1.7996666264484328E-002   45.741493808567803     
   1.8329999590367081E-002   45.896972374020962     
   1.8663332916249831E-002   46.024370875854672     
   1.8996666242132584E-002   46.127122280105027     
   1.9329999568015337E-002   46.208498040008223     
   1.9663332893898090E-002   46.270904128415417     
   1.9996666219780843E-002   46.315414990232547     
   2.0329999545663596E-002   46.341597706663492     
   2.0663332871546349E-002   46.347631796463176     
   2.0996666197429101E-002   46.330686930192741     
   2.1329999523311854E-002   46.287485631633096     
   2.1663332849194607E-002   46.214953924813372     
   2.1996666175077360E-002   46.110851787145968     
   2.2329999500960113E-002   45.974277853626099     
   2.2663332826842866E-002   45.805958489820718     
   2.2996666152725619E-002   45.608258347820588     
   2.3329999478608372E-002   45.384885074790468     
   2.3663332804491125E-002   45.140301430954203     
   2.3996666130373878E-002   44.878899678071207     
   2.4329999456256628E-002   44.604031498097001     
   2.4663332782139381E-002   44.317017724434223     
   2.4996666108022134E-002   44.016281933759181     
   2.5329999433904887E-002   43.696757094586893     
   2.5663332759787640E-002   43.349702419776030     
   2.5996666085670393E-002   42.963036843219129     
   2.6329999411553145E-002   42.522246142764622     
   2.6663332737435898E-002   42.011854591905070     
   2.6996666063318651E-002   42.031184050169259     
   2.7329999389201404E-002   41.990542943607799     
   2.7663332715084157E-002   41.865191710683739     
   2.7996666040966910E-002   41.647344685144667     
   2.8329999366849663E-002   41.341264702159883     
   2.8663332692732416E-002   40.962329099322801     
   2.8996666018615169E-002   40.534104761565871     
   2.9329999344497919E-002   40.083906756950569     
   2.9663332670380672E-002   39.637684910158526     
   2.9996665996263425E-002   39.215292256697033     
   3.0329999322146178E-002   38.827171071515366     
   3.0663332648028931E-002   38.473227526421404     
   3.0996665973911684E-002   38.144196179101101     
   3.1329999299794437E-002   37.825217657136285     
   3.1663332625677193E-002   37.500801533178979     
   3.1996665951559942E-002   37.159962401655193     
   3.2329999277442692E-002   36.800211971202650     
   3.2663332603325448E-002   36.429313420031221     
   3.2996665929208198E-002   36.064225467876156     
   3.3329999255090954E-002   35.727371420735253     
   3.3663332580973704E-002   35.441093162743528     
   3.3996665906856460E-002   35.221703052331350     
   3.4329999232739210E-002   35.074768562953551     
   3.4663332558621966E-002   34.993069913529631     
   3.4996665884504716E-002   34.958077142248591     
   3.5329999210387472E-002   34.944923524868422     
   3.5663332536270222E-002   34.929911863399681     
   3.5996665862152978E-002   34.898817237251940     
   3.6329999188035728E-002   34.853855708126851     
   3.6663332513918484E-002   34.817301141875987     
   3.6996665839801234E-002   34.830358867431258     
   3.7329999165683983E-002   34.946924480271711     
   3.7663332491566739E-002   35.223046011230068     
   3.7996665817449489E-002   35.703996464499397     
   3.8329999143332245E-002   36.411597153861322     
   3.8663332469214995E-002   37.334634237080579     
   3.8996665795097751E-002   38.424822775073714     
   3.9329999120980501E-002   39.599861475717667     
   3.9663332446863257E-002   40.753856186997631     
   3.9996665772746007E-002   41.773997605261805     
