   3.3333331843217230E-006   32.840698446878505     
   3.2999999269843104E-004   32.834898087148950     
   6.6333331858118379E-004   32.817314947557499     
   9.9666664446393643E-004   32.788113839019267     
   1.3299999703466892E-003   32.747567138470941     
   1.6633332962294419E-003   32.696050265034920     
   1.9966666221121949E-003   32.634035472568364     
   2.3299999479949474E-003   32.562084088559899     
   2.6633332738777004E-003   32.480837361418736     
   2.9966665997604534E-003   32.391006106573052     
   3.3299999256432059E-003   32.293359365817956     
   3.6633332515259584E-003   32.188712313487429     
   3.9966665774087114E-003   32.077913656847379     
   4.3299999032914644E-003   31.961832786324358     
   4.6633332291742165E-003   31.841346933629442     
   4.9966665550569694E-003   31.717328592486979     
   5.3299998809397224E-003   31.590633447640034     
   5.6633332068224754E-003   31.462089043324845     
   5.9966665327052283E-003   31.332484402855354     
   6.3299998585879804E-003   31.202560786827824     
   6.6633331844707334E-003   31.073003749338650     
   6.9966665103534864E-003   30.944436620195745     
   7.3299998362362385E-003   30.817415507155520     
   7.6633331621189914E-003   30.692425876553681     
   7.9966664880017444E-003   30.569880734171672     
   8.3299998138844974E-003   30.450120391662281     
   8.6633331397672503E-003   30.333413768211134     
   8.9966664656500033E-003   30.219961143172856     
   9.3299997915327545E-003   30.109898243981657     
   9.6633331174155075E-003   30.003301525421488     
   9.9966664432982605E-003   29.900194471990805     
   1.0329999769181013E-002   29.800554735156076     
   1.0663333095063766E-002   29.704321902187715     
   1.0996666420946519E-002   29.611405683323412     
   1.1329999746829272E-002   29.521694299390990     
   1.1663333072712025E-002   29.435062852795046     
   1.1996666398594778E-002   29.351381470850360     
   1.2329999724477530E-002   29.270523021617098     
   1.2663333050360282E-002   29.192370218324978     
   1.2996666376243035E-002   29.116821948714506     
   1.3329999702125788E-002   29.043798689622129     
   1.3663333028008541E-002   28.973246894247715     
   1.3996666353891294E-002   28.905142269055094     
   1.4329999679774047E-002   28.839491888397561     
   1.4663333005656799E-002   28.776335126927126     
   1.4996666331539552E-002   28.715743421818324     
   1.5329999657422304E-002   28.657818908000820     
   1.5663332983305057E-002   28.602691999161394     
   1.5996666309187810E-002   28.550518014502519     
   1.6329999635070563E-002   28.501472975452728     
   1.6663332960953316E-002   28.455748717115345     
   1.6996666286836069E-002   28.413547475714289     
   1.7329999612718822E-002   28.375076125253585     
   1.7663332938601575E-002   28.340540243773606     
   1.7996666264484328E-002   28.310138191808658     
   1.8329999590367081E-002   28.284055382900462     
   1.8663332916249831E-002   28.262458918403997     
   1.8996666242132584E-002   28.245492746560249     
   1.9329999568015337E-002   28.233273489253030     
   1.9663332893898090E-002   28.225887059467563     
   1.9996666219780843E-002   28.223386168781506     
   2.0329999545663596E-002   28.225788797882011     
   2.0663332871546349E-002   28.233077674820095     
   2.0996666197429101E-002   28.245200776240612     
   2.1329999523311854E-002   28.262072836947514     
   2.1663332849194607E-002   28.283577823675628     
   2.1996666175077360E-002   28.309572300625980     
   2.2329999500960113E-002   28.339889587938664     
   2.2663332826842866E-002   28.374344590530704     
   2.2996666152725619E-002   28.412739154255362     
   2.3329999478608372E-002   28.454867789699563     
   2.3663332804491125E-002   28.500523591585246     
   2.3996666130373878E-002   28.549504174025635     
   2.4329999456256628E-002   28.601617439039241     
   2.4663332782139381E-002   28.656686997845462     
   2.4996666108022134E-002   28.714557071534468     
   2.5329999433904887E-002   28.775096709567944     
   2.5663332759787640E-002   28.838203180952423     
   2.5996666085670393E-002   28.903804413440429     
   2.6329999411553145E-002   28.971860380255276     
   2.6663332737435898E-002   29.042363361008327     
   2.6996666063318651E-002   29.115337033003389     
   2.7329999389201404E-002   29.190834380262451     
   2.7663332715084157E-002   29.268934439570021     
   2.7996666040966910E-002   29.349737934808477     
   2.8329999366849663E-002   29.433361882022677     
   2.8663332692732416E-002   29.519933277203858     
   2.8996666018615169E-002   29.609582005950525     
   2.9329999344497919E-002   29.702433138230813     
   2.9663332670380672E-002   29.798598791793022     
   2.9996665996263425E-002   29.898169763794225     
   3.0329999322146178E-002   30.001207141487821     
   3.0663332648028931E-002   30.107734108993757     
   3.0996665973911684E-002   30.217728168055430     
   3.1329999299794437E-002   30.331113986181649     
   3.1663332625677193E-002   30.447757075729317     
   3.1996665951559942E-002   30.567458492482327     
   3.2329999277442692E-002   30.689950722434698     
   3.2663332603325448E-002   30.814894901219176     
   3.2996665929208198E-002   30.941879482479571     
   3.3329999255090954E-002   31.070420440103977     
   3.3663332580973704E-002   31.199963055340582     
   3.3996665906856460E-002   31.329885304197553     
   3.4329999232739210E-002   31.459502824019328     
   3.4663332558621966E-002   31.588075401597195     
   3.4996665884504716E-002   31.714814889482486     
   3.5329999210387472E-002   31.838894423180481     
   3.5663332536270222E-002   31.959458780431738     
   3.5996665862152978E-002   32.075635695598208     
   3.6329999188035728E-002   32.186547917954464     
   3.6663332513918484E-002   32.291325783036505     
   3.6996665839801234E-002   32.389120051615507     
   3.7329999165683983E-002   32.479114761714854     
   3.7663332491566739E-002   32.560539835622791     
   3.7996665817449489E-002   32.632683186182881     
   3.8329999143332245E-002   32.694902074746629     
   3.8663332469214995E-002   32.746633486885976     
   3.8996665795097751E-002   32.787403310995082     
   3.9329999120980501E-002   32.816834128840519     
   3.9663332446863257E-002   32.834651455410544     
   3.9996665772746007E-002   32.840688297428379     
