   3.3333331843217230E-006   36.710110132424646     
   3.2999999269843104E-004   34.232682298019832     
   6.6333331858118379E-004   30.860998299955927     
   9.9666664446393643E-004   27.396173730269361     
   1.3299999703466892E-003   24.429275437553486     
   1.6633332962294419E-003   22.338491788754048     
   1.9966666221121949E-003   21.317225317358968     
   2.3299999479949474E-003   21.428400829606115     
   2.6633332738777004E-003   22.644197392567612     
   2.9966665997604534E-003   24.849234464623116     
   3.3299999256432059E-003   27.812704669347191     
   3.6633332515259584E-003   31.157937165733266     
   3.9966665774087114E-003   34.365571621169984     
   4.3299999032914644E-003   36.835067423897826     
   4.6633332291742165E-003   38.003467116705551     
   4.9966665550569694E-003   37.491578401439632     
   5.3299998809397224E-003   35.229094919191681     
   5.6633332068224754E-003   31.510652421833374     
   5.9966665327052283E-003   26.955369879473210     
   6.3299998585879804E-003   22.375400216415088     
   6.6633331844707334E-003   18.591300928721257     
   6.9966665103534864E-003   16.250580881027595     
   7.3299998362362385E-003   15.703119415082158     
   7.6633331621189914E-003   16.964563137797008     
   7.9966664880017444E-003   19.765752846062924     
   8.3299998138844974E-003   23.656364269082619     
   8.6633331397672503E-003   28.116320884069186     
   8.9966664656500033E-003   32.634557041347186     
   9.3299997915327545E-003   36.737876500717462     
   9.6633331174155075E-003   39.982077576297691     
   9.9966664432982605E-003   41.939546846899162     
   1.0329999769181013E-002   42.221547311115515     
   1.0663333095063766E-002   40.556482939458157     
   1.0996666420946519E-002   36.913724531457639     
   1.1329999746829272E-002   31.629336012764281     
   1.1663333072712025E-002   25.470379390320744     
   1.1996666398594778E-002   19.579464735424644     
   1.2329999724477530E-002   15.273170699830532     
   1.2663333050360282E-002   13.718861677610873     
   1.2996666376243035E-002   15.567950920110421     
   1.3329999702125788E-002   20.660253108892064     
   1.3663333028008541E-002   29.488170581540466     
   1.3996666353891294E-002   37.907729010065793     
   1.4329999679774047E-002   43.148255002666765     
   1.4663333005656799E-002   43.680214914349150     
   1.4996666331539552E-002   39.757571812250660     
   1.5329999657422304E-002   33.270892052774421     
   1.5663332983305057E-002   26.943993188775622     
   1.5996666309187810E-002   23.198687723976462     
   1.6329999635070563E-002   23.163015643045217     
   1.6663332960953316E-002   26.249708473429319     
   1.6996666286836069E-002   30.492888352970628     
   1.7329999612718822E-002   33.498751751687401     
   1.7663332938601575E-002   33.586204937690553     
   1.7996666264484328E-002   30.596880885619942     
   1.8329999590367081E-002   25.993575366872609     
   1.8663332916249831E-002   22.186900614608362     
   1.8996666242132584E-002   21.388860159834266     
   1.9329999568015337E-002   24.521728162079331     
   1.9663332893898090E-002   30.698395682560214     
   1.9996666219780843E-002   37.534736973023428     
   2.0329999545663596E-002   42.170171399689522     
   2.0663332871546349E-002   42.538719169753648     
   2.0996666197429101E-002   38.308673249920560     
   2.1329999523311854E-002   31.056374425824906     
   2.1663332849194607E-002   23.591416628204129     
   2.1996666175077360E-002   18.741723791460849     
   2.2329999500960113E-002   18.152895880487122     
   2.2663332826842866E-002   21.642062968893946     
   2.2996666152725619E-002   27.381696788525602     
   2.3329999478608372E-002   32.801673175656987     
   2.3663332804491125E-002   35.772335756358146     
   2.3996666130373878E-002   35.518148268186387     
   2.4329999456256628E-002   32.857275238524323     
   2.4663332782139381E-002   29.690310798327967     
   2.4996666108022134E-002   28.011787305864122     
   2.5329999433904887E-002   28.927128195405867     
   2.5663332759787640E-002   32.134407715984374     
   2.5996666085670393E-002   36.095852716415756     
   2.6329999411553145E-002   38.796314924503690     
   2.6663332737435898E-002   38.719611721125347     
   2.6996666063318651E-002   36.055820917699236     
   2.7329999389201404E-002   31.313168745171030     
   2.7663332715084157E-002   26.029752587198882     
   2.7996666040966910E-002   22.030519973094385     
   2.8329999366849663E-002   20.804192555760181     
   2.8663332692732416E-002   23.012843170031779     
   2.8996666018615169E-002   28.280348440748792     
   2.9329999344497919E-002   35.311953010350038     
   2.9663332670380672E-002   42.291480084551168     
   2.9996665996263425E-002   47.421723613539740     
   3.0329999322146178E-002   49.439246988590334     
   3.0663332648028931E-002   47.953361346390366     
   3.0996665973911684E-002   43.520598284331335     
   3.1329999299794437E-002   37.448998405702724     
   3.1663332625677193E-002   31.405076164809515     
   3.1996665951559942E-002   26.947890628311782     
   3.2329999277442692E-002   25.126348409628207     
   3.2663332603325448E-002   26.247320205354004     
   3.2996665929208198E-002   29.864681614260682     
   3.3329999255090954E-002   34.971891432362924     
   3.3663332580973704E-002   40.323705389623569     
   3.3996665906856460E-002   44.782156823102440     
   3.4329999232739210E-002   47.585214349656098     
   3.4663332558621966E-002   48.470235818063415     
   3.4996665884504716E-002   47.636138924449092     
   3.5329999210387472E-002   45.580812758971859     
   3.5663332536270222E-002   42.886880809555421     
   3.5996665862152978E-002   40.038313368284676     
   3.6329999188035728E-002   37.330449047113724     
   3.6663332513918484E-002   34.894300170416365     
   3.6996665839801234E-002   32.807528529525499     
   3.7329999165683983E-002   31.226789019300256     
   3.7663332491566739E-002   30.463780246477420     
   3.7996665817449489E-002   30.946717676383411     
   3.8329999143332245E-002   33.055555224475398     
   3.8663332469214995E-002   36.878254896634765     
   3.8996665795097751E-002   41.985482533343912     
   3.9329999120980501E-002   47.341175403279721     
   3.9663332446863257E-002   51.442828125411936     
   3.9996665772746007E-002   52.717767943989500     
