   3.3333331843217230E-006   10.089140597985338     
   3.2999999269843104E-004   13.912017503666243     
   6.6333331858118379E-004   16.965786911213854     
   9.9666664446393643E-004   19.425379431779135     
   1.3299999703466892E-003   22.066926940257694     
   1.6633332962294419E-003   25.815389328537357     
   1.9966666221121949E-003   31.314568891603212     
   2.3299999479949474E-003   38.594414850318543     
   2.6633332738777004E-003   46.963118580883133     
   2.9966665997604534E-003   55.169805380119840     
   3.3299999256432059E-003   61.782759961402967     
   3.6633332515259584E-003   65.646635745016141     
   3.9966665774087114E-003   66.251671409689791     
   4.3299999032914644E-003   63.880653010871697     
   4.6633332291742165E-003   59.482725782680831     
   4.9966665550569694E-003   54.324995752316212     
   5.3299998809397224E-003   49.554062608468797     
   5.6633332068224754E-003   45.829594062408880     
   5.9966665327052283E-003   43.160525859065210     
   6.3299998585879804E-003   40.995056048312726     
   6.6633331844707334E-003   38.519799545704359     
   6.9966665103534864E-003   35.047885816030039     
   7.3299998362362385E-003   30.347848989130522     
   7.6633331621189914E-003   24.793065375925138     
   7.9966664880017444E-003   19.282074659647229     
   8.3299998138844974E-003   14.965071378401282     
   8.6633331397672503E-003   12.879316790342459     
   8.9966664656500033E-003   13.622922934666590     
   9.3299997915327545E-003   17.175684717634748     
   9.6633331174155075E-003   22.918357075551810     
   9.9966664432982605E-003   29.831125218602491     
   1.0329999769181013E-002   36.793799001632848     
   1.0663333095063766E-002   42.883441025756454     
   1.0996666420946519E-002   47.575819096221906     
   1.1329999746829272E-002   50.797782048914712     
   1.1663333072712025E-002   52.831521507641824     
   1.1996666398594778E-002   54.119390838944021     
   1.2329999724477530E-002   55.044638510339261     
   1.2663333050360282E-002   55.763038007244624     
   1.2996666376243035E-002   56.136492276152005     
   1.3329999702125788E-002   55.782773831562473     
   1.3663333028008541E-002   54.339808700762234     
   1.3996666353891294E-002   51.002748378200231     
   1.4329999679774047E-002   46.367607199605324     
   1.4663333005656799E-002   41.253585263271269     
   1.4996666331539552E-002   36.542404704182189     
   1.5329999657422304E-002   33.013241851822848     
   1.5663332983305057E-002   31.202595421791461     
   1.5996666309187810E-002   31.316928231405413     
   1.6329999635070563E-002   33.213779391990968     
   1.6663332960953316E-002   36.452076197962398     
   1.6996666286836069E-002   40.397827445237958     
   1.7329999612718822E-002   44.360337417346891     
   1.7663332938601575E-002   47.728814802771915     
   1.7996666264484328E-002   50.080737905453873     
   1.8329999590367081E-002   51.241045659154899     
   1.8663332916249831E-002   51.283243311920920     
   1.8996666242132584E-002   50.476994774652319     
   1.9329999568015337E-002   49.198595553147918     
   1.9663332893898090E-002   47.828205670917086     
   1.9996666219780843E-002   46.659267810081197     
   2.0329999545663596E-002   45.840977437139941     
   2.0663332871546349E-002   45.365303281113007     
   2.0996666197429101E-002   45.098299180929473     
   2.1329999523311854E-002   44.844245785170472     
   2.1663332849194607E-002   44.423253243170983     
   2.1996666175077360E-002   43.740212538133029     
   2.2329999500960113E-002   42.825955452593966     
   2.2663332826842866E-002   41.839293547455675     
   2.2996666152725619E-002   41.029190583511060     
   2.3329999478608372E-002   40.666963133930892     
   2.3663332804491125E-002   40.966416541994974     
   2.3996666130373878E-002   42.013221649213257     
   2.4329999456256628E-002   43.722811807415809     
   2.4663332782139381E-002   45.839172854135462     
   2.4996666108022134E-002   47.976847407729551     
   2.5329999433904887E-002   49.697760221551995     
   2.5663332759787640E-002   50.605701670349120     
   2.5996666085670393E-002   50.436586541068955     
   2.6329999411553145E-002   49.123046692153522     
   2.6663332737435898E-002   46.817400129824101     
   2.6996666063318651E-002   44.723810197496533     
   2.7329999389201404E-002   42.546440800304225     
   2.7663332715084157E-002   40.548134460902922     
   2.7996666040966910E-002   38.941359401402636     
   2.8329999366849663E-002   37.856609917346574     
   2.8663332692732416E-002   37.336988519465081     
   2.8996666018615169E-002   37.349701144991634     
   2.9329999344497919E-002   37.808872135057818     
   2.9663332670380672E-002   38.601813785976255     
   2.9996665996263425E-002   39.610851234519394     
   3.0329999322146178E-002   40.725044777013153     
   3.0663332648028931E-002   41.840077054258643     
   3.0996665973911684E-002   42.849070680798427     
   3.1329999299794437E-002   43.630809647954052     
   3.1663332625677193E-002   44.043512000195605     
   3.1996665951559942E-002   43.931202070919866     
   3.2329999277442692E-002   43.145905269131624     
   3.2663332603325448E-002   41.583256605849698     
   3.2996665929208198E-002   39.223299107355039     
   3.3329999255090954E-002   36.164167340694526     
   3.3663332580973704E-002   32.635653618491148     
   3.3996665906856460E-002   28.983155820276274     
   3.4329999232739210E-002   25.619796236681402     
   3.4663332558621966E-002   22.953876793668648     
   3.4996665884504716E-002   21.307632159301107     
   3.5329999210387472E-002   20.848526387868304     
   3.5663332536270222E-002   21.553810764950210     
   3.5996665862152978E-002   23.221903871133133     
   3.6329999188035728E-002   25.531559648392502     
   3.6663332513918484E-002   28.134919454846401     
   3.6996665839801234E-002   30.757859660708522     
   3.7329999165683983E-002   33.275081046376215     
   3.7663332491566739E-002   35.731277513452397     
   3.7996665817449489E-002   38.293923618568208     
   3.8329999143332245E-002   41.144854395637353     
   3.8663332469214995E-002   44.340985314247440     
   3.8996665795097751E-002   47.691702379133012     
   3.9329999120980501E-002   50.704645796366513     
   3.9663332446863257E-002   52.638781180767737     
   3.9996665772746007E-002   52.674655913404301     
