   3.3333331843217230E-006   33.309810308128633     
   3.2999999269843104E-004   33.177515440308440     
   6.6333331858118379E-004   33.132887948002420     
   9.9666664446393643E-004   33.170615054231860     
   1.3299999703466892E-003   33.258787083747613     
   1.6633332962294419E-003   33.352433144741184     
   1.9966666221121949E-003   33.406396203563901     
   2.3299999479949474E-003   33.387303925969078     
   2.6633332738777004E-003   33.281286673126829     
   2.9966665997604534E-003   33.095601028209614     
   3.3299999256432059E-003   32.854342233009227     
   3.6633332515259584E-003   32.590238969050617     
   3.9966665774087114E-003   32.335496905783621     
   4.3299999032914644E-003   32.114518420768228     
   4.6633332291742165E-003   31.940237200676663     
   4.9966665550569694E-003   31.814277821009409     
   5.3299998809397224E-003   31.729812660140979     
   5.6633332068224754E-003   31.675330563305188     
   5.9966665327052283E-003   31.637713338927846     
   6.3299998585879804E-003   31.603831349605851     
   6.6633331844707334E-003   31.560866568242734     
   6.9966665103534864E-003   31.496269568040287     
   7.3299998362362385E-003   31.398358211102451     
   7.6633331621189914E-003   31.258072693641736     
   7.9966664880017444E-003   31.071593752490209     
   8.3299998138844974E-003   30.842821614677554     
   8.6633331397672503E-003   30.584456354441325     
   8.9966664656500033E-003   30.316754094068575     
   9.3299997915327545E-003   30.063828555101342     
   9.6633331174155075E-003   29.848293337848748     
   9.9966664432982605E-003   29.685714735214759     
   1.0329999769181013E-002   29.580496717670066     
   1.0663333095063766E-002   29.524395543821313     
   1.0996666420946519E-002   29.498035575913253     
   1.1329999746829272E-002   29.474889003503286     
   1.1663333072712025E-002   29.426518291916370     
   1.1996666398594778E-002   29.327670853664866     
   1.2329999724477530E-002   29.160081962916397     
   1.2663333050360282E-002   28.914427378781735     
   1.2996666376243035E-002   28.590514626547950     
   1.3329999702125788E-002   28.196263487053692     
   1.3663333028008541E-002   28.258357674932043     
   1.3996666353891294E-002   28.238231417965743     
   1.4329999679774047E-002   28.148947232651675     
   1.4663333005656799E-002   28.018563630035622     
   1.4996666331539552E-002   27.876829402301521     
   1.5329999657422304E-002   27.747228661443167     
   1.5663332983305057E-002   27.641634950998629     
   1.5996666309187810E-002   27.559349384085227     
   1.6329999635070563E-002   27.490712938490013     
   1.6663332960953316E-002   27.423748505610675     
   1.6996666286836069E-002   27.351078768933277     
   1.7329999612718822E-002   27.274203424755875     
   1.7663332938601575E-002   27.203243395516800     
   1.7996666264484328E-002   27.152132815145542     
   1.8329999590367081E-002   27.131241565475825     
   1.8663332916249831E-002   27.140705833577787     
   1.8996666242132584E-002   27.167721712651993     
   1.9329999568015337E-002   27.189613358607566     
   1.9663332893898090E-002   27.182114806609004     
   1.9996666219780843E-002   27.129935180580329     
   2.0329999545663596E-002   27.035324020123152     
   2.0663332871546349E-002   26.920687443730099     
   2.0996666197429101E-002   26.823341783345121     
   2.1329999523311854E-002   26.783529502603145     
   2.1663332849194607E-002   26.829688009829397     
   2.1996666175077360E-002   26.966462706623915     
   2.2329999500960113E-002   27.170375049128257     
   2.2663332826842866E-002   27.395480305619863     
   2.2996666152725619E-002   27.587676493700169     
   2.3329999478608372E-002   27.702942983100669     
   2.3663332804491125E-002   27.723032808643879     
   2.3996666130373878E-002   27.662768532873276     
   2.4329999456256628E-002   27.565945252962528     
   2.4663332782139381E-002   27.490907019006606     
   2.4996666108022134E-002   27.490630922883668     
   2.5329999433904887E-002   27.594215274337682     
   2.5663332759787640E-002   27.796248365603333     
   2.5996666085670393E-002   28.057784846211490     
   2.6329999411553145E-002   28.318592014461181     
   2.6663332737435898E-002   28.516429911313100     
   2.6996666063318651E-002   28.776090541729104     
   2.7329999389201404E-002   28.932463955742985     
   2.7663332715084157E-002   28.992130078101390     
   2.7996666040966910E-002   28.987968044674460     
   2.8329999366849663E-002   28.967774943814771     
   2.8663332692732416E-002   28.981339263916226     
   2.8996666018615169E-002   29.067648996815606     
   2.9329999344497919E-002   29.245316265974076     
   2.9663332670380672E-002   29.508398949318934     
   2.9996665996263425E-002   29.828437537104534     
   3.0329999322146178E-002   30.162030897642925     
   3.0663332648028931E-002   30.461989019942266     
   3.0996665973911684E-002   30.689305458447375     
   3.1329999299794437E-002   30.823051480777519     
   3.1663332625677193E-002   30.865824373598041     
   3.1996665951559942E-002   30.843452887180053     
   3.2329999277442692E-002   30.799024916825523     
   3.2663332603325448E-002   30.782644560114456     
   3.2996665929208198E-002   30.839340231893484     
   3.3329999255090954E-002   30.997996806425469     
   3.3663332580973704E-002   31.263962341856612     
   3.3996665906856460E-002   31.617126810303610     
   3.4329999232739210E-002   32.015978031116902     
   3.4663332558621966E-002   32.406710174170790     
   3.4996665884504716E-002   32.735237575086195     
   3.5329999210387472E-002   32.959258105570548     
   3.5663332536270222E-002   33.057507089518879     
   3.5996665862152978E-002   33.034064771017221     
   3.6329999188035728E-002   32.916860007390326     
   3.6663332513918484E-002   32.751025576733248     
   3.6996665839801234E-002   32.589099855973373     
   3.7329999165683983E-002   32.480852358302442     
   3.7663332491566739E-002   32.465486244821562     
   3.7996665817449489E-002   32.568106394052251     
   3.8329999143332245E-002   32.800853541923509     
   3.8663332469214995E-002   33.167423019374965     
   3.8996665795097751E-002   33.668348542354494     
   3.9329999120980501E-002   34.303931211925224     
   3.9663332446863257E-002   35.072319900086939     
   3.9996665772746007E-002   35.961961497057786     
