   3.3333331843217230E-006   29.577497174948906     
   3.2999999269843104E-004   29.649257575664276     
   6.6333331858118379E-004   29.837657500016959     
   9.9666664446393643E-004   30.120445299456918     
   1.3299999703466892E-003   30.456096569321979     
   1.6633332962294419E-003   30.793477175244973     
   1.9966666221121949E-003   31.084232856236699     
   2.3299999479949474E-003   31.294052099921846     
   2.6633332738777004E-003   31.409575597501568     
   2.9966665997604534E-003   31.439124106520453     
   3.3299999256432059E-003   31.407390897201921     
   3.6633332515259584E-003   31.346121085496172     
   3.9966665774087114E-003   31.283943173278701     
   4.3299999032914644E-003   31.238561288710315     
   4.6633332291742165E-003   31.213490037355633     
   4.9966665550569694E-003   31.199824557997761     
   5.3299998809397224E-003   31.181811143172538     
   5.6633332068224754E-003   31.143825739184070     
   5.9966665327052283E-003   31.076147376141073     
   6.3299998585879804E-003   30.977638154525486     
   6.6633331844707334E-003   30.854773921805311     
   6.9966665103534864E-003   30.717874588181864     
   7.3299998362362385E-003   30.576337329139559     
   7.6633331621189914E-003   30.434863538872200     
   7.9966664880017444E-003   30.292085451951184     
   8.3299998138844974E-003   30.141924957641535     
   8.6633331397672503E-003   29.976901219768109     
   8.9966664656500033E-003   29.791873218914382     
   9.3299997915327545E-003   29.586608764311020     
   9.6633331174155075E-003   29.366105668859575     
   9.9966664432982605E-003   29.138511468231854     
   1.0329999769181013E-002   28.911426784068901     
   1.0663333095063766E-002   28.687985683172368     
   1.0996666420946519E-002   28.464181825216116     
   1.1329999746829272E-002   28.228456778778078     
   1.1663333072712025E-002   27.963778933129554     
   1.1996666398594778E-002   27.651612166724423     
   1.2329999724477530E-002   27.276585996334809     
   1.2663333050360282E-002   26.830508478610675     
   1.2996666376243035E-002   26.314628581692837     
   1.3329999702125788E-002   25.739630153659419     
   1.3663333028008541E-002   25.578461557465346     
   1.3996666353891294E-002   25.414038071196998     
   1.4329999679774047E-002   25.255143492387909     
   1.4663333005656799E-002   25.112996634837856     
   1.4996666331539552E-002   24.995780142166044     
   1.5329999657422304E-002   24.908244081954393     
   1.5663332983305057E-002   24.851819512025333     
   1.5996666309187810E-002   24.825131110317866     
   1.6329999635070563E-002   24.824768458435106     
   1.6663332960953316E-002   24.846169916496098     
   1.6996666286836069E-002   24.884486413251267     
   1.7329999612718822E-002   24.935319115722692     
   1.7663332938601575E-002   24.995258988068272     
   1.7996666264484328E-002   25.062192432082909     
   1.8329999590367081E-002   25.135371227084612     
   1.8663332916249831E-002   25.215273708517021     
   1.8996666242132584E-002   25.303305550900671     
   1.9329999568015337E-002   25.401401706791390     
   1.9663332893898090E-002   25.511595929375993     
   1.9996666219780843E-002   25.635621487232473     
   2.0329999545663596E-002   25.774597286760169     
   2.0663332871546349E-002   25.928839127044267     
   2.0996666197429101E-002   26.097817931804070     
   2.1329999523311854E-002   26.280267369666305     
   2.1663332849194607E-002   26.474424151499456     
   2.1996666175077360E-002   26.678367269026950     
   2.2329999500960113E-002   26.890409109456922     
   2.2663332826842866E-002   27.109483040462965     
   2.2996666152725619E-002   27.335469600711299     
   2.3329999478608372E-002   27.569407273720806     
   2.3663332804491125E-002   27.813543883819921     
   2.3996666130373878E-002   28.071200349743215     
   2.4329999456256628E-002   28.346438812587301     
   2.4663332782139381E-002   28.643550541014594     
   2.4996666108022134E-002   28.966403639188449     
   2.5329999433904887E-002   29.317714219338548     
   2.5663332759787640E-002   29.698324818883570     
   2.5996666085670393E-002   30.106587680359794     
   2.6329999411553145E-002   30.537955231132631     
   2.6663332737435898E-002   30.984873032393136     
   2.6996666063318651E-002   31.419752918581157     
   2.7329999389201404E-002   31.866650473606057     
   2.7663332715084157E-002   32.310281417185131     
   2.7996666040966910E-002   32.736697727187718     
   2.8329999366849663E-002   33.135789893519409     
   2.8663332692732416E-002   33.502929688415264     
   2.8996666018615169E-002   33.839623348311434     
   2.9329999344497919E-002   34.152941642139453     
   2.9663332670380672E-002   34.453751820992167     
   2.9996665996263425E-002   34.754064611104141     
   3.0329999322146178E-002   35.064058764942146     
   3.0663332648028931E-002   35.389486445522905     
   3.0996665973911684E-002   35.730142017967069     
   3.1329999299794437E-002   36.079875756016563     
   3.1663332625677193E-002   36.428278636664288     
   3.1996665951559942E-002   36.763726753240384     
   3.2329999277442692E-002   37.077060266061643     
   3.2663332603325448E-002   37.364899921766401     
   3.2996665929208198E-002   37.631572626104422     
   3.3329999255090954E-002   37.888875079083967     
   3.3663332580973704E-002   38.153427193076006     
   3.3996665906856460E-002   38.442051682099887     
   3.4329999232739210E-002   38.766294477261830     
   3.4663332558621966E-002   39.127674277994089     
   3.4996665884504716E-002   39.515341045671327     
   3.5329999210387472E-002   39.907430247891028     
   3.5663332536270222E-002   40.276539024809964     
   3.5996665862152978E-002   40.598577154217189     
   3.6329999188035728E-002   40.863036399232989     
   3.6663332513918484E-002   41.081820649758377     
   3.6996665839801234E-002   41.293513570341823     
   3.7329999165683983E-002   41.560544391792234     
   3.7663332491566739E-002   41.958163082726280     
   3.7996665817449489E-002   42.556228183359451     
   3.8329999143332245E-002   43.397090563874954     
   3.8663332469214995E-002   44.474723511819512     
   3.8996665795097751E-002   45.721094457200934     
   3.9329999120980501E-002   47.005147028699916     
   3.9663332446863257E-002   48.147532345904409     
   3.9996665772746007E-002   48.950681426035473     
