   3.3333331843217230E-006   109.68761864265224     
   3.2999999269843104E-004   87.679502430189046     
   6.6333331858118379E-004   41.149028686914647     
   9.9666664446393643E-004  -11.927356914702022     
   1.3299999703466892E-003  -52.549336601517737     
   1.6633332962294419E-003  -66.987126337921978     
   1.9966666221121949E-003  -50.876550164410737     
   2.3299999479949474E-003  -9.8778433191572148     
   2.6633332738777004E-003   42.926724928081981     
   2.9966665997604534E-003   91.679708649934071     
   3.3299999256432059E-003   122.74583317603475     
   3.6633332515259584E-003   128.50454457832782     
   3.9966665774087114E-003   108.97169260766465     
   4.3299999032914644E-003   71.055114546157199     
   4.6633332291742165E-003   25.944808079151311     
   4.9966665550569694E-003  -14.412346640278878     
   5.3299998809397224E-003  -40.668911376686346     
   5.6633332068224754E-003  -48.342676057817812     
   5.9966665327052283E-003  -38.455879878538063     
   6.3299998585879804E-003  -16.511351346770073     
   6.6633331844707334E-003   9.7453854237387727     
   6.9966665103534864E-003   32.987230678108887     
   7.3299998362362385E-003   48.504624467723865     
   7.6633331621189914E-003   55.250499095574654     
   7.9966664880017444E-003   55.467024837696620     
   8.3299998138844974E-003   53.149209250524123     
   8.6633331397672503E-003   52.018575608310400     
   8.9966664656500033E-003   53.833423242212938     
   9.3299997915327545E-003   57.689105984606201     
   9.6633331174155075E-003   60.536708670621429     
   9.9966664432982605E-003   58.651709870021485     
   1.0329999769181013E-002   49.420474710138762     
   1.0663333095063766E-002   32.719249859129086     
   1.0996666420946519E-002   11.352589340628725     
   1.1329999746829272E-002  -9.6058748179666562     
   1.1663333072712025E-002  -24.327927028183883     
   1.1996666398594778E-002  -28.079519891714625     
   1.2329999724477530E-002  -18.800736748438631     
   1.2663333050360282E-002   2.0760933166750251     
   1.2996666376243035E-002   29.822432912235808     
   1.3329999702125788E-002   57.585653719984940     
   1.3663333028008541E-002   78.231866508086483     
   1.3996666353891294E-002   86.363854489394825     
   1.4329999679774047E-002   79.943374706569472     
   1.4663333005656799E-002   61.012692898444037     
   1.4996666331539552E-002   35.223692054679780     
   1.5329999657422304E-002   10.217227692790418     
   1.5663332983305057E-002  -6.7250425403888006     
   1.5996666309187810E-002  -11.030323803600172     
   1.6329999635070563E-002  -2.3653697259581845     
   1.6663332960953316E-002   15.269496884077071     
   1.6996666286836069E-002   35.019060915179622     
   1.7329999612718822E-002   49.751175687163901     
   1.7663332938601575E-002   54.769949614658941     
   1.7996666264484328E-002   49.569105277863912     
   1.8329999590367081E-002   37.868852839088767     
   1.8663332916249831E-002   25.884040863445563     
   1.8996666242132584E-002   19.544944995087764     
   1.9329999568015337E-002   21.874021920718207     
   1.9663332893898090E-002   31.668877652027735     
   1.9996666219780843E-002   44.062188674032463     
   2.0329999545663596E-002   52.690690830305428     
   2.0663332871546349E-002   52.501694107559494     
   2.0996666197429101E-002   41.978042132652639     
   2.1329999523311854E-002   23.862448707662661     
   2.1663332849194607E-002   4.1405241699102096     
   2.1996666175077360E-002  -10.228878531693228     
   2.2329999500960113E-002  -13.883439657546401     
   2.2663332826842866E-002  -4.9391300148125934     
   2.2996666152725619E-002   14.451215952194350     
   2.3329999478608372E-002   38.948152003942361     
   2.3663332804491125E-002   61.861552395033954     
   2.3996666130373878E-002   77.260590208045642     
   2.4329999456256628E-002   81.643734434352126     
   2.4663332782139381E-002   74.691699796768049     
   2.4996666108022134E-002   58.984692619177672     
   2.5329999433904887E-002   38.910266102364147     
   2.5663332759787640E-002   19.212659636081579     
   2.5996666085670393E-002   3.6851495890436659     
   2.6329999411553145E-002  -5.6102180706394780     
   2.6663332737435898E-002  -8.4396015204437020     
   2.6996666063318651E-002  -5.9083872437014282     
   2.7329999389201404E-002  0.32703789897637603     
   2.7663332715084157E-002   8.7961931418724344     
   2.7996666040966910E-002   18.623816657475562     
   2.8329999366849663E-002   29.507141724969550     
   2.8663332692732416E-002   41.349360492321352     
   2.8996666018615169E-002   53.771723509909990     
   2.9329999344497919E-002   65.755019801405538     
   2.9663332670380672E-002   75.585957510203798     
   2.9996665996263425E-002   81.150372965497851     
   3.0329999322146178E-002   80.484133762386236     
   3.0663332648028931E-002   72.410338482073357     
   3.0996665973911684E-002   57.072821467474625     
   3.1329999299794437E-002   36.208116371239434     
   3.1663332625677193E-002   13.057546582856615     
   3.1996665951559942E-002  -8.1087078488131130     
   3.2329999277442692E-002  -22.807277144527873     
   3.2663332603325448E-002  -27.365571319238747     
   3.2996665929208198E-002  -19.940366306989063     
   3.3329999255090954E-002  -1.2592316160554844     
   3.3663332580973704E-002   25.186304926186061     
   3.3996665906856460E-002   53.677521298605690     
   3.4329999232739210E-002   77.533684971901920     
   3.4663332558621966E-002   90.862281816416839     
   3.4996665884504716E-002   90.325705275846786     
   3.5329999210387472E-002   76.343499599235756     
   3.5663332536270222E-002   53.230037715567988     
   3.5996665862152978E-002   28.062473641906188     
   3.6329999188035728E-002   8.5147360395399954     
   3.6663332513918484E-002  0.32655474912221161     
   3.6996665839801234E-002   5.3117757750907195     
   3.7329999165683983E-002   20.704374057020640     
   3.7663332491566739E-002   40.181196905869371     
   3.7996665817449489E-002   56.241923867250925     
   3.8329999143332245E-002   63.044664458368558     
   3.8663332469214995E-002   58.566115878357266     
   3.8996665795097751E-002   45.212505033107036     
   3.9329999120980501E-002   28.658883449954999     
   3.9663332446863257E-002   15.449158796927819     
   3.9996665772746007E-002   10.398057894118685     
