   3.3333331843217230E-006   727.90559853453033     
   3.2999999269843104E-004   653.25856469337577     
   6.6333331858118379E-004   442.82218169581256     
   9.9666664446393643E-004   143.03733991509071     
   1.3299999703466892E-003  -180.11046474651334     
   1.6633332962294419E-003  -455.84038730599582     
   1.9966666221121949E-003  -624.33297251031490     
   2.3299999479949474E-003  -649.94000591403267     
   2.6633332738777004E-003  -528.88779831089562     
   2.9966665997604534E-003  -289.77995997071264     
   3.3299999256432059E-003   13.150678090993750     
   3.6633332515259584E-003   312.44835914955269     
   3.9966665774087114E-003   542.63990067093550     
   4.3299999032914644E-003   654.77733151487246     
   4.6633332291742165E-003   627.04775218548230     
   4.9966665550569694E-003   469.11570649292156     
   5.3299998809397224E-003   219.31904539146620     
   5.6633332068224754E-003  -64.524475857939791     
   5.9966665327052283E-003  -318.50331745296342     
   6.3299998585879804E-003  -487.07950937001920     
   6.6633331844707334E-003  -535.33739763735093     
   6.9966665103534864E-003  -456.28392089676788     
   7.3299998362362385E-003  -271.65515998455840     
   7.6633331621189914E-003  -26.199728713996393     
   7.9966664880017444E-003   223.09865027152256     
   8.3299998138844974E-003   420.27286172716936     
   8.6633331397672503E-003   523.00749499694393     
   8.9966664656500033E-003   511.78555264430037     
   9.3299997915327545E-003   393.55142077313531     
   9.6633331174155075E-003   199.21075000779507     
   9.9966664432982605E-003  -24.272016903794878     
   1.0329999769181013E-002  -225.19122584519255     
   1.0663333095063766E-002  -359.11291768593310     
   1.0996666420946519E-002  -398.78330473487000     
   1.1329999746829272E-002  -339.70778336477576     
   1.1663333072712025E-002  -200.25337590436641     
   1.1996666398594778E-002  -16.442531096509555     
   1.2329999724477530E-002   167.15705689418931     
   1.2663333050360282E-002   308.17264092583002     
   1.2996666376243035E-002   376.21576217370006     
   1.3329999702125788E-002   359.45222107905079     
   1.3663333028008541E-002   266.52410278371940     
   1.3996666353891294E-002   123.54803902878078     
   1.4329999679774047E-002  -32.904333842895824     
   1.4663333005656799E-002  -165.01027899827270     
   1.4996666331539552E-002  -242.79256260100010     
   1.5329999657422304E-002  -250.92473893262934     
   1.5663332983305057E-002  -191.69238213492008     
   1.5996666309187810E-002  -83.544815586775769     
   1.6329999635070563E-002   44.234423278373214     
   1.6663332960953316E-002   159.27924577444398     
   1.6996666286836069E-002   234.31046272986356     
   1.7329999612718822E-002   253.68250348877987     
   1.7663332938601575E-002   216.73546380268050     
   1.7996666264484328E-002   137.22570652652902     
   1.8329999590367081E-002   39.111814024572681     
   1.8663332916249831E-002  -50.118099853642207     
   1.8996666242132584E-002  -106.80129740566218     
   1.9329999568015337E-002  -117.23061988933796     
   1.9663332893898090E-002  -81.006668994746690     
   1.9996666219780843E-002  -10.799415990738510     
   2.0329999545663596E-002   71.357721841727823     
   2.0663332871546349E-002   140.22650933703025     
   2.0996666197429101E-002   174.33732089810388     
   2.1329999523311854E-002   161.94029455622018     
   2.1663332849194607E-002   104.36921184849250     
   2.1996666175077360E-002   15.924854737744703     
   2.2329999500960113E-002  -79.715781753023862     
   2.2663332826842866E-002  -155.65909781001764     
   2.2996666152725619E-002  -188.94763144824969     
   2.3329999478608372E-002  -166.85868056520997     
   2.3663332804491125E-002  -90.698808147240726     
   2.3996666130373878E-002   23.937300320178224     
   2.4329999456256628E-002   150.58893506048548     
   2.4663332782139381E-002   258.24488304946385     
   2.4996666108022134E-002   319.01923994099684     
   2.5329999433904887E-002   315.28441291227068     
   2.5663332759787640E-002   244.45979396691598     
   2.5996666085670393E-002   120.20696106999829     
   2.6329999411553145E-002  -30.347355537852245     
   2.6663332737435898E-002  -172.76343860241312     
   2.6996666063318651E-002  -273.37755363912078     
   2.7329999389201404E-002  -307.39146562910696     
   2.7663332715084157E-002  -264.99724115597854     
   2.7996666040966910E-002  -154.02330770588281     
   2.8329999366849663E-002   1.5871372377395829     
   2.8663332692732416E-002   167.15376299407720     
   2.8996666018615169E-002   305.24775675932233     
   2.9329999344497919E-002   384.40749045338902     
   2.9663332670380672E-002   386.50942354145513     
   2.9996665996263425E-002   311.03350098113873     
   3.0329999322146178E-002   175.19879846469269     
   3.0663332648028931E-002   9.9303101502396771     
   3.0996665973911684E-002  -147.38588885965387     
   3.1329999299794437E-002  -261.63484872909413     
   3.1663332625677193E-002  -308.11551884949370     
   3.1996665951559942E-002  -278.16409272339024     
   3.2329999277442692E-002  -180.93806915938347     
   3.2663332603325448E-002  -40.966569129452601     
   3.2996665929208198E-002   107.91103796078002     
   3.3329999255090954E-002   230.73421323653230     
   3.3663332580973704E-002   299.75432902328805     
   3.3996665906856460E-002   300.90980227092041     
   3.4329999232739210E-002   236.90671943367514     
   3.4663332558621966E-002   126.20227301877603     
   3.4996665884504716E-002  -1.8134082876536581     
   3.5329999210387472E-002  -114.22199987439561     
   3.5663332536270222E-002  -182.73559066785720     
   3.5996665862152978E-002  -190.60915937784821     
   3.6329999188035728E-002  -136.62822173217114     
   3.6663332513918484E-002  -35.221848065619781     
   3.6996665839801234E-002   87.292372471778265     
   3.7329999165683983E-002   199.37588444936330     
   3.7663332491566739E-002   272.18429403754112     
   3.7996665817449489E-002   286.76793742969966     
   3.8329999143332245E-002   238.78190203165704     
   3.8663332469214995E-002   139.55148492279119     
   3.8996665795097751E-002   13.242656516529660     
   3.9329999120980501E-002  -109.15058534859914     
   3.9663332446863257E-002  -197.50579680808363     
   3.9996665772746007E-002  -230.04872833505971     
