   3.3333331843217230E-006   35.872040113276007     
   3.2999999269843104E-004   35.936451761470813     
   6.6333331858118379E-004   36.141717871763149     
   9.9666664446393643E-004   36.453902308164906     
   1.3299999703466892E-003   36.804777079953439     
   1.6633332962294419E-003   37.114941774107535     
   1.9966666221121949E-003   37.320207473456207     
   2.3299999479949474E-003   37.391867601408826     
   2.6633332738777004E-003   37.343631702197136     
   2.9966665997604534E-003   37.223115831019328     
   3.3299999256432059E-003   37.091746705027255     
   3.6633332515259584E-003   37.001332091352026     
   3.9966665774087114E-003   36.976584761328901     
   4.3299999032914644E-003   37.010157381427931     
   4.6633332291742165E-003   37.071415056021998     
   4.9966665550569694E-003   37.124482608816635     
   5.3299998809397224E-003   37.147421748630286     
   5.6633332068224754E-003   37.144209100950356     
   5.9966665327052283E-003   37.144495998425576     
   6.3299998585879804E-003   37.191465960601384     
   6.6633331844707334E-003   37.323182709419633     
   6.9966665103534864E-003   37.555523456686785     
   7.3299998362362385E-003   37.874051237431331     
   7.6633331621189914E-003   38.238390188782873     
   7.9966664880017444E-003   38.597469899627725     
   8.3299998138844974E-003   38.909561845051293     
   8.6633331397672503E-003   39.159117788723947     
   8.9966664656500033E-003   39.363720472356171     
   9.3299997915327545E-003   39.568342164629023     
   9.6633331174155075E-003   39.828959391304601     
   9.9966664432982605E-003   40.191486031108283     
   1.0329999769181013E-002   40.673531661196044     
   1.0663333095063766E-002   41.255232552338867     
   1.0996666420946519E-002   41.881987334408187     
   1.1329999746829272E-002   42.477751594773288     
   1.1663333072712025E-002   42.964153906898829     
   1.1996666398594778E-002   43.279205236170604     
   1.2329999724477530E-002   43.390105566173986     
   1.2663333050360282E-002   43.297109125172689     
   1.2996666376243035E-002   43.028556908689602     
   1.3329999702125788E-002   42.629884758493979     
   1.3663333028008541E-002   43.335019427829522     
   1.3996666353891294E-002   43.882074596031593     
   1.4329999679774047E-002   44.269783615209100     
   1.4663333005656799E-002   44.516743465060962     
   1.4996666331539552E-002   44.649305548425460     
   1.5329999657422304E-002   44.700464333549796     
   1.5663332983305057E-002   44.706949429182416     
   1.5996666309187810E-002   44.704823986534201     
   1.6329999635070563E-002   44.724399647511724     
   1.6663332960953316E-002   44.785582741056217     
   1.6996666286836069E-002   44.894789222398330     
   1.7329999612718822E-002   45.044294192548989     
   1.7663332938601575E-002   45.214372555198267     
   1.7996666264484328E-002   45.377955432300304     
   1.8329999590367081E-002   45.506920619997658     
   1.8663332916249831E-002   45.578702659131352     
   1.8996666242132584E-002   45.581761882721381     
   1.9329999568015337E-002   45.518641473732465     
   1.9663332893898090E-002   45.405838476079111     
   1.9996666219780843E-002   45.270415593345355     
   2.0329999545663596E-002   45.144029091327980     
   2.0663332871546349E-002   45.055669854812109     
   2.0996666197429101E-002   45.024758308232492     
   2.1329999523311854E-002   45.056208169755010     
   2.1663332849194607E-002   45.138671436241864     
   2.1996666175077360E-002   45.246478595777582     
   2.2329999500960113E-002   45.344946800960010     
   2.2663332826842866E-002   45.397935487236225     
   2.2996666152725619E-002   45.375968652360292     
   2.3329999478608372E-002   45.263051503020478     
   2.3663332804491125E-002   45.060540584557657     
   2.3996666130373878E-002   44.787039576100383     
   2.4329999456256628E-002   44.474159106786573     
   2.4663332782139381E-002   44.158910587350320     
   2.4996666108022134E-002   43.874296064186758     
   2.5329999433904887E-002   43.640131376884398     
   2.5663332759787640E-002   43.456188154341135     
   2.5996666085670393E-002   43.299341665706336     
   2.6329999411553145E-002   43.125640697195784     
   2.6663332737435898E-002   42.877224589553826     
   2.6996666063318651E-002   43.070623099660970     
   2.7329999389201404E-002   43.136778176239183     
   2.7663332715084157E-002   43.039712476659510     
   2.7996666040966910E-002   42.774361400531376     
   2.8329999366849663E-002   42.359840721358793     
   2.8663332692732416E-002   41.833717364216454     
   2.8996666018615169E-002   41.243096920455471     
   2.9329999344497919E-002   40.634622404544729     
   2.9663332670380672E-002   40.045725099992701     
   2.9996665996263425E-002   39.499152743000813     
   3.0329999322146178E-002   39.001966371805537     
   3.0663332648028931E-002   38.549025628877082     
   3.0996665973911684E-002   38.129758596946338     
   3.1329999299794437E-002   37.736061860643559     
   3.1663332625677193E-002   37.368780987298074     
   3.1996665951559942E-002   37.040536158555831     
   3.2329999277442692E-002   36.773653263027335     
   3.2663332603325448E-002   36.593411200557327     
   3.2996665929208198E-002   36.518339727006804     
   3.3329999255090954E-002   36.550453582990883     
   3.3663332580973704E-002   36.668701600211108     
   3.3996665906856460E-002   36.828338149059341     
   3.4329999232739210E-002   36.967447569654311     
   3.4663332558621966E-002   37.019810148412517     
   3.4996665884504716E-002   36.931245832500579     
   3.5329999210387472E-002   36.675138636260087     
   3.5663332536270222E-002   36.262551046685878     
   3.5996665862152978E-002   35.743419233926005     
   3.6329999188035728E-002   35.197614175185940     
   3.6663332513918484E-002   34.717595472520230     
   3.6996665839801234E-002   34.387126115864220     
   3.7329999165683983E-002   34.262156780096710     
   3.7663332491566739E-002   34.359854317184926     
   3.7996665817449489E-002   34.659647784936560     
   3.8329999143332245E-002   35.116520903717259     
   3.8663332469214995E-002   35.682592712882531     
   3.8996665795097751E-002   36.329638064301960     
   3.9329999120980501E-002   37.063895646736960     
   3.9663332446863257E-002   37.926090651417674     
   3.9996665772746007E-002   38.974009757254436     
