   3.3333333333333333E-006   30.862019685365794     
   3.3000000000000000E-004   30.916640900891018     
   6.6333333333333327E-004   31.099037022445462     
   9.9666666666666675E-004   31.403774455774617     
   1.3300000000000000E-003   31.817664188256995     
   1.6633333333333333E-003   32.320650790916083     
   1.9966666666666666E-003   32.887508374454640     
   2.3299999999999996E-003   33.490499565077293     
   2.6633333333333331E-003   34.102797332871397     
   2.9966666666666666E-003   34.702234879015279     
   3.3299999999999996E-003   35.274722738556704     
   3.6633333333333331E-003   35.816532133141514     
   3.9966666666666666E-003   36.334677214085268     
   4.3299999999999996E-003   36.844904263724565     
   4.6633333333333327E-003   37.367322058069561     
   4.9966666666666666E-003   37.920399246168635     
   5.3299999999999997E-003   38.514723007401187     
   5.6633333333333327E-003   39.148301557901654     
   5.9966666666666666E-003   39.805062560296932     
   6.3299999999999997E-003   40.457446208106596     
   6.6633333333333327E-003   41.072745140467759     
   6.9966666666666667E-003   41.621485074346104     
   7.3299999999999997E-003   42.085200937586663     
   7.6633333333333328E-003   42.460910757343946     
   7.9966666666666675E-003   42.760587619541418     
   8.3300000000000006E-003   43.005696957660412     
   8.6633333333333336E-003   43.218733276108246     
   8.9966666666666667E-003   43.414870007133445     
   9.3299999999999998E-003   43.596790848693587     
   9.6633333333333345E-003   43.754490310790473     
   9.9966666666666676E-003   43.869860559433832     
   1.0330000000000001E-002   43.924069954960217     
   1.0663333333333334E-002   43.904834005843540     
   1.0996666666666667E-002   43.810986135333465     
   1.1330000000000000E-002   43.653028454858415     
   1.1663333333333333E-002   43.449954189168430     
   1.1996666666666668E-002   43.223901313026232     
   1.2330000000000001E-002   42.994689253903921     
   1.2663333333333334E-002   42.775964279062450     
   1.2996666666666667E-002   42.573820127825009     
   1.3330000000000000E-002   42.387793728852735     
   1.3663333333333333E-002   42.213424039849698     
   1.3996666666666668E-002   42.045282030590052     
   1.4330000000000001E-002   41.879508594034220     
   1.4663333333333334E-002   41.715279510961608     
   1.4996666666666667E-002   41.555061073583275     
   1.5330000000000000E-002   41.403876073760308     
   1.5663333333333331E-002   41.267993707571165     
   1.5996666666666666E-002   41.153487764038239     
   1.6329999999999997E-002   41.065021072808591     
   1.6663333333333332E-002   41.005071804742840     
   1.6996666666666663E-002   40.973671946245830     
   1.7329999999999998E-002   40.968613633327912     
   1.7663333333333333E-002   40.986008052727868     
   1.7996666666666664E-002   41.021052035207774     
   1.8329999999999999E-002   41.068858865772057     
   1.8663333333333330E-002   41.125229787181766     
   1.8996666666666665E-002   41.187270669378762     
   1.9330000000000000E-002   41.253787506001565     
   1.9663333333333331E-002   41.325421704503711     
   1.9996666666666666E-002   41.404511466000272     
   2.0329999999999997E-002   41.494690606234983     
   2.0663333333333332E-002   41.600263130974383     
   2.0996666666666663E-002   41.725422055588488     
   2.1329999999999998E-002   41.873413433475299     
   2.1663333333333333E-002   42.045776992945299     
   2.1996666666666664E-002   42.241814753632646     
   2.2329999999999999E-002   42.458436505582853     
   2.2663333333333330E-002   42.690492959671275     
   2.2996666666666665E-002   42.931624316841550     
   2.3329999999999997E-002   43.175525198870062     
   2.3663333333333331E-002   43.417375365203128     
   2.3996666666666666E-002   43.655050040786008     
   2.4329999999999997E-002   43.889662081975288     
   2.4663333333333332E-002   44.125060305253243     
   2.4996666666666664E-002   44.366148198326385     
   2.5329999999999998E-002   44.616272303287417     
   2.5663333333333333E-002   44.874360523335284     
   2.5996666666666664E-002   45.132801216917208     
   2.6329999999999999E-002   45.377062150123038     
   2.6663333333333331E-002   45.587641816973154     
   2.6996666666666665E-002   45.744168818854305     
   2.7329999999999997E-002   45.830557349073949     
   2.7663333333333331E-002   45.839467492821449     
   2.7996666666666666E-002   45.774273957726358     
   2.8329999999999998E-002   45.647473712022645     
   2.8663333333333332E-002   45.475776172563201     
   2.8996666666666664E-002   45.273511173183330     
   2.9329999999999998E-002   45.046832653085325     
   2.9663333333333330E-002   44.791046672025651     
   2.9996666666666665E-002   44.492238542321118     
   3.0329999999999999E-002   44.132676596244785     
   3.0663333333333331E-002   43.697961003280589     
   3.0996666666666665E-002   43.183217579108451     
   3.1329999999999997E-002   42.596071563909611     
   3.1663333333333328E-002   41.955440417710342     
   3.1996666666666666E-002   41.286766334118973     
   3.2329999999999998E-002   40.615517251663981     
   3.2663333333333329E-002   39.961198890043299     
   3.2996666666666667E-002   39.333694060350695     
   3.3329999999999999E-002   38.732764451220596     
   3.3663333333333330E-002   38.150453990730298     
   3.3996666666666661E-002   37.575313514254312     
   3.4329999999999999E-002   36.997032237762696     
   3.4663333333333331E-002   36.410207762075800     
   3.4996666666666662E-002   35.816453652300297     
   3.5330000000000000E-002   35.224615510633825     
   3.5663333333333332E-002   34.649356717883201     
   3.5996666666666663E-002   34.108676824807524     
   3.6330000000000001E-002   33.621017939723295     
   3.6663333333333332E-002   33.202539358359978     
   3.6996666666666664E-002   32.864969257507738     
   3.7329999999999995E-002   32.614245034354823     
   3.7663333333333333E-002   32.449982415518598     
   3.7996666666666665E-002   32.365694414885731     
   3.8329999999999996E-002   32.349619063541986     
   3.8663333333333334E-002   32.385999051922582     
   3.8996666666666666E-002   32.456669306238815     
   3.9329999999999997E-002   32.542831463913089     
   3.9663333333333328E-002   32.626911829950458     
   3.9996666666666666E-002   32.694401741737160     
