   3.3333331843217230E-006   743.11607334622227     
   3.2999999269843104E-004   666.47104347089999     
   6.6333331858118379E-004   450.49639123302074     
   9.9666664446393643E-004   143.11698185492426     
   1.3299999703466892E-003  -187.64673039864289     
   1.6633332962294419E-003  -468.97322414759418     
   1.9966666221121949E-003  -639.54344732879497     
   2.3299999479949474E-003  -663.15248404924012     
   2.6633332738777004E-003  -536.56200672883517     
   2.9966665997604534E-003  -289.85960061427045     
   3.3299999256432059E-003   20.686944869059651     
   3.6633332515259584E-003   325.58119664508536     
   3.9966665774087114E-003   557.85037549620142     
   4.3299999032914644E-003   667.98980900800348     
   4.6633332291742165E-003   634.72195948463377     
   4.9966665550569694E-003   469.19534584083226     
   5.3299998809397224E-003   211.78277748807346     
   5.6633332068224754E-003  -77.657314007015373     
   5.9966665327052283E-003  -333.71379228501053     
   6.3299998585879804E-003  -500.29198622153302     
   6.6633331844707334E-003  -543.01160381858153     
   6.9966665103534864E-003  -456.36355895011519     
   7.3299998362362385E-003  -264.11889095685035     
   7.6633331621189914E-003  -13.066889912007065     
   7.9966664880017444E-003   238.30912511034384     
   8.3299998138844974E-003   433.48533793776807     
   8.6633331397672503E-003   530.68170006155367     
   8.9966664656500033E-003   511.86518940468051     
   9.3299997915327545E-003   386.01515062257948     
   9.6633331174155075E-003   186.07791055379278     
   9.9966664432982605E-003  -39.482491749380372     
   1.0329999769181013E-002  -238.40370141585979     
   1.0663333095063766E-002  -366.78712163572663     
   1.0996666420946519E-002  -398.86294020448150     
   1.1329999746829272E-002  -332.17151209337902     
   1.1663333072712025E-002  -187.12053579957529     
   1.1996666398594778E-002  -1.2320562441733109     
   1.2329999724477530E-002   180.36953182624799     
   1.2663333050360282E-002   315.84684376322429     
   1.2996666376243035E-002   376.29539635547633     
   1.3329999702125788E-002   351.91594868948243     
   1.3663333028008541E-002   253.39126202976311     
   1.3996666353891294E-002   108.33756416971151     
   1.4329999679774047E-002  -46.116808138093262     
   1.4663333005656799E-002  -172.68448072645475     
   1.4996666331539552E-002  -242.87219549880442     
   1.5329999657422304E-002  -243.38846542840136     
   1.5663332983305057E-002  -178.55954073393343     
   1.5996666309187810E-002  -68.334340720996778     
   1.6329999635070563E-002   57.446896939005683     
   1.6663332960953316E-002   166.95344639760262     
   1.6996666286836069E-002   234.39009434877528     
   1.7329999612718822E-002   246.14622887451259     
   1.7663332938601575E-002   203.60262175747445     
   1.7996666264484328E-002   122.01523165407096     
   1.8329999590367081E-002   25.899340995474496     
   1.8663332916249831E-002  -57.792299377314308     
   1.8996666242132584E-002  -106.88092775240661     
   1.9329999568015337E-002  -109.69434417116035     
   1.9663332893898090E-002  -67.873826309057705     
   1.9996666219780843E-002   4.4110588883577915     
   2.0329999545663596E-002   84.570194243339500     
   2.0663332871546349E-002   147.90070776863030     
   2.0996666197429101E-002   174.41694998171283     
   2.1329999523311854E-002   154.40401774238856     
   2.1663332849194607E-002   91.236368527370445     
   2.1996666175077360E-002  0.71437985206547694     
   2.2329999500960113E-002  -92.928253532659056     
   2.2663332826842866E-002  -163.33329515967822     
   2.2996666152725619E-002  -189.02725928111681     
   2.3329999478608372E-002  -159.32240266710298     
   2.3663332804491125E-002  -77.565964197677033     
   2.3996666130373878E-002   39.147775212363435     
   2.4329999456256628E-002   163.80140622584818     
   2.4663332782139381E-002   265.91907933142716     
   2.4996666108022134E-002   319.09886654063979     
   2.5329999433904887E-002   307.74813394606565     
   2.5663332759787640E-002   231.32694939891167     
   2.5996666085670393E-002   104.99648617141773     
   2.6329999411553145E-002  -43.559826100109497     
   2.6663332737435898E-002  -180.43763383747057     
   2.6996666063318651E-002  -273.45717903130372     
   2.7329999389201404E-002  -299.85518561878371     
   2.7663332715084157E-002  -251.86439598448067     
   2.7996666040966910E-002  -138.81283280107371     
   2.8329999366849663E-002   14.799607213880037     
   2.8663332692732416E-002   174.82795721416358     
   2.8996666018615169E-002   305.32738098401978     
   2.9329999344497919E-002   376.87120943655191     
   2.9663332670380672E-002   373.37657779016831     
   2.9996665996263425E-002   295.82302607036871     
   3.0329999322146178E-002   161.98632904705914     
   3.0663332648028931E-002   2.2561168925273538     
   3.0996665973911684E-002  -147.46551198364270     
   3.1329999299794437E-002  -254.09856676951301     
   3.1663332625677193E-002  -294.98267255926561     
   3.1996665951559942E-002  -262.95361780712830     
   3.2329999277442692E-002  -167.72560025096618     
   3.2663332603325448E-002  -33.292376738358463     
   3.2996665929208198E-002   107.99066010821608     
   3.3329999255090954E-002   223.19793045548926     
   3.3663332580973704E-002   286.62148227373086     
   3.3996665906856460E-002   285.69932735010519     
   3.4329999232739210E-002   223.69425093293640     
   3.4663332558621966E-002   118.52808129073054     
   3.4996665884504716E-002  -1.8930297317637801     
   3.5329999210387472E-002  -106.68571654915857     
   3.5663332536270222E-002  -169.60274364882747     
   3.5996665862152978E-002  -175.39868445482588     
   3.6329999188035728E-002  -123.41575337146904     
   3.6663332513918484E-002  -27.547656430808988     
   3.6996665839801234E-002   87.371994031862513     
   3.7329999165683983E-002   191.83960148048200     
   3.7663332491566739E-002   259.05144742653079     
   3.7996665817449489E-002   271.55746251384431     
   3.8329999143332245E-002   225.56943258160669     
   3.8663332469214995E-002   131.87729025331831     
   3.8996665795097751E-002   13.163029121255107     
   3.9329999120980501E-002  -101.61431170178440     
   3.9663332446863257E-002  -184.37296335728939     
   3.9996665772746007E-002  -214.83827031507653     
