   3.3333331843217230E-006   35.722381094924486     
   3.2999999269843104E-004   34.379666457035583     
   6.6333331858118379E-004   32.403613562602786     
   9.9666664446393643E-004   30.107086690265390     
   1.3299999703466892E-003   27.817443870318375     
   1.6633332962294419E-003   25.836948758747980     
   1.9966666221121949E-003   24.383000631577534     
   2.3299999479949474E-003   23.545475588362848     
   2.6633332738777004E-003   23.275890717795498     
   2.9966665997604534E-003   23.414659048081159     
   3.3299999256432059E-003   23.750901391061497     
   3.6633332515259584E-003   24.097814722663596     
   3.9966665774087114E-003   24.359571907803435     
   4.3299999032914644E-003   24.566242407139619     
   4.6633332291742165E-003   24.862078482005824     
   4.9966665550569694E-003   25.447569232005375     
   5.3299998809397224E-003   26.492226530035648     
   5.6633332068224754E-003   28.047288294114942     
   5.9966665327052283E-003   29.990477842872608     
   6.3299998585879804E-003   32.026612097886570     
   6.6633331844707334E-003   33.750166846317242     
   6.9966665103534864E-003   34.754500861916497     
   7.3299998362362385E-003   34.754793171029107     
   7.6633331621189914E-003   33.684526233177010     
   7.9966664880017444E-003   31.731828321473198     
   8.3299998138844974E-003   29.300605899214112     
   8.6633331397672503E-003   26.906066428648234     
   8.9966664656500033E-003   25.036412105202572     
   9.3299997915327545E-003   24.024255632420616     
   9.6633331174155075E-003   23.968311150385926     
   9.9966664432982605E-003   24.729015534817592     
   1.0329999769181013E-002   25.996775564650143     
   1.0663333095063766E-002   27.407224833021463     
   1.0996666420946519E-002   28.662649082142551     
   1.1329999746829272E-002   29.617759019088751     
   1.1663333072712025E-002   30.301369556205248     
   1.1996666398594778E-002   30.868436703177835     
   1.2329999724477530E-002   31.501334449658515     
   1.2663333050360282E-002   32.296972998348821     
   1.2996666376243035E-002   33.181640401850764     
   1.3329999702125788E-002   33.886870767340113     
   1.3663333028008541E-002   34.318698532650664     
   1.3996666353891294E-002   33.448734994330714     
   1.4329999679774047E-002   31.389635002838563     
   1.4663333005656799E-002   28.550814499511098     
   1.4996666331539552E-002   25.544291376436718     
   1.5329999657422304E-002   23.043968520806573     
   1.5663332983305057E-002   21.627534735634338     
   1.5996666309187810E-002   21.640452913622955     
   1.6329999635070563E-002   23.116039106528888     
   1.6663332960953316E-002   25.771309344074989     
   1.6996666286836069E-002   29.078737152451634     
   1.7329999612718822E-002   32.394480304594346     
   1.7663332938601575E-002   35.109288127840927     
   1.7996666264484328E-002   36.783130124422847     
   1.8329999590367081E-002   37.230025478968500     
   1.8663332916249831E-002   36.534052001133702     
   1.8996666242132584E-002   34.996925120433644     
   1.9329999568015337E-002   33.036283827531477     
   1.9663332893898090E-002   31.066514917047485     
   1.9996666219780843E-002   29.396999527007342     
   2.0329999545663596E-002   28.175371698099436     
   2.0663332871546349E-002   27.388142957297028     
   2.0996666197429101E-002   26.912659863421943     
   2.1329999523311854E-002   26.598529597894110     
   2.1663332849194607E-002   26.348233039173596     
   2.1996666175077360E-002   26.168154148712315     
   2.2329999500960113E-002   26.172070056897439     
   2.2663332826842866E-002   26.535725106169167     
   2.2996666152725619E-002   27.418108697561834     
   2.3329999478608372E-002   28.877008137207827     
   2.3663332804491125E-002   30.809450278854250     
   2.3996666130373878E-002   32.940723140380868     
   2.4329999456256628E-002   34.870854018895670     
   2.4663332782139381E-002   36.169261781049450     
   2.4996666108022134E-002   36.492403983859816     
   2.5329999433904887E-002   35.690541357555318     
   2.5663332759787640E-002   33.871011531283472     
   2.5996666085670393E-002   31.396423341542810     
   2.6329999411553145E-002   28.813845656458881     
   2.6663332737435898E-002   26.730328886573492     
   2.6996666063318651E-002   25.823099863812850     
   2.7329999389201404E-002   25.872366055536116     
   2.7663332715084157E-002   26.869892032062552     
   2.7996666040966910E-002   28.685609542141968     
   2.8329999366849663E-002   31.095899722765445     
   2.8663332692732416E-002   33.823235021411428     
   2.8996666018615169E-002   36.575893691914153     
   2.9329999344497919E-002   39.081451767625381     
   2.9663332670380672E-002   41.110881176256058     
   2.9996665996263425E-002   42.493251004718161     
   3.0329999322146178E-002   43.123283145678855     
   3.0663332648028931E-002   42.964771540294315     
   3.0996665973911684E-002   42.052089767758304     
   3.1329999299794437E-002   40.490171757447129     
   3.1663332625677193E-002   38.451308798626165     
   3.1996665951559942E-002   36.165799882309344     
   3.2329999277442692E-002   33.903623150502995     
   3.2663332603325448E-002   31.946072840304886     
   3.2996665929208198E-002   30.549334758744941     
   3.3329999255090954E-002   29.905338405348349     
   3.3663332580973704E-002   30.107749554740330     
   3.3996665906856460E-002   31.131590872485667     
   3.4329999232739210E-002   32.833125763587482     
   3.4663332558621966E-002   34.972481180145031     
   3.4996665884504716E-002   37.255969456658718     
   3.5329999210387472E-002   39.389715620155954     
   3.5663332536270222E-002   41.132663542031658     
   3.5996665862152978E-002   42.336595779617397     
   3.6329999188035728E-002   42.963885767234082     
   3.6663332513918484E-002   43.079650270978448     
   3.6996665839801234E-002   42.822135574763173     
   3.7329999165683983E-002   42.361346494646270     
   3.7663332491566739E-002   41.859026873983048     
   3.7996665817449489E-002   41.441880556836679     
   3.8329999143332245E-002   41.194511680739453     
   3.8663332469214995E-002   41.170588363339888     
   3.8996665795097751E-002   41.412936258515053     
   3.9329999120980501E-002   41.968673096853422     
   3.9663332446863257E-002   42.886347662985109     
   3.9996665772746007E-002   44.188857957693884     
