   3.3333331843217230E-006   32.813324925357051     
   3.2999999269843104E-004   32.857961299083705     
   6.6333331858118379E-004   32.976109769304585     
   9.9666664446393643E-004   33.118381746988376     
   1.3299999703466892E-003   33.214566110481606     
   1.6633332962294419E-003   33.189749608840856     
   1.9966666221121949E-003   32.982419292205236     
   2.3299999479949474E-003   32.561005753506727     
   2.6633332738777004E-003   31.935510510124047     
   2.9966665997604534E-003   31.161656364182399     
   3.3299999256432059E-003   30.336278869189673     
   3.6633332515259584E-003   29.584227928780468     
   3.9966665774087114E-003   29.038608357134393     
   4.3299999032914644E-003   28.817486962288704     
   4.6633332291742165E-003   29.000999202418487     
   4.9966665550569694E-003   29.612945900115051     
   5.3299998809397224E-003   30.610429915184504     
   5.6633332068224754E-003   31.883909708141651     
   5.9966665327052283E-003   33.268414614838555     
   6.3299998585879804E-003   34.564830469615529     
   6.6633331844707334E-003   35.568421166833019     
   6.9966665103534864E-003   36.100393712778441     
   7.3299998362362385E-003   36.037580097440340     
   7.6633331621189914E-003   35.335344317063559     
   7.9966664880017444E-003   34.039652823132521     
   8.3299998138844974E-003   32.285769850413452     
   8.6633331397672503E-003   30.283038802641482     
   8.9966664656500033E-003   28.287386626103100     
   9.3299997915327545E-003   26.565200808943338     
   9.6633331174155075E-003   25.353753305130017     
   9.9966664432982605E-003   24.824123162276781     
   1.0329999769181013E-002   25.052449479982769     
   1.0663333095063766E-002   26.004313665721067     
   1.0996666420946519E-002   27.535231882516229     
   1.1329999746829272E-002   29.407888563708152     
   1.1663333072712025E-002   31.324204076706263     
   1.1996666398594778E-002   32.967988254893918     
   1.2329999724477530E-002   34.052152649808463     
   1.2663333050360282E-002   34.363529048907210     
   1.2996666376243035E-002   33.798439366337306     
   1.3329999702125788E-002   32.383300762408737     
   1.3663333028008541E-002   30.276590263160021     
   1.3996666353891294E-002   27.751154961840367     
   1.4329999679774047E-002   25.158754977502241     
   1.4663333005656799E-002   22.881438052197311     
   1.4996666331539552E-002   21.276455344284273     
   1.5329999657422304E-002   20.622605420411606     
   1.5663332983305057E-002   21.075936684051332     
   1.5996666309187810E-002   22.641610866312618     
   1.6329999635070563E-002   25.166568565578590     
   1.6663332960953316E-002   28.354735739532174     
   1.6996666286836069E-002   31.803277412245222     
   1.7329999612718822E-002   35.055309276950553     
   1.7663332938601575E-002   37.661976475069530     
   1.7996666264484328E-002   39.245280398007004     
   1.8329999590367081E-002   39.552721987284144     
   1.8663332916249831E-002   38.495802952212010     
   1.8996666242132584E-002   36.166566962144493     
   1.9329999568015337E-002   32.829381092224345     
   1.9663332893898090E-002   28.888631023313856     
   1.9996666219780843E-002   24.836436706258269     
   2.0329999545663596E-002   21.187392395525464     
   2.0663332871546349E-002   18.409271559126697     
   2.0996666197429101E-002   16.859322752173497     
   2.1329999523311854E-002   16.735104532522890     
   2.1663332849194607E-002   18.046849286604370     
   2.1996666175077360E-002   20.615376375483372     
   2.2329999500960113E-002   24.096011259392629     
   2.2663332826842866E-002   28.025314748685396     
   2.2996666152725619E-002   31.884206678358613     
   2.3329999478608372E-002   35.168743006618108     
   2.3663332804491125E-002   37.458709875328537     
   2.3996666130373878E-002   38.474492274459337     
   2.4329999456256628E-002   38.114319247858575     
   2.4663332782139381E-002   36.466748894757181     
   2.4996666108022134E-002   33.796741267419549     
   2.5329999433904887E-002   30.507378591496231     
   2.5663332759787640E-002   27.082701227312548     
   2.5996666085670393E-002   24.019750198937672     
   2.6329999411553145E-002   21.759372992873345     
   2.6663332737435898E-002   20.625455988398947     
   2.6996666063318651E-002   20.780987440354231     
   2.7329999389201404E-002   22.206918296944359     
   2.7663332715084157E-002   24.706530577765623     
   2.7996666040966910E-002   27.934415660249091     
   2.8329999366849663E-002   31.445724665961016     
   2.8663332692732416E-002   34.758568131145516     
   2.8996666018615169E-002   37.420700897457635     
   2.9329999344497919E-002   39.071164817402185     
   2.9663332670380672E-002   39.488423996571193     
   2.9996665996263425E-002   38.618571254337240     
   3.0329999322146178E-002   36.580098752800652     
   3.0663332648028931E-002   33.645078442324412     
   3.0996665973911684E-002   30.199901374025330     
   3.1329999299794437E-002   26.691507259727580     
   3.1663332625677193E-002   23.566909529588990     
   3.1996665951559942E-002   21.214538569596794     
   3.2329999277442692E-002   19.915411917728221     
   3.2663332603325448E-002   19.810500771051025     
   3.2996665929208198E-002   20.888164566839293     
   3.3329999255090954E-002   22.992555848825802     
   3.3663332580973704E-002   25.850901614763359     
   3.3996665906856460E-002   29.114982435035117     
   3.4329999232739210E-002   32.410321731201535     
   3.4663332558621966E-002   35.385804324049325     
   3.4996665884504716E-002   37.756747267913070     
   3.5329999210387472E-002   39.335762261277615     
   3.5663332536270222E-002   40.047843299040245     
   3.5996665862152978E-002   39.928641221590880     
   3.6329999188035728E-002   39.107448865980572     
   3.6663332513918484E-002   37.778624432759692     
   3.6996665839801234E-002   36.166701611862166     
   3.7329999165683983E-002   34.491063932715342     
   3.7663332491566739E-002   32.935734095269545     
   3.7996665817449489E-002   31.628634963951498     
   3.8329999143332245E-002   30.632840315241001     
   3.8663332469214995E-002   29.950169701791612     
   3.8996665795097751E-002   29.535356244863550     
   3.9329999120980501E-002   29.317277306651995     
   3.9663332446863257E-002   29.222663960087601     
   3.9996665772746007E-002   29.197460007683492     
