   3.3333331843217230E-006   28.093897917192869     
   3.2999999269843104E-004   28.037931800669654     
   6.6333331858118379E-004   28.061264768293839     
   9.9666664446393643E-004   28.156221620021466     
   1.3299999703466892E-003   28.292454137490616     
   1.6633332962294419E-003   28.427100589693985     
   1.9966666221121949E-003   28.516044559077503     
   2.3299999479949474E-003   28.525358936753655     
   2.6633332738777004E-003   28.439991884851057     
   2.9966665997604534E-003   28.267420174641586     
   3.3299999256432059E-003   28.035328140220034     
   3.6633332515259584E-003   27.784024723814852     
   3.9966665774087114E-003   27.555814612075594     
   4.3299999032914644E-003   27.384424972750086     
   4.6633332291742165E-003   27.287548292581590     
   4.9966665550569694E-003   27.264565824498160     
   5.3299998809397224E-003   27.299854089473186     
   5.6633332068224754E-003   27.370281307477249     
   5.9966665327052283E-003   27.454176374259038     
   6.3299998585879804E-003   27.538663260273339     
   6.6633331844707334E-003   27.622943050110148     
   6.9966665103534864E-003   27.716632678094182     
   7.3299998362362385E-003   27.834082389024292     
   7.6633331621189914E-003   27.987030443418568     
   7.9966664880017444E-003   28.178487591130942     
   8.3299998138844974E-003   28.400186988273703     
   8.6633331397672503E-003   28.634510361978368     
   8.9966664656500033E-003   28.860057415734509     
   9.3299997915327545E-003   29.058626882412497     
   9.6633331174155075E-003   29.220849194368061     
   9.9966664432982605E-003   29.348240494475160     
   1.0329999769181013E-002   29.450821936037485     
   1.0663333095063766E-002   29.541141294728273     
   1.0996666420946519E-002   29.626913644318059     
   1.1329999746829272E-002   29.705063433051183     
   1.1663333072712025E-002   29.759511337009055     
   1.1996666398594778E-002   29.763781579684341     
   1.2329999724477530E-002   29.687870191536032     
   1.2663333050360282E-002   29.507379847051880     
   1.2996666376243035E-002   29.212162876197180     
   1.3329999702125788E-002   28.811839570326786     
   1.3663333028008541E-002   29.089113077732332     
   1.3996666353891294E-002   29.311440394861538     
   1.4329999679774047E-002   29.492546438878993     
   1.4663333005656799E-002   29.650576504038796     
   1.4996666331539552E-002   29.797397882419180     
   1.5329999657422304E-002   29.937232556584281     
   1.5663332983305057E-002   30.067019366888509     
   1.5996666309187810E-002   30.178264828154923     
   1.6329999635070563E-002   30.259895992870465     
   1.6663332960953316E-002   30.301487398182271     
   1.6996666286836069E-002   30.296212040637986     
   1.7329999612718822E-002   30.242958862305944     
   1.7663332938601575E-002   30.147243912224749     
   1.7996666264484328E-002   30.020782928061088     
   1.8329999590367081E-002   29.879845684026186     
   1.8663332916249831E-002   29.742732805578704     
   1.8996666242132584E-002   29.626866500296348     
   1.9329999568015337E-002   29.546043493757555     
   1.9663332893898090E-002   29.508354083340919     
   1.9996666219780843E-002   29.515136343607370     
   2.0329999545663596E-002   29.561135739850375     
   2.0663332871546349E-002   29.635815299673901     
   2.0996666197429101E-002   29.725551709177218     
   2.1329999523311854E-002   29.816296386402968     
   2.1663332849194607E-002   29.896205455587637     
   2.1996666175077360E-002   29.957760906998836     
   2.2329999500960113E-002   29.999011863099167     
   2.2663332826842866E-002   30.023738197165027     
   2.2996666152725619E-002   30.040545010014267     
   2.3329999478608372E-002   30.061096197656390     
   2.3663332804491125E-002   30.097850860070217     
   2.3996666130373878E-002   30.161748844172834     
   2.4329999456256628E-002   30.260286826995372     
   2.4663332782139381E-002   30.396336527887847     
   2.4996666108022134E-002   30.567900739984541     
   2.5329999433904887E-002   30.768812350149346     
   2.5663332759787640E-002   30.990194288567977     
   2.5996666085670393E-002   31.222351393940865     
   2.6329999411553145E-002   31.456687322361756     
   2.6663332737435898E-002   31.687245861955049     
   2.6996666063318651E-002   32.006367764876515     
   2.7329999389201404E-002   32.327289389713499     
   2.7663332715084157E-002   32.643898776470529     
   2.7996666040966910E-002   32.952040951625463     
   2.8329999366849663E-002   33.249579484344423     
   2.8663332692732416E-002   33.537569521227503     
   2.8996666018615169E-002   33.821204672823256     
   2.9329999344497919E-002   34.110048447588227     
   2.9663332670380672E-002   34.417162958262004     
   2.9996665996263425E-002   34.757001594373790     
   3.0329999322146178E-002   35.142287165069035     
   3.0663332648028931E-002   35.580461753506746     
   3.0996665973911684E-002   36.070558920289884     
   3.1329999299794437E-002   36.601413137651143     
   3.1663332625677193E-002   37.151928029745150     
   3.1996665951559942E-002   37.693684101060398     
   3.2329999277442692E-002   38.195564672667793     
   3.2663332603325448E-002   38.629466564078257     
   3.2996665929208198E-002   38.975720920459764     
   3.3329999255090954E-002   39.226741764967322     
   3.3663332580973704E-002   39.387735810181560     
   3.3996665906856460E-002   39.474024570458461     
   3.4329999232739210E-002   39.505499795266608     
   3.4663332558621966E-002   39.499701650427149     
   3.4996665884504716E-002   39.465675137320552     
   3.5329999210387472E-002   39.400860203587236     
   3.5663332536270222E-002   39.292666675596088     
   3.5996665862152978E-002   39.125131039202351     
   3.6329999188035728E-002   38.889416286653812     
   3.6663332513918484E-002   38.595339279507030     
   3.6996665839801234E-002   38.280103453369243     
   3.7329999165683983E-002   38.010415240092634     
   3.7663332491566739E-002   37.875382784409922     
   3.7996665817449489E-002   37.969911904204288     
   3.8329999143332245E-002   38.371237138636317     
   3.8663332469214995E-002   39.113975917714249     
   3.8996665795097751E-002   40.170783853880543     
   3.9329999120980501E-002   41.445574418016655     
   3.9663332446863257E-002   42.784003586105818     
   3.9996665772746007E-002   44.001754641254827     
