   3.3333333333333333E-006   35.578325574143079     
   3.3000000000000000E-004   35.584837363759569     
   6.6333333333333327E-004   35.604620686189293     
   9.9666666666666675E-004   35.637621548641469     
   1.3300000000000000E-003   35.683749885442289     
   1.6633333333333333E-003   35.742879804633134     
   1.9966666666666666E-003   35.814849932659861     
   2.3299999999999996E-003   35.899463856208548     
   2.6633333333333331E-003   35.996490659976978     
   2.9966666666666666E-003   36.105665558908306     
   3.3299999999999996E-003   36.226690623154454     
   3.6633333333333331E-003   36.359235593782707     
   3.9966666666666666E-003   36.502938786990349     
   4.3299999999999996E-003   36.657408084349576     
   4.6633333333333327E-003   36.822222006369358     
   4.9966666666666666E-003   36.996930866432386     
   5.3299999999999997E-003   37.181058001945239     
   5.6633333333333327E-003   37.374101079328220     
   5.9966666666666666E-003   37.575533469268983     
   6.3299999999999997E-003   37.784805688471579     
   6.6633333333333327E-003   38.001346903950392     
   6.9966666666666667E-003   38.224566495747041     
   7.3299999999999997E-003   38.453855673788091     
   7.6633333333333328E-003   38.688589144453559     
   7.9966666666666675E-003   38.928126822289329     
   8.3300000000000006E-003   39.171815582173586     
   8.6633333333333336E-003   39.418991047136039     
   8.9966666666666667E-003   39.668979406931427     
   9.3299999999999998E-003   39.921099262384182     
   9.6633333333333345E-003   40.174663490451010     
   9.9966666666666676E-003   40.428981124890967     
   1.0330000000000001E-002   40.683359247390207     
   1.0663333333333334E-002   40.937104883959790     
   1.0996666666666667E-002   41.189526901410538     
   1.1330000000000000E-002   41.439937898709097     
   1.1663333333333333E-002   41.687656088032874     
   1.1996666666666668E-002   41.932007160370205     
   1.2330000000000001E-002   42.172326130554545     
   1.2663333333333334E-002   42.407959156677620     
   1.2996666666666667E-002   42.638265328896921     
   1.3330000000000000E-002   42.862618422736873     
   1.3663333333333333E-002   43.080408612080269     
   1.3996666666666668E-002   43.291044137157208     
   1.4330000000000001E-002   43.493952922961945     
   1.4663333333333334E-002   43.688584143664400     
   1.4996666666666667E-002   43.874409728730484     
   1.5330000000000000E-002   44.050925806625926     
   1.5663333333333331E-002   44.217654082148762     
   1.5996666666666666E-002   44.374143143618220     
   1.6329999999999997E-002   44.519969696339174     
   1.6663333333333332E-002   44.654739718964493     
   1.6996666666666663E-002   44.778089539588024     
   1.7329999999999998E-002   44.889686828621635     
   1.7663333333333333E-002   44.989231505737386     
   1.7996666666666664E-002   45.076456558391847     
   1.8329999999999999E-002   45.151128769691667     
   1.8663333333333330E-002   45.213049353608092     
   1.8996666666666665E-002   45.262054495802317     
   1.9330000000000000E-002   45.298015798581631     
   1.9663333333333331E-002   45.320840628770064     
   1.9996666666666666E-002   45.330472367542384     
   2.0329999999999997E-002   45.326890561539770     
   2.0663333333333332E-002   45.310110974855547     
   2.0996666666666663E-002   45.280185541751379     
   2.1329999999999998E-002   45.237202220236298     
   2.1663333333333333E-002   45.181284746912752     
   2.1996666666666664E-002   45.112592293764294     
   2.2329999999999999E-002   45.031319027828395     
   2.2663333333333330E-002   44.937693574964300     
   2.2996666666666665E-002   44.831978389188173     
   2.3329999999999997E-002   44.714469029307125     
   2.3663333333333331E-002   44.585493344837353     
   2.3996666666666666E-002   44.445410573440647     
   2.4329999999999997E-002   44.294610352355733     
   2.4663333333333332E-002   44.133511646536689     
   2.4996666666666664E-002   43.962561596439187     
   2.5329999999999998E-002   43.782234288615143     
   2.5663333333333333E-002   43.593029452488224     
   2.5996666666666664E-002   43.395471086884839     
   2.6329999999999999E-002   43.190106020087718     
   2.6663333333333331E-002   42.977502407361484     
   2.6996666666666665E-002   42.758248170070772     
   2.7329999999999997E-002   42.532949380671901     
   2.7663333333333331E-002   42.302228598006785     
   2.7996666666666666E-002   42.066723157464672     
   2.8329999999999998E-002   41.827083420700419     
   2.8663333333333332E-002   41.583970989709101     
   2.8996666666666664E-002   41.338056890154341     
   2.9329999999999998E-002   41.090019728931892     
   2.9663333333333330E-002   40.840543831020810     
   2.9996666666666665E-002   40.590317360730928     
   3.0329999999999999E-002   40.340030432498445     
   3.0663333333333331E-002   40.090373216409738     
   3.0996666666666665E-002   39.842034043648155     
   3.1329999999999997E-002   39.595697517058298     
   3.1663333333333328E-002   39.352042632008981     
   3.1996666666666666E-002   39.111740912706701     
   3.2329999999999998E-002   38.875454569070257     
   3.2663333333333329E-002   38.643834679219580     
   3.2996666666666667E-002   38.417519402562498     
   3.3329999999999999E-002   38.197132228378685     
   3.3663333333333330E-002   37.983280264702856     
   3.3996666666666661E-002   37.776552572198781     
   3.4329999999999999E-002   37.577518547592376     
   3.4663333333333331E-002   37.386726361095981     
   3.4996666666666662E-002   37.204701452108033     
   3.5330000000000000E-002   37.031945087312728     
   3.5663333333333332E-002   36.868932985132929     
   3.5996666666666663E-002   36.716114010307408     
   3.6330000000000001E-002   36.573908942172103     
   3.6663333333333332E-002   36.442709320021912     
   3.6996666666666664E-002   36.322876368718859     
   3.7329999999999995E-002   36.214740007492431     
   3.7663333333333333E-002   36.118597944649480     
   3.7996666666666665E-002   36.034714860675820     
   3.8329999999999996E-002   35.963321681969077     
   3.8663333333333334E-002   35.904614947194219     
   3.8996666666666666E-002   35.858756267998658     
   3.9329999999999997E-002   35.825871885565917     
   3.9663333333333328E-002   35.806052324223145     
   3.9996666666666666E-002   35.799352143052694     
