   3.3333331843217230E-006  -296945.55866132642     
   3.2999999269843104E-004  -277921.89715906925     
   6.6333331858118379E-004  -222404.26051927501     
   9.9666664446393643E-004  -137166.52008013614     
   1.3299999703466892E-003  -32603.709150445742     
   1.6633332962294419E-003   78542.592961152841     
   1.9966666221121949E-003   182745.20743916411     
   2.3299999479949474E-003   267346.18530344457     
   2.6633332738777004E-003   322101.70281368279     
   2.9966665997604534E-003   340427.05802017072     
   3.3299999256432059E-003   320189.13348692603     
   3.6633332515259584E-003   263949.84336173796     
   3.9966665774087114E-003   178632.07431050847     
   4.3299999032914644E-003   74651.015303610286     
   4.6633332291742165E-003  -35380.300840433556     
   4.9966665550569694E-003  -138210.10967696662     
   5.3299998809397224E-003  -221578.30495524738     
   5.6633332068224754E-003  -275716.50803516665     
   5.9966665327052283E-003  -294532.97808768728     
   6.3299998585879804E-003  -276337.12434559641     
   6.6633331844707334E-003  -224015.85458899228     
   6.9966665103534864E-003  -144642.16802430103     
   7.3299998362362385E-003  -48566.796583329284     
   7.6633331621189914E-003   51892.413948198526     
   7.9966664880017444E-003   143999.21015265459     
   8.3299998138844974E-003   216192.56375608104     
   8.6633331397672503E-003   259527.10398305010     
   8.9966664656500033E-003   268781.81865961954     
   9.3299997915327545E-003   243100.14795798750     
   9.6633331174155075E-003   186083.08139479798     
   9.9966664432982605E-003   105324.89568468646     
   1.0329999769181013E-002   11450.292349398238     
   1.0663333095063766E-002  -83226.640716694412     
   1.0996666420946519E-002  -166254.60683975468     
   1.1329999746829272E-002  -226615.52829641561     
   1.1663333072712025E-002  -256118.36603013697     
   1.1996666398594778E-002  -250443.55048016709     
   1.2329999724477530E-002  -209708.56464362185     
   1.2663333050360282E-002  -138484.38056039280     
   1.2996666376243035E-002  -45260.116463685023     
   1.3329999702125788E-002   58578.890754758810     
   1.3663333028008541E-002   160134.73946302844     
   1.3996666353891294E-002   246573.26789427060     
   1.4329999679774047E-002   306700.51446698257     
   1.4663333005656799E-002   332346.99430134555     
   1.4996666331539552E-002   319391.06022171502     
   1.5329999657422304E-002   268296.68974879704     
   1.5663332983305057E-002   184100.11197252071     
   1.5996666309187810E-002   75846.500097573648     
   1.6329999635070563E-002  -44455.646685798536     
   1.6663332960953316E-002  -163236.87102239643     
   1.6996666286836069E-002  -266957.79774336773     
   1.7329999612718822E-002  -343698.71221766877     
   1.7663332938601575E-002  -384558.46373796073     
   1.7996666264484328E-002  -384697.10203272849     
   1.8329999590367081E-002  -343899.95788974763     
   1.8663332916249831E-002  -266598.50097494002     
   1.8996666242132584E-002  -161348.21483692742     
   1.9329999568015337E-002  -39828.082378848165     
   1.9663332893898090E-002   84517.613399904803     
   1.9996666219780843E-002   198033.21289764205     
   2.0329999545663596E-002   288417.72546889290     
   2.0663332871546349E-002   346119.72241334425     
   2.0996666197429101E-002   365399.80192121706     
   2.1329999523311854E-002   344940.14394584100     
   2.1663332849194607E-002   287935.18545771256     
   2.1996666175077360E-002   201659.04433414410     
   2.2329999500960113E-002   96566.626618269089     
   2.2663332826842866E-002  -14960.862049247386     
   2.2996666152725619E-002  -120075.23887743455     
   2.3329999478608372E-002  -206952.94057295757     
   2.3663332804491125E-002  -266145.05051505484     
   2.3996666130373878E-002  -291630.95739003661     
   2.4329999456256628E-002  -281457.64775475150     
   2.4663332782139381E-002  -237896.58567037864     
   2.4996666108022134E-002  -167107.17227573687     
   2.5329999433904887E-002  -78353.137015963162     
   2.5663332759787640E-002   17130.780492324324     
   2.5996666085670393E-002   107485.63649332224     
   2.6329999411553145E-002   181629.89734271317     
   2.6663332737435898E-002   230553.39419970714     
   2.6996666063318651E-002   248356.08971839814     
   2.7329999389201404E-002   232915.69237760309     
   2.7663332715084157E-002   186112.37876980496     
   2.7996666040966910E-002   113590.44995777328     
   2.8329999366849663E-002   24089.628209103947     
   2.8663332692732416E-002  -71573.128690196070     
   2.8996666018615169E-002  -161752.28984672355     
   2.9329999344497919E-002  -235309.85471424373     
   2.9663332670380672E-002  -282888.28868197574     
   2.9996665996263425E-002  -297979.01269128971     
   3.0329999322146178E-002  -277669.95119191130     
   3.0663332648028931E-002  -222992.75021297601     
   3.0996665973911684E-002  -138835.31460765025     
   3.1329999299794437E-002  -33433.148608258707     
   3.1663332625677193E-002   82501.659403436235     
   3.1996665951559942E-002   196916.92454277334     
   3.2329999277442692E-002   297698.59913312196     
   3.2663332603325448E-002   373953.93306237611     
   3.2996665929208198E-002   417164.39297077293     
   3.3329999255090954E-002   422088.96570858778     
   3.3663332580973704E-002   387326.33740556042     
   3.3996665906856460E-002   315481.12481615518     
   3.4329999232739210E-002   212920.79557538941     
   3.4663332558621966E-002   89151.767373567724     
   3.4996665884504716E-002  -44118.829537038517     
   3.5329999210387472E-002  -174138.80403410690     
   3.5663332536270222E-002  -288366.96302779578     
   3.5996665862152978E-002  -375704.50228089158     
   3.6329999188035728E-002  -427581.02244009840     
   3.6663332513918484E-002  -438790.46864680486     
   3.6996665839801234E-002  -407998.04984099843     
   3.7329999165683983E-002  -337871.96919546305     
   3.7663332491566739E-002  -234830.30078689803     
   3.7996665817449489E-002  -108430.06553273369     
   3.8329999143332245E-002   29540.918484157461     
   3.8663332469214995E-002   166181.51662278737     
   3.8996665795097751E-002   288697.43436836981     
   3.9329999120980501E-002   385608.72412071098     
   3.9663332446863257E-002   447831.33727121924     
   3.9996665772746007E-002   469531.78753553209     
