   3.3333333333333333E-006   4083.6527230096935     
   3.3000000000000000E-004   4087.5351885243949     
   6.6333333333333327E-004   4098.9456226091097     
   9.9666666666666675E-004   4118.1252758949995     
   1.3300000000000000E-003   4145.4266572105280     
   1.6633333333333333E-003   4181.1390360501027     
   1.9966666666666666E-003   4225.3134691784262     
   2.3299999999999996E-003   4277.6544600018624     
   2.6633333333333331E-003   4337.5290043827208     
   2.9966666666666666E-003   4404.1009959931152     
   3.3299999999999996E-003   4476.5503854750332     
   3.6633333333333331E-003   4554.3011992683605     
   3.9966666666666666E-003   4637.1750708093623     
   4.3299999999999996E-003   4725.4112837700577     
   4.6633333333333327E-003   4819.5419745275130     
   4.9966666666666666E-003   4920.1642544677743     
   5.3299999999999997E-003   5027.6893561748584     
   5.6633333333333327E-003   5142.1577903733996     
   5.9966666666666666E-003   5263.1855245408415     
   6.3299999999999997E-003   5390.0585063662911     
   6.6633333333333327E-003   5521.9394635077533     
   6.9966666666666667E-003   5658.1116209517731     
   7.3299999999999997E-003   5798.1728219601282     
   7.6633333333333328E-003   5942.1136798891393     
   7.9966666666666675E-003   6090.2563682654154     
   8.3300000000000006E-003   6243.0800816346346     
   8.6633333333333336E-003   6400.9972023271494     
   8.9966666666666667E-003   6564.1580597894144     
   9.3299999999999998E-003   6732.3485389253501     
   9.6633333333333345E-003   6905.0102416518293     
   9.9966666666666676E-003   7081.3707410151383     
   1.0330000000000001E-002   7260.6364651576832     
   1.0663333333333334E-002   7442.1838664121678     
   1.0996666666666667E-002   7625.6895373253892     
   1.1330000000000000E-002   7811.1629433681228     
   1.1663333333333333E-002   7998.8771536014738     
   1.1996666666666668E-002   8189.2224633466330     
   1.2330000000000001E-002   8382.5264256469527     
   1.2663333333333334E-002   8578.8875581161847     
   1.2996666666666667E-002   8778.0601205246403     
   1.3330000000000000E-002   8979.4090569971631     
   1.3663333333333333E-002   9181.3056967079592     
   1.3996666666666668E-002   9381.8902262017782     
   1.4330000000000001E-002   9579.8798978322993     
   1.4663333333333334E-002   9773.9678286468588     
   1.4996666666666667E-002   9962.8747129506683     
   1.5330000000000000E-002   10145.385090633110     
   1.5663333333333331E-002   10320.369101177033     
   1.5996666666666666E-002   10486.792437894977     
   1.6329999999999997E-002   10643.717980043652     
   1.6663333333333332E-002   10790.302569578660     
   1.6996666666666663E-002   10925.791851599288     
   1.7329999999999998E-002   11049.515255475217     
   1.7663333333333333E-002   11160.882270970749     
   1.7996666666666664E-002   11259.380335779289     
   1.8329999999999999E-002   11344.574007183071     
   1.8663333333333330E-002   11416.104695810944     
   1.8996666666666665E-002   11473.690100965650     
   1.9330000000000000E-002   11517.122575089108     
   1.9663333333333331E-002   11546.265904883465     
   1.9996666666666666E-002   11561.050360121941     
   2.0329999999999997E-002   11561.466256737927     
   2.0663333333333332E-002   11547.556641990734     
   2.0996666666666663E-002   11519.409981349971     
   2.1329999999999998E-002   11477.153869595139     
   2.1663333333333333E-002   11420.950780348794     
   2.1996666666666664E-002   11350.996704665513     
   2.2329999999999999E-002   11267.523223426837     
   2.2663333333333330E-002   11170.803138815616     
   2.2996666666666665E-002   11061.159299088127     
   2.3329999999999997E-002   10938.975740703832     
   2.3663333333333331E-002   10804.709801888544     
   2.3996666666666666E-002   10658.903493468202     
   2.4329999999999997E-002   10502.192204743058     
   2.4663333333333332E-002   10335.308823329446     
   2.4996666666666664E-002   10159.081591315873     
   2.5329999999999998E-002   9974.4245163418000     
   2.5663333333333333E-002   9782.3198879729316     
   2.5996666666666664E-002   9583.7933681332252     
   2.6329999999999999E-002   9379.8831479653636     
   2.6663333333333331E-002   9171.6056808395351     
   2.6996666666666665E-002   8960.1858660464586     
   2.7329999999999997E-002   8746.8001114441249     
   2.7663333333333331E-002   8532.2228666793562     
   2.7996666666666666E-002   8317.0743908614422     
   2.8329999999999998E-002   8101.8419068840103     
   2.8663333333333332E-002   7886.9204332797453     
   2.8996666666666664E-002   7672.6656499844239     
   2.9329999999999998E-002   7459.4482809604642     
   2.9663333333333330E-002   7247.6987551833890     
   2.9996666666666665E-002   7037.9326943736833     
   3.0329999999999999E-002   6830.7518664245517     
   3.0663333333333331E-002   6626.8208254044002     
   3.0996666666666665E-002   6426.8252531293665     
   3.1329999999999997E-002   6231.4225645450733     
   3.1663333333333328E-002   6041.1973742028822     
   3.1996666666666666E-002   5856.6332393969933     
   3.2329999999999998E-002   5678.1078083959392     
   3.2663333333333329E-002   5505.9120918397848     
   3.2996666666666667E-002   5340.2877066999572     
   3.3329999999999999E-002   5181.4705542504116     
   3.3663333333333330E-002   5029.7271614966066     
   3.3996666666666661E-002   4885.3717265414398     
   3.4329999999999999E-002   4748.7575101992306     
   3.4663333333333331E-002   4620.2441691329896     
   3.4996666666666662E-002   4500.1506138240684     
   3.5330000000000000E-002   4388.7084288642800     
   3.5663333333333332E-002   4286.0317767055258     
   3.5996666666666663E-002   4192.1152368792882     
   3.6330000000000001E-002   4106.8621032789233     
   3.6663333333333332E-002   4030.1347776005337     
   3.6996666666666664E-002   3961.8095769320948     
   3.7329999999999995E-002   3901.8140264406488     
   3.7663333333333333E-002   3850.1278471033402     
   3.7996666666666665E-002   3806.7395098508478     
   3.8329999999999996E-002   3771.5659540580755     
   3.8663333333333334E-002   3744.3591930386328     
   3.8996666666666666E-002   3724.6343753818783     
   3.9329999999999997E-002   3711.6545152058402     
   3.9663333333333328E-002   3704.4952151681937     
   3.9996666666666666E-002   3702.1898531937882     
