   3.3333331843217230E-006   2400.4374174016261     
   3.2999999269843104E-004   2415.9735411832548     
   6.6333331858118379E-004   2463.0666261253914     
   9.9666664446393643E-004   2541.2655583143892     
   1.3299999703466892E-003   2649.8219993553589     
   1.6633332962294419E-003   2787.6986674699356     
   1.9966666221121949E-003   2953.5808136895448     
   2.3299999479949474E-003   3145.8907638138458     
   2.6633332738777004E-003   3362.8053622366997     
   2.9966665997604534E-003   3602.2761210086792     
   3.3299999256432059E-003   3862.0518469727244     
   3.6633332515259584E-003   4139.7034918200043     
   3.9966665774087114E-003   4432.6509447805947     
   4.3299999032914644E-003   4738.1914656702884     
   4.6633332291742165E-003   5053.5294374082532     
   4.9966665550569694E-003   5375.8071021099831     
   5.3299998809397224E-003   5702.1359336159212     
   5.6633332068224754E-003   6029.6282919662626     
   5.9966665327052283E-003   6355.4290019612208     
   6.3299998585879804E-003   6676.7464985941069     
   6.6633331844707334E-003   6990.8831868073439     
   6.9966665103534864E-003   7295.2646716501349     
   7.3299998362362385E-003   7587.4675274177525     
   7.6633331621189914E-003   7865.2452905896107     
   7.9966664880017444E-003   8126.5523811789171     
   8.3299998138844974E-003   8369.5656802423582     
   8.6633331397672503E-003   8592.7035175192977     
   8.9966664656500033E-003   8794.6418521864471     
   9.3299997915327545E-003   8974.3274612048135     
   9.6633331174155075E-003   9130.9879833523046     
   9.9966664432982605E-003   9264.1387024046326     
   1.0329999769181013E-002   9373.5859896564380     
   1.0663333095063766E-002   9459.4273636557937     
   1.0996666420946519E-002   9522.0481632388073     
   1.1329999746829272E-002   9562.1148682717903     
   1.1663333072712025E-002   9580.5651405085318     
   1.1996666398594778E-002   9578.5946942256451     
   1.2329999724477530E-002   9557.6411423931768     
   1.2663333050360282E-002   9519.3649986660894     
   1.2996666376243035E-002   9465.6280480582973     
   1.3329999702125788E-002   9398.4693294172466     
   1.3663333028008541E-002   9320.0790004139471     
   1.3996666353891294E-002   9232.7703803875738     
   1.4329999679774047E-002   9138.9504877567870     
   1.4663333005656799E-002   9041.0894065871526     
   1.4996666331539552E-002   8941.6888310804243     
   1.5329999657422304E-002   8843.2501470617008     
   1.5663332983305057E-002   8748.2424158625690     
   1.5996666309187810E-002   8659.0706282536248     
   1.6329999635070563E-002   8578.0445942348415     
   1.6663332960953316E-002   8507.3488285586500     
   1.6996666286836069E-002   8449.0137818955300     
   1.7329999612718822E-002   8404.8887536566126     
   1.7663332938601575E-002   8376.6168048076506     
   1.7996666264484328E-002   8365.6119677308743     
   1.8329999590367081E-002   8373.0390255427646     
   1.8663332916249831E-002   8399.7961055217638     
   1.8996666242132584E-002   8446.5003007395462     
   1.9329999568015337E-002   8513.4765009540333     
   1.9663332893898090E-002   8600.7495786705167     
   1.9996666219780843E-002   8708.0400393919936     
   2.0329999545663596E-002   8834.7632068637067     
   2.0663332871546349E-002   8980.0319749880073     
   2.0996666197429101E-002   9142.6631184728903     
   2.1329999523311854E-002   9321.1871146158628     
   2.1663332849194607E-002   9513.8613893504935     
   2.1996666175077360E-002   9718.6868622293932     
   2.2329999500960113E-002   9933.4276278086199     
   2.2663332826842866E-002   10155.633575347259     
   2.2996666152725619E-002   10382.665715236290     
   2.3329999478608372E-002   10611.723949495790     
   2.3663332804491125E-002   10839.876995376315     
   2.3996666130373878E-002   11064.094145885803     
   2.4329999456256628E-002   11281.278529222311     
   2.4663332782139381E-002   11488.301510872530     
   2.4996666108022134E-002   11682.037867745754     
   2.5329999433904887E-002   11859.401353319165     
   2.5663332759787640E-002   12017.380266497894     
   2.5996666085670393E-002   12153.072634820744     
   2.6329999411553145E-002   12263.720624803382     
   2.6663332737435898E-002   12346.743798593221     
   2.6996666063318651E-002   12399.770846654537     
   2.7329999389201404E-002   12420.669440805488     
   2.7663332715084157E-002   12407.573870441418     
   2.7996666040966910E-002   12358.910147010547     
   2.8329999366849663E-002   12273.418287526240     
   2.8663332692732416E-002   12150.171516834567     
   2.8996666018615169E-002   11988.592160200747     
   2.9329999344497919E-002   11788.464032195659     
   2.9663332670380672E-002   11549.941164487169     
   2.9996665996263425E-002   11273.552753579788     
   3.0329999322146178E-002   10960.204249388866     
   3.0663332648028931E-002   10611.174546354685     
   3.0996665973911684E-002   10228.109280159373     
   3.1329999299794437E-002   9813.0102745602580     
   3.1663332625677193E-002   9368.2212239505479     
   3.1996665951559942E-002   8896.4097375587971     
   3.2329999277442692E-002   8400.5459102664827     
   3.2663332603325448E-002   7883.8776224363910     
   3.2996665929208198E-002   7349.9028064963659     
   3.3329999255090954E-002   6802.3389509313802     
   3.3663332580973704E-002   6245.0901424425447     
   3.3996665906856460E-002   5682.2119740073122     
   3.4329999232739210E-002   5117.8746701261243     
   3.4663332558621966E-002   4556.3248004082607     
   3.4996665884504716E-002   4001.8459686169476     
   3.5329999210387472E-002   3458.7188761810025     
   3.5663332536270222E-002   2931.1811668586492     
   3.5996665862152978E-002   2423.3874626160559     
   3.6329999188035728E-002   1939.3699998221337     
   3.6663332513918484E-002   1483.0002695624180     
   3.6996665839801234E-002   1057.9520562951150     
   3.7329999165683983E-002   667.66625530502074     
   3.7663332491566739E-002   315.31783160340774     
   3.7996665817449489E-002   3.7852612571282407     
   3.8329999143332245E-002  -264.37722916092753     
   3.8663332469214995E-002  -486.96433795932808     
   3.8996665795097751E-002  -662.14102322063013     
   3.9329999120980501E-002  -788.46027629313085     
   3.9663332446863257E-002  -864.87714975718131     
   3.9996665772746007E-002  -890.75889448427188     
