   0.0000000000000000        3.0820123356364998E+017
   3.3333333333333332E-004   1.5348693385391555E+017
   6.6666666666666664E-004  -1.5531022127893370E+017
   1.0000000000000000E-003  -3.0812104028384499E+017
   1.3333333333333333E-003  -1.5149389754578166E+017
   1.6666666666666666E-003   1.5726129207756320E+017
   2.0000000000000000E-003   3.0797481842136442E+017
   2.3333333333333331E-003   1.4915323490231174E+017
   2.6666666666666666E-003  -1.5967488493338627E+017
   3.0000000000000001E-003  -3.0802426742532602E+017
   3.3333333333333331E-003  -1.4646225951308883E+017
   3.6666666666666666E-003   1.6283160519653539E+017
   4.0000000000000001E-003   3.0863884986741184E+017
   4.3333333333333331E-003   1.4360963301645067E+017
   4.6666666666666662E-003  -1.6687813174877613E+017
   5.0000000000000001E-003  -3.1021139653247315E+017
   5.3333333333333332E-003  -1.4094847060907802E+017
   5.6666666666666662E-003   1.7177735544679296E+017
   6.0000000000000001E-003   3.1306894370510874E+017
   6.3333333333333332E-003   1.3893376775344038E+017
   6.6666666666666662E-003  -1.7729907940703142E+017
   7.0000000000000001E-003  -3.1739998982377798E+017
   7.3333333333333332E-003  -1.3804107061258310E+017
   7.6666666666666662E-003   1.8305027653742870E+017
   8.0000000000000002E-003   3.2321348444292544E+017
   8.3333333333333332E-003   1.3868718911522890E+017
   8.6666666666666663E-003  -1.8853283503685475E+017
   8.9999999999999993E-003  -3.3033393699253722E+017
   9.3333333333333324E-003  -1.4117010374086208E+017
   9.6666666666666672E-003   1.9321083576388288E+017
   1.0000000000000000E-002   3.3842554867772710E+017
   1.0333333333333333E-002   1.4563549181345760E+017
   1.0666666666666666E-002  -1.9657142145177821E+017
   1.0999999999999999E-002  -3.4703166059821600E+017
   1.1333333333333332E-002  -1.5206639243375590E+017
   1.1666666666666665E-002   1.9817197034033888E+017
   1.2000000000000000E-002   3.5561749742947814E+017
   1.2333333333333333E-002   1.6028687730744432E+017
   1.2666666666666666E-002  -1.9767563628728582E+017
   1.2999999999999999E-002  -3.6361209812058771E+017
   1.3333333333333332E-002  -1.6997332452220675E+017
   1.3666666666666666E-002   1.9488052335432723E+017
   1.4000000000000000E-002   3.7045243026900979E+017
   1.4333333333333333E-002   1.8067446693509747E+017
   1.4666666666666666E-002  -1.8974295892621584E+017
   1.4999999999999999E-002  -3.7563259266027571E+017
   1.5333333333333332E-002  -1.9184612009224304E+017
   1.5666666666666666E-002   1.8238755556360813E+017
   1.6000000000000000E-002   3.7875346383388851E+017
   1.6333333333333332E-002   2.0290284840633130E+017
   1.6666666666666666E-002  -1.7309408549986499E+017
   1.6999999999999998E-002  -3.7955961870299347E+017
   1.7333333333333333E-002  -2.1327817556269171E+017
   1.7666666666666667E-002   1.6225832420541965E+017
   1.7999999999999999E-002   3.7794938436993318E+017
   1.8333333333333333E-002   2.2247536817742163E+017
   1.8666666666666665E-002  -1.5033774530587312E+017
   1.9000000000000000E-002  -3.7395425779003059E+017
   1.9333333333333334E-002  -2.3009139840073190E+017
   1.9666666666666666E-002   1.3780340794705338E+017
   2.0000000000000000E-002   3.6770022051221222E+017
   2.0333333333333332E-002   2.3580976020207578E+017
   2.0666666666666667E-002  -1.2511741603936598E+017
   2.0999999999999998E-002  -3.5937445259223917E+017
   2.1333333333333333E-002  -2.3937599654496141E+017
   2.1666666666666667E-002   1.1274022022328155E+017
   2.1999999999999999E-002   3.4921790013131507E+017
   2.2333333333333334E-002   2.4058108228369482E+017
   2.2666666666666665E-002  -1.0115251258541194E+017
   2.3000000000000000E-002  -3.3754761609856403E+017
   2.3333333333333331E-002  -2.3927413895665354E+017
   2.3666666666666666E-002   90864661090235440.     
   2.4000000000000000E-002   3.2479203219026330E+017
   2.4333333333333332E-002   2.3540833817005453E+017
   2.4666666666666667E-002  -82390444641933840.     
   2.4999999999999998E-002  -3.1150956279219731E+017
   2.5333333333333333E-002  -2.2910163333746586E+017
   2.5666666666666667E-002   76180444533654720.     
   2.5999999999999999E-002   2.9836454669017210E+017
   2.6333333333333334E-002   2.2067988286652186E+017
   2.6666666666666665E-002  -72534263867686416.     
   2.7000000000000000E-002  -2.8605397705440179E+017
   2.7333333333333331E-002  -2.1067312815085766E+017
   2.7666666666666666E-002   71526115087262336.     
   2.8000000000000001E-002   2.7520351984185728E+017
   2.8333333333333332E-002   1.9975561510857094E+017
   2.8666666666666667E-002  -72975627784615712.     
   2.8999999999999998E-002  -2.6626738686996634E+017
   2.9333333333333333E-002  -1.8864526623727770E+017
   2.9666666666666664E-002   76476618227079424.     
   2.9999999999999999E-002   2.5946469654567027E+017
   3.0333333333333334E-002   1.7799409310718765E+017
   3.0666666666666665E-002  -81473195240645552.     
   3.1000000000000000E-002  -2.5476823760922083E+017
   3.1333333333333331E-002  -1.6830041472487843E+017
   3.1666666666666662E-002   87357990661695760.     
   3.2000000000000001E-002   2.5194178331017158E+017
   3.2333333333333332E-002   1.5986113966815034E+017
   3.2666666666666663E-002  -93565936281105120.     
   3.3000000000000002E-002  -2.5060925736678835E+017
   3.3333333333333333E-002  -1.5276740771783709E+017
   3.3666666666666664E-002   99644482900532992.     
   3.3999999999999996E-002   2.5033537605740816E+017
   3.4333333333333334E-002   1.4693606210136150E+017
   3.4666666666666665E-002  -1.0529095480808160E+017
   3.4999999999999996E-002  -2.5069973709393811E+017
   3.5333333333333335E-002  -1.4216378947488525E+017
   3.5666666666666666E-002   1.1035627161293717E+017
   3.5999999999999997E-002   2.5135122578480294E+017
   3.6333333333333336E-002   1.3818879743103269E+017
   3.6666666666666667E-002  -1.1482099325320819E+017
   3.6999999999999998E-002  -2.5203559536474710E+017
   3.7333333333333329E-002  -1.3474553399110882E+017
   3.7666666666666668E-002   1.1875472731823662E+017
   3.7999999999999999E-002   2.5259590128744624E+017
   3.8333333333333330E-002   1.3160127835863872E+017
   3.8666666666666669E-002  -1.2227270289514083E+017
   3.9000000000000000E-002  -2.5295239361255338E+017
   3.9333333333333331E-002  -1.2856950594054309E+017
   3.9666666666666663E-002   1.2550253672440907E+017
   4.0000000000000001E-002   2.5307367047736691E+017
