   3.3333331843217230E-006  -3831825.6769358958     
   3.2999999269843104E-004  -3268302.6665805113     
   6.6333331858118379E-004  -1850164.0834617950     
   9.9666664446393643E-004   25691.639341263799     
   1.3299999703466892E-003   1869946.0064772503     
   1.6633332962294419E-003   3229593.5807642373     
   1.9966666221121949E-003   3795363.4649337353     
   2.3299999479949474E-003   3461498.2281638915     
   2.6633332738777004E-003   2330144.8884457955     
   2.9966665997604534E-003   668780.37912255351     
   3.3299999256432059E-003  -1160827.1303446605     
   3.6633332515259584E-003  -2781378.0779564907     
   3.9966665774087114E-003  -3869935.9708164809     
   4.3299999032914644E-003  -4209548.0071090413     
   4.6633332291742165E-003  -3719803.1299947156     
   4.9966665550569694E-003  -2467281.2800193131     
   5.3299998809397224E-003  -657361.87644621194     
   5.6633332068224754E-003   1392419.5779105695     
   5.9966665327052283E-003   3298021.6198121761     
   6.3299998585879804E-003   4672317.7247802047     
   6.6633331844707334E-003   5200149.7893664762     
   6.9966665103534864E-003   4712233.4425957203     
   7.3299998362362385E-003   3239745.9099216671     
   7.6633331621189914E-003   1030737.8694491617     
   7.9966664880017444E-003  -1484230.1681947585     
   8.3299998138844974E-003  -3777000.1622790736     
   8.6633331397672503E-003  -5341136.4724434940     
   8.9966664656500033E-003  -5816144.3585752035     
   9.3299997915327545E-003  -5081880.2891136594     
   9.6633331174155075E-003  -3294510.5222875704     
   9.9966664432982605E-003  -851574.38144148234     
   1.0329999769181013E-002   1705203.3831903609     
   1.0663333095063766E-002   3822126.7499472611     
   1.0996666420946519E-002   5063992.3002728671     
   1.1329999746829272E-002   5208479.2190159354     
   1.1663333072712025E-002   4282971.2112178756     
   1.1996666398594778E-002   2540249.7899010656     
   1.2329999724477530E-002   386047.11239542847     
   1.2663333050360282E-002  -1718429.7533238744     
   1.2996666376243035E-002  -3354079.2327551711     
   1.3329999702125788E-002  -4221763.6582381753     
   1.3663333028008541E-002  -4189173.2145366324     
   1.3996666353891294E-002  -3303771.4551253733     
   1.4329999679774047E-002  -1774706.1698752558     
   1.4663333005656799E-002   70543.987893306650     
   1.4996666331539552E-002   1847871.2550777507     
   1.5329999657422304E-002   3188603.4429451963     
   1.5663332983305057E-002   3811974.0193712078     
   1.5996666309187810E-002   3585577.5573895113     
   1.6329999635070563E-002   2560140.8118570712     
   1.6663332960953316E-002   967016.94630088157     
   1.6996666286836069E-002  -826539.32757804042     
   1.7329999612718822E-002  -2398722.2289141393     
   1.7663332938601575E-002  -3374013.2063760580     
   1.7996666264484328E-002  -3518042.2285592528     
   1.8329999590367081E-002  -2799763.2090698602     
   1.8663332916249831E-002  -1401719.6269114260     
   1.8996666242132584E-002   326278.40623342135     
   1.9329999568015337E-002   1957803.0025666754     
   1.9663332893898090E-002   3099112.1451625796     
   1.9996666219780843E-002   3486338.3806628492     
   2.0329999545663596E-002   3044642.3624002836     
   2.0663332871546349E-002   1896089.8556897854     
   2.0996666197429101E-002   318659.10372445453     
   2.1329999523311854E-002  -1328079.7552194502     
   2.1663332849194607E-002  -2688365.4763763002     
   2.1996666175077360E-002  -3485259.6602710923     
   2.2329999500960113E-002  -3570336.2058624444     
   2.2663332826842866E-002  -2942038.2363868458     
   2.2996666152725619E-002  -1734681.5934680463     
   2.3329999478608372E-002  -185074.42579255207     
   2.3663332804491125E-002   1414576.5945203914     
   2.3996666130373878E-002   2769299.2986244680     
   2.4329999456256628E-002   3632472.9215357942     
   2.4663332782139381E-002   3848999.9358209991     
   2.4996666108022134E-002   3384144.0329452204     
   2.5329999433904887E-002   2331985.5933709401     
   2.5663332759787640E-002   899355.81973543798     
   2.5996666085670393E-002  -634628.55531484797     
   2.6329999411553145E-002  -1977130.8233769538     
   2.6663332737435898E-002  -2885695.1014248272     
   2.6996666063318651E-002  -3221610.7813493190     
   2.7329999389201404E-002  -2977409.9244778519     
   2.7663332715084157E-002  -2270002.6067744140     
   2.7996666040966910E-002  -1301385.8891088916     
   2.8329999366849663E-002  -299414.00182207220     
   2.8663332692732416E-002   542404.56462146598     
   2.8996666018615169E-002   1107506.9689504122     
   2.9329999344497919E-002   1369920.1359224787     
   2.9663332670380672E-002   1378665.1707930700     
   2.9996665996263425E-002   1222937.3825714826     
   3.0329999322146178E-002   993504.33433362702     
   3.0663332648028931E-002   754582.02963948413     
   3.0996665973911684E-002   533912.59315806150     
   3.1329999299794437E-002   330276.65600036364     
   3.1663332625677193E-002   131003.23538698279     
   3.1996665951559942E-002  -70391.507539172890     
   3.2329999277442692E-002  -264278.86316841096     
   3.2663332603325448E-002  -425748.67210884427     
   3.2996665929208198E-002  -524165.20085216395     
   3.3329999255090954E-002  -536152.04411828984     
   3.3663332580973704E-002  -456162.32387640013     
   3.3996665906856460E-002  -300593.23761079379     
   3.4329999232739210E-002  -104376.82095665764     
   3.4663332558621966E-002   88214.701136797201     
   3.4996665884504716E-002   235123.69936355995     
   3.5329999210387472E-002   306756.69586892228     
   3.5663332536270222E-002   292224.33199337544     
   3.5996665862152978E-002   200448.88537778461     
   3.6329999188035728E-002   56586.093891934026     
   3.6663332513918484E-002  -104698.01973779657     
   3.6996665839801234E-002  -247127.15666600686     
   3.7329999165683983E-002  -340093.51360929391     
   3.7663332491566739E-002  -364053.37329826097     
   3.7996665817449489E-002  -313413.39392490545     
   3.8329999143332245E-002  -196821.10224408587     
   3.8663332469214995E-002  -35137.871911975380     
   3.8996665795097751E-002   142415.87205525849     
   3.9329999120980501E-002   303330.07803249097     
   3.9663332446863257E-002   417388.60339130380     
   3.9996665772746007E-002   462003.57955713791     
