   3.3333331843217230E-006   399.27859444675596     
   3.2999999269843104E-004   528.06765059416102     
   6.6333331858118379E-004   899.94142697243478     
   9.9666664446393643E-004   1481.7765809158436     
   1.3299999703466892E-003   2221.8355940918509     
   1.6633332962294419E-003   3054.2832816499676     
   1.9966666221121949E-003   3905.0978389875736     
   2.3299999479949474E-003   4698.8340476797830     
   2.6633332738777004E-003   5365.6949273637711     
   2.9966665997604534E-003   5848.2865719863685     
   3.3299999256432059E-003   6107.3654286169940     
   3.6633332515259584E-003   6125.8680210551756     
   3.9966665774087114E-003   5910.5848242798211     
   4.3299999032914644E-003   5491.0476262693483     
   4.6633332291742165E-003   4915.5655497807193     
   4.9966665550569694E-003   4244.8434077121765     
   5.3299998809397224E-003   3544.1574738015861     
   5.6633332068224754E-003   2875.4991087067069     
   5.9966665327052283E-003   2291.2529904254716     
   6.3299998585879804E-003   1830.7199213957892     
   6.6633331844707334E-003   1520.1019424874949     
   6.9966665103534864E-003   1375.5792551981363     
   7.3299998362362385E-003   1408.1185355444240     
   7.6633331621189914E-003   1628.0270349122147     
   7.9966664880017444E-003   2047.3022990899117     
   8.3299998138844974E-003   2678.6003607887997     
   8.6633331397672503E-003   3530.9344826382930     
   8.9966664656500033E-003   4603.5499306435704     
   9.3299997915327545E-003   5880.2530050819114     
   9.6633331174155075E-003   7326.4272529391183     
   9.9966664432982605E-003   8890.0254183205598     
   1.0329999769181013E-002   10506.352624161653     
   1.0663333095063766E-002   12105.065820216678     
   1.0996666420946519E-002   13617.087485866521     
   1.1329999746829272E-002   14979.356982906580     
   1.1663333072712025E-002   16136.395139027303     
   1.1996666398594778E-002   17039.067660825076     
   1.2329999724477530E-002   17642.110764926168     
   1.2663333050360282E-002   17902.474856575915     
   1.2996666376243035E-002   17780.205791200984     
   1.3329999702125788E-002   17242.605813427374     
   1.3663333028008541E-002   16271.199034728223     
   1.3996666353891294E-002   14870.001737597497     
   1.4329999679774047E-002   13073.068774522493     
   1.4663333005656799E-002   10949.347846252784     
   1.4996666331539552E-002   8603.4221868035802     
   1.5329999657422304E-002   6171.5404653853666     
   1.5663332983305057E-002   3813.1807885074104     
   1.5996666309187810E-002   1699.0880344394504     
   1.6329999635070563E-002  -2.8360427707307281     
   1.6663332960953316E-002  -1142.2338495615495     
   1.6996666286836069E-002  -1600.0696147058106     
   1.7329999612718822E-002  -1300.1614130760036     
   1.7663332938601575E-002  -217.42551333941447     
   1.7996666264484328E-002   1617.8851077667550     
   1.8329999590367081E-002   4120.3239255519729     
   1.8663332916249831E-002   7153.8041194967682     
   1.8996666242132584E-002   10540.248457070937     
   1.9329999568015337E-002   14071.700578027823     
   1.9663332893898090E-002   17524.981028769991     
   1.9996666219780843E-002   20677.753533861101     
   2.0329999545663596E-002   23324.733706008621     
   2.0663332871546349E-002   25292.737656127327     
   2.0996666197429101E-002   26453.336283292578     
   2.1329999523311854E-002   26732.048320733687     
   2.1663332849194607E-002   26113.262085553943     
   2.1996666175077360E-002   24640.411042189560     
   2.2329999500960113E-002   22411.329517799644     
   2.2663332826842866E-002   19569.165646859059     
   2.2996666152725619E-002   16289.700552295604     
   2.3329999478608372E-002   12766.367448389878     
   2.3663332804491125E-002   9194.6095099714130     
   2.3996666130373878E-002   5757.3720699679234     
   2.4329999456256628E-002   2613.4091345798306     
   2.4663332782139381E-002  -110.34842424738645     
   2.4996666108022134E-002  -2321.8350580640199     
   2.5329999433904887E-002  -3962.6551302828766     
   2.5663332759787640E-002  -5003.8317660283901     
   2.5996666085670393E-002  -5440.2191604548425     
   2.6329999411553145E-002  -5285.3526458956931     
   2.6663332737435898E-002  -4568.0332604777323     
   2.6996666063318651E-002  -3331.0699556308855     
   2.7329999389201404E-002  -1631.6319486567745     
   2.7663332715084157E-002   458.04436936231468     
   2.7996666040966910E-002   2851.0197688322278     
   2.8329999366849663E-002   5448.0788843357313     
   2.8663332692732416E-002   8142.3527998124691     
   2.8996666018615169E-002   10825.350910595136     
   2.9329999344497919E-002   13393.017427648661     
   2.9663332670380672E-002   15750.394114728531     
   2.9996665996263425E-002   17814.001240715890     
   3.0329999322146178E-002   19511.912662830582     
   3.0663332648028931E-002   20782.348395813358     
   3.0996665973911684E-002   21572.121048164878     
   3.1329999299794437E-002   21836.285827939377     
   3.1663332625677193E-002   21539.887337546519     
   3.1996665951559942E-002   20661.955788795531     
   3.2329999277442692E-002   19201.132843652387     
   3.2663332603325448E-002   17181.728028032398     
   3.2996665929208198E-002   14658.755042986921     
   3.3329999255090954E-002   11720.597934174246     
   3.3663332580973704E-002   8488.3429105302275     
   3.3996665906856460E-002   5111.3625874636855     
   3.4329999232739210E-002   1759.3244053971739     
   3.4663332558621966E-002  -1388.6955479742855     
   3.4996665884504716E-002  -4156.9477248092790     
   3.5329999210387472E-002  -6386.3547675857353     
   3.5663332536270222E-002  -7947.1982918312669     
   3.5996665862152978E-002  -8749.9780935630624     
   3.6329999188035728E-002  -8753.4694696444767     
   3.6663332513918484E-002  -7969.2590119770048     
   3.6996665839801234E-002  -6462.3298458699091     
   3.7329999165683983E-002  -4347.5776979181574     
   3.7663332491566739E-002  -1782.4566137036088     
   3.7996665817449489E-002   1043.7375277709161     
   3.8329999143332245E-002   3923.1573650895134     
   3.8663332469214995E-002   6644.2554165808206     
   3.8996665795097751E-002   9007.0423463796888     
   3.9329999120980501E-002   10837.561634654288     
   3.9663332446863257E-002   12000.467136133357     
   3.9996665772746007E-002   12408.771359095932     
