   3.3333331843217230E-006   19946.072693071459     
   3.2999999269843104E-004   19867.624242629157     
   6.6333331858118379E-004   19633.712001344971     
   9.9666664446393643E-004   19250.678221089132     
   1.3299999703466892E-003   18729.622691418277     
   1.6633332962294419E-003   18085.920537471957     
   1.9966666221121949E-003   17338.393782441439     
   2.3299999479949474E-003   16508.207282970950     
   2.6633332738777004E-003   15617.575741649494     
   2.9966665997604534E-003   14688.414446305018     
   3.3299999256432059E-003   13741.100703505343     
   3.6633332515259584E-003   12793.521330266065     
   3.9966665774087114E-003   11860.551712851362     
   4.3299999032914644E-003   10954.039210709070     
   4.6633332291742165E-003   10083.256573315046     
   4.9966665550569694E-003   9255.6734913281653     
   5.3299998809397224E-003   8477.8023241412484     
   5.6633332068224754E-003   7755.8448725816434     
   5.9966665327052283E-003   7095.9244411940526     
   6.3299998585879804E-003   6503.8266237326370     
   6.6633331844707334E-003   5984.3540348355891     
   6.9966665103534864E-003   5540.5594695260261     
   7.3299998362362385E-003   5173.1911753330660     
   7.6633331621189914E-003   4880.6236792803102     
   7.9966664880017444E-003   4659.3699491728439     
   8.3299998138844974E-003   4505.0411470550234     
   8.6633331397672503E-003   4413.4337378773871     
   8.9966664656500033E-003   4381.3625276321554     
   9.3299997915327545E-003   4406.9522274495803     
   9.6633331174155075E-003   4489.3104179505672     
   9.9966664432982605E-003   4627.7404300360095     
   1.0329999769181013E-002   4820.8135311449041     
   1.0663333095063766E-002   5065.6431492915381     
   1.0996666420946519E-002   5357.5909946626552     
   1.1329999746829272E-002   5690.4456294691417     
   1.1663333072712025E-002   6056.9339498384525     
   1.1996666398594778E-002   6449.3259021530885     
   1.2329999724477530E-002   6859.8999666494001     
   1.2663333050360282E-002   7281.1310886452793     
   1.2996666376243035E-002   7705.5927900971719     
   1.3329999702125788E-002   8125.6762972947563     
   1.3663333028008541E-002   8533.2854449949227     
   1.3996666353891294E-002   8919.6587534295577     
   1.4329999679774047E-002   9275.4153858913996     
   1.4663333005656799E-002   9590.8475717618967     
   1.4996666331539552E-002   9856.4153149079666     
   1.5329999657422304E-002   10063.356867500410     
   1.5663332983305057E-002   10204.315408092920     
   1.5996666309187810E-002   10273.893751417176     
   1.6329999635070563E-002   10269.074869803022     
   1.6663332960953316E-002   10189.476239887967     
   1.6996666286836069E-002   10037.432826941313     
   1.7329999612718822E-002   9817.9228086736093     
   1.7663332938601575E-002   9538.3611067801066     
   1.7996666264484328E-002   9208.2897647346999     
   1.8329999590367081E-002   8838.9934335571743     
   1.8663332916249831E-002   8443.0649413781757     
   1.8996666242132584E-002   8033.9418395218863     
   1.9329999568015337E-002   7625.4309826819635     
   1.9663332893898090E-002   7231.2350991590974     
   1.9996666219780843E-002   6864.4930818332459     
   2.0329999545663596E-002   6537.3443964161861     
   2.0663332871546349E-002   6260.5275878123284     
   2.0996666197429101E-002   6043.0234375021118     
   2.1329999523311854E-002   5891.7549106798397     
   2.1663332849194607E-002   5811.3584366287878     
   2.1996666175077360E-002   5804.0436598966680     
   2.2329999500960113E-002   5869.5603575769219     
   2.2663332826842866E-002   6005.2899299738392     
   2.2996666152725619E-002   6206.4726588437379     
   2.3329999478608372E-002   6466.5691364891700     
   2.3663332804491125E-002   6777.7347026795433     
   2.3996666130373878E-002   7131.3617354409598     
   2.4329999456256628E-002   7518.6217658278392     
   2.4663332782139381E-002   7930.9258783660616     
   2.4996666108022134E-002   8360.2265687407253     
   2.5329999433904887E-002   8799.1129102068808     
   2.5663332759787640E-002   9240.7019275834718     
   2.5996666085670393E-002   9678.3907410503416     
   2.6329999411553145E-002   10105.585455793898     
   2.6663332737435898E-002   10515.540228694299     
   2.6996666063318651E-002   10901.407367742246     
   2.7329999389201404E-002   11256.518881658694     
   2.7663332715084157E-002   11574.816728402664     
   2.7996666040966910E-002   11851.265180424572     
   2.8329999366849663E-002   12082.056328020806     
   2.8663332692732416E-002   12264.479552010671     
   2.8996666018615169E-002   12396.452470691293     
   2.9329999344497919E-002   12475.854577943266     
   2.9663332670380672E-002   12499.901487101679     
   2.9996665996263425E-002   12464.799577293739     
   3.0329999322146178E-002   12365.821463237384     
   3.0663332648028931E-002   12197.782537198776     
   3.0996665973911684E-002   11955.747077048796     
   3.1329999299794437E-002   11635.714170571613     
   3.1663332625677193E-002   11235.059521738471     
   3.1996665951559942E-002   10752.622601111632     
   3.2329999277442692E-002   10188.476738059933     
   3.2663332603325448E-002   9543.5400157056247     
   3.2996665929208198E-002   8819.2328426659078     
   3.3329999255090954E-002   8017.3538231792772     
   3.3663332580973704E-002   7140.2521837579798     
   3.3996665906856460E-002   6191.2640403748101     
   3.4329999232739210E-002   5175.2917548627702     
   3.4663332558621966E-002   4099.3654223372578     
   3.4996665884504716E-002   2973.0370898100214     
   3.5329999210387472E-002   1808.5083319101966     
   3.5663332536270222E-002   620.45856124262809     
   3.5996665862152978E-002  -574.39612060650734     
   3.6329999188035728E-002  -1757.9398333501665     
   3.6663332513918484E-002  -2911.3958779739423     
   3.6996665839801234E-002  -4016.0757088663358     
   3.7329999165683983E-002  -5054.0626083959996     
   3.7663332491566739E-002  -6008.7787122301306     
   3.7996665817449489E-002  -6865.4086007811866     
   3.8329999143332245E-002  -7611.1736088245125     
   3.8663332469214995E-002  -8235.4665670218747     
   3.8996665795097751E-002  -8729.8670585868931     
   3.9329999120980501E-002  -9088.0637149894701     
   3.9663332446863257E-002  -9305.7141025954297     
   3.9996665772746007E-002  -9380.2754923207831     
