   3.3333331843217230E-006  -4121.7432397077082     
   3.2999999269843104E-004  -3816.8301642134811     
   6.6333331858118379E-004  -2998.5095682123938     
   9.9666664446393643E-004  -1598.9993894666768     
   1.3299999703466892E-003   486.97620218233715     
   1.6633332962294419E-003   3335.8858398419134     
   1.9966666221121949E-003   6926.4124946758830     
   2.3299999479949474E-003   11094.181006980345     
   2.6633332738777004E-003   15530.730327206844     
   2.9966665997604534E-003   19831.871610443712     
   3.3299999256432059E-003   23582.389679981810     
   3.6633332515259584E-003   26449.961819480257     
   3.9966665774087114E-003   28256.725974970763     
   4.3299999032914644E-003   29004.108078075114     
   4.6633332291742165E-003   28842.867377292099     
   4.9966665550569694E-003   27999.835287986174     
   5.3299998809397224E-003   26688.227480453912     
   5.6633332068224754E-003   25033.942889582275     
   5.9966665327052283E-003   23043.901531597796     
   6.3299998585879804E-003   20626.676529221164     
   6.6633331844707334E-003   17656.407593126034     
   6.9966665103534864E-003   14055.393832122187     
   7.3299998362362385E-003   9864.4716384647381     
   7.6633331621189914E-003   5275.3112007730242     
   7.9966664880017444E-003   612.90384319102304     
   8.3299998138844974E-003  -3725.6969376296020     
   8.6633331397672503E-003  -7355.4257883393138     
   8.9966664656500033E-003  -9982.2798772860006     
   9.3299997915327545E-003  -11452.906465319556     
   9.6633331174155075E-003  -11761.775486961378     
   9.9966664432982605E-003  -11018.307023164249     
   1.0329999769181013E-002  -9389.7083529726824     
   1.0663333095063766E-002  -7042.1864628016901     
   1.0996666420946519E-002  -4101.6892084022775     
   1.1329999746829272E-002  -646.53578071161428     
   1.1663333072712025E-002   3268.1916704436894     
   1.1996666398594778E-002   7566.2396405945501     
   1.2329999724477530E-002   12104.353561432334     
   1.2663333050360282E-002   16643.756105652785     
   1.2996666376243035E-002   20851.538500671275     
   1.3329999702125788E-002   24334.661200720904     
   1.3663333028008541E-002   26694.359735240858     
   1.3996666353891294E-002   27622.011757609966     
   1.4329999679774047E-002   26949.691449149275     
   1.4663333005656799E-002   24664.343664358130     
   1.4996666331539552E-002   20916.850947086921     
   1.5329999657422304E-002   16010.516078008606     
   1.5663332983305057E-002   10371.113833839579     
   1.5996666309187810E-002   4502.7353547099174     
   1.6329999635070563E-002  -1064.9686442414604     
   1.6663332960953316E-002  -5831.8870167361929     
   1.6996666286836069E-002  -9378.6878080336155     
   1.7329999612718822E-002  -11408.690306422297     
   1.7663332938601575E-002  -11776.078636265300     
   1.7996666264484328E-002  -10497.761276675808     
   1.8329999590367081E-002  -7747.9867319756058     
   1.8663332916249831E-002  -3836.6628138823244     
   1.8996666242132584E-002   825.98260741481772     
   1.9329999568015337E-002   5774.3810226270871     
   1.9663332893898090E-002   10537.287092554425     
   1.9996666219780843E-002   14686.766641843575     
   2.0329999545663596E-002   17881.313691837750     
   2.0663332871546349E-002   19898.613885568215     
   2.0996666197429101E-002   20654.652107887479     
   2.1329999523311854E-002   20207.381194831287     
   2.1663332849194607E-002   18744.860753319143     
   2.1996666175077360E-002   16559.456340809120     
   2.2329999500960113E-002   14011.177619847625     
   2.2663332826842866E-002   11484.369812606945     
   2.2996666152725619E-002   9342.6359040524731     
   2.3329999478608372E-002   7886.9905863937383     
   2.3663332804491125E-002   7321.8237994944029     
   2.3996666130373878E-002   7732.3347546974401     
   2.4329999456256628E-002   9075.7925969138523     
   2.4663332782139381E-002   11187.433989632893     
   2.4996666108022134E-002   13800.191162948118     
   2.5329999433904887E-002   16575.931163521695     
   2.5663332759787640E-002   19144.638675445683     
   2.5996666085670393E-002   21147.120545136109     
   2.6329999411553145E-002   22276.436720953352     
   2.6663332737435898E-002   22313.406416348407     
   2.6996666063318651E-002   21153.078623987389     
   2.7329999389201404E-002   18822.526738670345     
   2.7663332715084157E-002   15476.492036261894     
   2.7996666040966910E-002   11376.194940986315     
   2.8329999366849663E-002   6856.1710889414080     
   2.8663332692732416E-002   2283.3759247113594     
   2.8996666018615169E-002  -1984.8599782398755     
   2.9329999344497919E-002  -5637.5036783035384     
   2.9663332670380672E-002  -8435.9466778944425     
   2.9996665996263425E-002  -10226.781216008161     
   3.0329999322146178E-002  -10941.301839561114     
   3.0663332648028931E-002  -10584.545171799138     
   3.0996665973911684E-002  -9218.6270139235530     
   3.1329999299794437E-002  -6945.8108511535529     
   3.1663332625677193E-002  -3895.9648720201221     
   3.1996665951559942E-002  -221.02217549526176     
   3.2329999277442692E-002   3903.7176997730330     
   3.2663332603325448E-002   8274.3570412156914     
   3.2996665929208198E-002   12654.066654484825     
   3.3329999255090954E-002   16774.934551470407     
   3.3663332580973704E-002   20350.006348723131     
   3.3996665906856460E-002   23096.733252332437     
   3.4329999232739210E-002   24769.403725009019     
   3.4663332558621966E-002   25194.647091947158     
   3.4996665884504716E-002   24301.833794017177     
   3.5329999210387472E-002   22140.003931183335     
   3.5663332536270222E-002   18875.179822997059     
   3.5996665862152978E-002   14766.241883972090     
   3.6329999188035728E-002   10122.993529789872     
   3.6663332513918484E-002   5255.1716824518144     
   3.6996665839801234E-002   424.43346393037245     
   3.7329999165683983E-002  -4188.4376012630310     
   3.7663332491566739E-002  -8492.1746311039715     
   3.7996665817449489E-002  -12466.902762390300     
   3.8329999143332245E-002  -16124.447981547641     
   3.8663332469214995E-002  -19459.429882307326     
   3.8996665795097751E-002  -22407.674466623903     
   3.9329999120980501E-002  -24827.964653174793     
   3.9663332446863257E-002  -26517.360195601192     
   3.9996665772746007E-002  -27260.250803681327     
