   3.3333331843217230E-006   2655.1350912778948     
   3.2999999269843104E-004   2661.3653358256524     
   6.6333331858118379E-004   2680.1875160679392     
   9.9666664446393643E-004   2711.7759861663380     
   1.3299999703466892E-003   2756.3270837045384     
   1.6633332962294419E-003   2814.0327254020008     
   1.9966666221121949E-003   2885.0558060001645     
   2.3299999479949474E-003   2969.5082164743053     
   2.6633332738777004E-003   3067.4343438577052     
   2.9966665997604534E-003   3178.8021916635325     
   3.3299999256432059E-003   3303.5029617840050     
   3.6633332515259584E-003   3441.3581600918269     
   3.9966665774087114E-003   3592.1313219729891     
   4.3299999032914644E-003   3755.5398147579140     
   4.6633332291742165E-003   3931.2615256432773     
   4.9966665550569694E-003   4118.9322039430936     
   5.3299998809397224E-003   4318.1320627258501     
   5.6633332068224754E-003   4528.3645598907187     
   5.9966665327052283E-003   4749.0348567943647     
   6.3299998585879804E-003   4979.4384475937532     
   6.6633331844707334E-003   5218.7700001973199     
   6.9966665103534864E-003   5466.1575718718141     
   7.3299998362362385E-003   5720.7187868330402     
   7.6633331621189914E-003   5981.6259580249070     
   7.9966664880017444E-003   6248.1604022436122     
   8.3299998138844974E-003   6519.7358954319170     
   8.6633331397672503E-003   6795.8787337382037     
   8.9966664656500033E-003   7076.1653011944309     
   9.3299997915327545E-003   7360.1325459766413     
   9.6633331174155075E-003   7647.1864462176964     
   9.9966664432982605E-003   7936.5341497620357     
   1.0329999769181013E-002   8227.1564816146692     
   1.0663333095063766E-002   8517.8225319385274     
   1.0996666420946519E-002   8807.1331983902819     
   1.1329999746829272E-002   9093.5717386588422     
   1.1663333072712025E-002   9375.5396623029410     
   1.1996666398594778E-002   9651.3648137585224     
   1.2329999724477530E-002   9919.2812638990108     
   1.2663333050360282E-002   10177.392493088926     
   1.2996666376243035E-002   10423.636239811189     
   1.3329999702125788E-002   10655.769675096573     
   1.3663333028008541E-002   10871.388180274536     
   1.3996666353891294E-002   11067.982558844000     
   1.4329999679774047E-002   11243.030976602258     
   1.4663333005656799E-002   11394.115560179023     
   1.4996666331539552E-002   11519.050428469443     
   1.5329999657422304E-002   11616.007852989515     
   1.5663332983305057E-002   11683.631363585380     
   1.5996666309187810E-002   11721.127815697069     
   1.6329999635070563E-002   11728.333744809655     
   1.6663332960953316E-002   11705.754128166687     
   1.6996666286836069E-002   11654.573692364213     
   1.7329999612718822E-002   11576.642162378341     
   1.7663332938601575E-002   11474.435509445782     
   1.7996666264484328E-002   11350.995533947065     
   1.8329999590367081E-002   11209.850204087872     
   1.8663332916249831E-002   11054.917199381918     
   1.8996666242132584E-002   10890.393166982407     
   1.9329999568015337E-002   10720.631342717234     
   1.9663332893898090E-002   10550.010458321145     
   1.9996666219780843E-002   10382.798293911341     
   2.0329999545663596E-002   10223.013883333322     
   2.0663332871546349E-002   10074.293265685397     
   2.0996666197429101E-002   9939.7647720766399     
   2.1329999523311854E-002   9821.9410145589118     
   2.1663332849194607E-002   9722.6357305267229     
   2.1996666175077360E-002   9642.9139930216661     
   2.2329999500960113E-002   9583.0834619048856     
   2.2663332826842866E-002   9542.7317560469619     
   2.2996666152725619E-002   9520.8103188761088     
   2.3329999478608372E-002   9515.7584705506742     
   2.3663332804491125E-002   9525.6535920232091     
   2.3996666130373878E-002   9548.3663420874891     
   2.4329999456256628E-002   9581.6959042550516     
   2.4663332782139381E-002   9623.4619608243665     
   2.4996666108022134E-002   9671.5388703642257     
   2.5329999433904887E-002   9723.8327405745476     
   2.5663332759787640E-002   9778.2202759995835     
   2.5996666085670393E-002   9832.4834573569879     
   2.6329999411553145E-002   9884.2794664095527     
   2.6663332737435898E-002   9931.1760119859100     
   2.6996666063318651E-002   9970.7585437507314     
   2.7329999389201404E-002   10000.784529107535     
   2.7663332715084157E-002   10019.333079388034     
   2.7996666040966910E-002   10024.888695864582     
   2.8329999366849663E-002   10016.313472610089     
   2.8663332692732416E-002   9992.7002342895848     
   2.8996666018615169E-002   9953.1462901692503     
   2.9329999344497919E-002   9896.5239843489271     
   2.9663332670380672E-002   9821.3327432310107     
   2.9996665996263425E-002   9725.6917318602591     
   3.0329999322146178E-002   9607.4814569473874     
   3.0663332648028931E-002   9464.5873707859173     
   3.0996665973911684E-002   9295.1619081463850     
   3.1329999299794437E-002   9097.8184620690008     
   3.1663332625677193E-002   8871.7018117739717     
   3.1996665951559942E-002   8616.4303921583469     
   3.2329999277442692E-002   8331.9551879618448     
   3.2663332603325448E-002   8018.4089853313426     
   3.2996665929208198E-002   7676.0192232278032     
   3.3329999255090954E-002   7305.1310587216703     
   3.3663332580973704E-002   6906.3469763412450     
   3.3996665906856460E-002   6480.7507367564413     
   3.4329999232739210E-002   6030.1588294885469     
   3.4663332558621966E-002   5557.3371581988267     
   3.4996665884504716E-002   5066.1326052671693     
   3.5329999210387472E-002   4561.4917381940440     
   3.5663332536270222E-002   4049.3640894043647     
   3.5996665862152978E-002   3536.5083968735798     
   3.6329999188035728E-002   3030.2331136150019     
   3.6663332513918484E-002   2538.1066742023486     
   3.6996665839801234E-002   2067.6700541268183     
   3.7329999165683983E-002   1626.1768059098640     
   3.7663332491566739E-002   1220.3767832176823     
   3.7996665817449489E-002   856.35129435758029     
   3.8329999143332245E-002   539.40065623451630     
   3.8663332469214995E-002   273.98038390706756     
   3.8996665795097751E-002   63.679277829778584     
   3.9329999120980501E-002  -88.769104245579001     
   3.9663332446863257E-002  -181.45125951226601     
   3.9996665772746007E-002  -213.22543089682654     
