   3.3333331843217230E-006   56655.436711008209     
   3.2999999269843104E-004   54577.473839236933     
   6.6333331858118379E-004   48434.026369866056     
   9.9666664446393643E-004   38741.618590381346     
   1.3299999703466892E-003   26315.789600191434     
   1.6633332962294419E-003   12203.369478214145     
   1.9966666221121949E-003  -2404.5457412033320     
   2.3299999479949474E-003  -16271.773195103422     
   2.6633332738777004E-003  -28220.222927221788     
   2.9966665997604534E-003  -37228.583187346434     
   3.3299999256432059E-003  -42518.367961885728     
   3.6633332515259584E-003  -43620.200484765439     
   3.9966665774087114E-003  -40414.806976520005     
   4.3299999032914644E-003  -33145.249375616666     
   4.6633332291742165E-003  -22399.267976416057     
   4.9966665550569694E-003  -9063.0447662755068     
   5.3299998809397224E-003   5749.9621993202018     
   5.6633332068224754E-003   20789.414006476567     
   5.9966665327052283E-003   34770.424659072029     
   6.3299998585879804E-003   46479.538233189800     
   6.6633331844707334E-003   54875.720228099759     
   6.9966665103534864E-003   59178.098720451242     
   7.3299998362362385E-003   58933.226643939197     
   7.6633331621189914E-003   54056.261044152416     
   7.9966664880017444E-003   44842.538702891077     
   8.3299998138844974E-003   31948.403045791012     
   8.6633331397672503E-003   16342.613891881507     
   8.9966664656500033E-003  -767.94992069627051     
   9.3299997915327545E-003  -18032.496384776445     
   9.6633331174155075E-003  -34063.005904588710     
   9.9966664432982605E-003  -47544.928314183380     
   1.0329999769181013E-002  -57343.058823967178     
   1.0663333095063766E-002  -62594.102186878605     
   1.0996666420946519E-002  -62778.456312613343     
   1.1329999746829272E-002  -57765.368235250906     
   1.1663333072712025E-002  -47827.708286645167     
   1.1996666398594778E-002  -33625.006291818980     
   1.2329999724477530E-002  -16155.905861157700     
   1.2663333050360282E-002   3316.3805195894593     
   1.2996666376243035E-002   23359.885052415193     
   1.3329999702125788E-002   42483.538164557380     
   1.3663333028008541E-002   59252.120038810659     
   1.3996666353891294E-002   72397.528215283892     
   1.4329999679774047E-002   80917.647732145269     
   1.4663333005656799E-002   84155.065679485328     
   1.4996666331539552E-002   81849.438670418196     
   1.5329999657422304E-002   74159.375446072649     
   1.5663332983305057E-002   61652.075115415966     
   1.5996666309187810E-002   45261.476513048896     
   1.6329999635070563E-002   26218.127588467436     
   1.6663332960953316E-002   5956.1827559498688     
   1.6996666286836069E-002  -13995.291464429351     
   1.7329999612718822E-002  -32128.314361676108     
   1.7663332938601575E-002  -47070.354046129338     
   1.7996666264484328E-002  -57688.265061209517     
   1.8329999590367081E-002  -63173.841904294750     
   1.8663332916249831E-002  -63104.477252074692     
   1.8996666242132584E-002  -57474.360612349177     
   1.9329999568015337E-002  -46693.944650568359     
   1.9663332893898090E-002  -31557.861591561108     
   1.9996666219780843E-002  -13183.898232406798     
   2.0329999545663596E-002   7072.1537991200839     
   2.0663332871546349E-002   27719.136350487628     
   2.0996666197429101E-002   47242.723093238070     
   2.1329999523311854E-002   64218.580463998907     
   2.1663332849194607E-002   77417.894677706499     
   2.1996666175077360E-002   85897.332612078055     
   2.2329999500960113E-002   89066.773688205401     
   2.2663332826842866E-002   86729.919042486901     
   2.2996666152725619E-002   79095.010146466753     
   2.3329999478608372E-002   66755.202152101177     
   2.3663332804491125E-002   50640.455582899660     
   2.3996666130373878E-002   31944.953430088339     
   2.4329999456256628E-002   12035.855226789517     
   2.4663332782139381E-002  -7649.4699130924491     
   2.4996666108022134E-002  -25709.829037666917     
   2.5329999433904887E-002  -40882.167392033283     
   2.5663332759787640E-002  -52131.544511424465     
   2.5996666085670393E-002  -58722.614645241221     
   2.6329999411553145E-002  -60267.634198976528     
   2.6663332737435898E-002  -56747.902803909135     
   2.6996666063318651E-002  -48507.626405555879     
   2.7329999389201404E-002  -36221.304149406016     
   2.7663332715084157E-002  -20837.720432651498     
   2.7996666040966910E-002  -3505.3178796160573     
   2.8329999366849663E-002   14514.989420950813     
   2.8663332692732416E-002   31942.720608402415     
   2.8996666018615169E-002   47569.376011967484     
   2.9329999344497919E-002   60341.874207516172     
   2.9663332670380672E-002   69431.957440462647     
   2.9996665996263425E-002   74286.910856212722     
   3.0329999322146178E-002   74658.527180457822     
   3.0663332648028931E-002   70609.019450814114     
   3.0996665973911684E-002   62494.393782194944     
   3.1329999299794437E-002   50927.496719521812     
   3.1663332625677193E-002   36724.415177962983     
   3.1996665951559942E-002   20839.022379219969     
   3.2329999277442692E-002   4291.1533671850120     
   3.2663332603325448E-002  -11905.881347840514     
   3.2996665929208198E-002  -26812.976182132843     
   3.3329999255090954E-002  -39623.305499340713     
   3.3663332580973704E-002  -49707.017820967638     
   3.3996665906856460E-002  -56640.053969361674     
   3.4329999232739210E-002  -60216.012908634177     
   3.4663332558621966E-002  -60441.421964241912     
   3.4996665884504716E-002  -57516.093226543118     
   3.5329999210387472E-002  -51801.357171332587     
   3.5663332536270222E-002  -43779.772239113285     
   3.5996665862152978E-002  -34010.358931297662     
   3.6329999188035728E-002  -23083.475861188927     
   3.6663332513918484E-002  -11579.154516799113     
   3.6996665839801234E-002  -32.083109861290723     
   3.7329999165683983E-002   11094.450607796396     
   3.7663332491566739E-002   21424.390057828365     
   3.7996665817449489E-002   30674.346772194811     
   3.8329999143332245E-002   38649.528033841074     
   3.8663332469214995E-002   45231.944407438801     
   3.8996665795097751E-002   50363.361728148207     
   3.9329999120980501E-002   54025.849628939708     
   3.9663332446863257E-002   56222.848505983136     
   3.9996665772746007E-002   56963.430197711918     
