   3.3333333333333333E-006   17637.050734177647     
   3.3000000000000000E-004   17617.934598671774     
   6.6333333333333327E-004   17560.577670915645     
   9.9666666666666675E-004   17465.587877125254     
   1.3300000000000000E-003   17334.179579369615     
   1.6633333333333333E-003   17168.137952148554     
   1.9966666666666666E-003   16969.731886370457     
   2.3299999999999996E-003   16741.585075860414     
   2.6633333333333331E-003   16486.515101418721     
   2.9966666666666666E-003   16207.357868741252     
   3.3299999999999996E-003   15906.801013784778     
   3.6633333333333331E-003   15587.252610102019     
   3.9966666666666666E-003   15250.768591298354     
   4.3299999999999996E-003   14899.052633733696     
   4.6633333333333327E-003   14533.526606501502     
   4.9966666666666666E-003   14155.451256483953     
   5.3299999999999997E-003   13766.060830040169     
   5.6633333333333327E-003   13366.667880165274     
   5.9966666666666666E-003   12958.700151691060     
   6.3299999999999997E-003   12543.650906296749     
   6.6633333333333327E-003   12122.952769886186     
   6.9966666666666667E-003   11697.813845443867     
   7.3299999999999997E-003   11269.072338628324     
   7.6633333333333328E-003   10837.123956798812     
   7.9966666666666675E-003   10401.953528825645     
   8.3300000000000006E-003   9963.2660038050999     
   8.6633333333333336E-003   9520.6760387112117     
   8.9966666666666667E-003   9073.8944333093932     
   9.3299999999999998E-003   8622.8526077450824     
   9.6633333333333345E-003   8167.7319676115985     
   9.9966666666666676E-003   7708.9024452320373     
   1.0330000000000001E-002   7246.8080541399368     
   1.0663333333333334E-002   6781.8536458490635     
   1.0996666666666667E-002   6314.3410675445011     
   1.1330000000000000E-002   5844.4792079810577     
   1.1663333333333333E-002   5372.4623772767818     
   1.1996666666666668E-002   4898.5875445372594     
   1.2330000000000001E-002   4423.3712713961104     
   1.2663333333333334E-002   3947.6328759180292     
   1.2996666666666667E-002   3472.5264504046295     
   1.3330000000000000E-002   2999.5229608633017     
   1.3663333333333333E-002   2530.3577276134538     
   1.3996666666666668E-002   2066.9643977950454     
   1.4330000000000001E-002   1611.4142021764956     
   1.4663333333333334E-002   1165.8717360105575     
   1.4996666666666667E-002   732.56956198604439     
   1.5330000000000000E-002   313.79678748754395     
   1.5663333333333331E-002  -88.106921085146496     
   1.5996666666666666E-002  -470.76057325608781     
   1.6329999999999997E-002  -831.76063135095228     
   1.6663333333333332E-002  -1168.7120921645637     
   1.6996666666666663E-002  -1479.2712267802772     
   1.7329999999999998E-002  -1761.1968427747643     
   1.7663333333333333E-002  -2012.4056515930824     
   1.7996666666666664E-002  -2231.0271365132767     
   1.8329999999999999E-002  -2415.4538881944509     
   1.8663333333333330E-002  -2564.3843177800318     
   1.8996666666666665E-002  -2676.8556499159413     
   1.9330000000000000E-002  -2752.2659413195206     
   1.9663333333333331E-002  -2790.3844980763788     
   1.9996666666666666E-002  -2791.3505179781459     
   2.0329999999999997E-002  -2755.6601711949525     
   2.0663333333333332E-002  -2684.1427806465445     
   2.0996666666666663E-002  -2577.9273698554562     
   2.1329999999999998E-002  -2438.4016326310275     
   2.1663333333333333E-002  -2267.1662568171723     
   2.1996666666666664E-002  -2065.9882905988543     
   2.2329999999999999E-002  -1836.7575608275711     
   2.2663333333333330E-002  -1581.4496982784540     
   2.2996666666666665E-002  -1302.0978558322249     
   2.3329999999999997E-002  -1000.7727460884462     
   2.3663333333333331E-002  -679.56760356738687     
   2.3996666666666666E-002  -340.58196902233431     
   2.4329999999999997E-002   14.103022178140236     
   2.4663333333333332E-002   382.46378153658588     
   2.4996666666666664E-002   762.58929988382260     
   2.5329999999999998E-002   1152.7466329070803     
   2.5663333333333333E-002   1551.4441142855840     
   2.5996666666666664E-002   1957.4749350333614     
   2.6329999999999999E-002   2369.9247233849383     
   2.6663333333333331E-002   2788.1348165768804     
   2.6996666666666665E-002   3211.6266363537588     
   2.7329999999999997E-002   3640.0074747226490     
   2.7663333333333331E-002   4072.8877612880005     
   2.7996666666666666E-002   4509.8390302548596     
   2.8329999999999998E-002   4950.4085984847779     
   2.8663333333333332E-002   5394.1851202507387     
   2.8996666666666664E-002   5840.8870855840041     
   2.9329999999999998E-002   6290.4336926548713     
   2.9663333333333330E-002   6742.9608538429929     
   2.9996666666666665E-002   7198.7642087452114     
   3.0329999999999999E-002   7658.1786052143307     
   3.0663333333333331E-002   8121.4281889937529     
   3.0996666666666665E-002   8588.4927105381157     
   3.1329999999999997E-002   9059.0293674598579     
   3.1663333333333328E-002   9532.3685420297861     
   3.1996666666666666E-002   10007.575163397842     
   3.2329999999999998E-002   10483.545757227836     
   3.2663333333333329E-002   10959.102219812266     
   3.2996666666666667E-002   11433.048916534124     
   3.3329999999999999E-002   11904.176088996885     
   3.3663333333333330E-002   12371.212627139754     
   3.3996666666666661E-002   12832.747774016125     
   3.4329999999999999E-002   13287.149558695379     
   3.4663333333333331E-002   13732.506614014936     
   3.4996666666666662E-002   14166.611622957047     
   3.5330000000000000E-002   14586.992764289364     
   3.5663333333333332E-002   14990.988092266563     
   3.5996666666666663E-002   15375.849572709685     
   3.6330000000000001E-002   15738.859697556463     
   3.6663333333333332E-002   16077.443954137014     
   3.6996666666666664E-002   16389.265752322077     
   3.7329999999999995E-002   16672.295212265024     
   3.7663333333333333E-002   16924.848149668680     
   3.7996666666666665E-002   17145.595754757196     
   3.8329999999999996E-002   17333.548425955669     
   3.8663333333333334E-002   17488.018980295124     
   3.8996666666666666E-002   17608.571273327423     
   3.9329999999999997E-002   17694.960483475985     
   3.9663333333333328E-002   17747.071290900953     
   3.9996666666666666E-002   17764.860142057925     
