   3.3333331843217230E-006  -5022531.6935762297     
   3.2999999269843104E-004  -4571956.5970155075     
   6.6333331858118379E-004  -3293960.9876244254     
   9.9666664446393643E-004  -1419901.2594284983     
   1.3299999703466892E-003   710110.85565022985     
   1.6633332962294419E-003   2708678.2297583381     
   1.9966666221121949E-003   4212570.6791282296     
   2.3299999479949474E-003   4950596.8655739650     
   2.6633332738777004E-003   4794663.3063693345     
   2.9966665997604534E-003   3783734.7842261540     
   3.3299999256432059E-003   2115609.7645712737     
   3.6633332515259584E-003   107869.81685719849     
   3.9966665774087114E-003  -1864297.0544184283     
   4.3299999032914644E-003  -3440863.6268454846     
   4.6633332291742165E-003  -4345573.1040159445     
   4.9966665550569694E-003  -4436599.9885122571     
   5.3299998809397224E-003  -3729411.7645309656     
   5.6633332068224754E-003  -2388009.6234434941     
   5.9966665327052283E-003  -687447.15431107930     
   6.3299998585879804E-003   1043607.6840281688     
   6.6633331844707334E-003   2487793.1263279454     
   6.9966665103534864E-003   3398165.4292387064     
   7.3299998362362385E-003   3640286.1984950542     
   7.6633331621189914E-003   3210346.5579356928     
   7.9966664880017444E-003   2227713.7962980275     
   8.3299998138844974E-003   905378.32401934499     
   8.6633331397672503E-003  -494423.77190523501     
   8.9966664656500033E-003  -1710237.7856753408     
   9.3299997915327545E-003  -2527953.1920696376     
   9.6633331174155075E-003  -2816417.1484673605     
   9.9966664432982605E-003  -2547166.7278535524     
   1.0329999769181013E-002  -1796169.5420275084     
   1.0663333095063766E-002  -728074.41351887793     
   1.0996666420946519E-002   434342.95397033077     
   1.1329999746829272E-002   1451099.4760419328     
   1.1663333072712025E-002   2110432.7537276498     
   1.1996666398594778E-002   2271778.6999067180     
   1.2329999724477530E-002   1898708.8744026131     
   1.2663333050360282E-002   1074435.8721085656     
   1.2996666376243035E-002  -6014.8300932946149     
   1.3329999702125788E-002  -1069708.3707680621     
   1.3663333028008541E-002  -1813335.3928313865     
   1.3996666353891294E-002  -1990513.8510164509     
   1.4329999679774047E-002  -1525708.5136462846     
   1.4663333005656799E-002  -553358.36560121097     
   1.4996666331539552E-002   609576.94651855133     
   1.5329999657422304E-002   1561150.7363815829     
   1.5663332983305057E-002   1953453.3299534703     
   1.5996666309187810E-002   1624370.7493280435     
   1.6329999635070563E-002   670390.30068663566     
   1.6663332960953316E-002  -573412.47854171298     
   1.6996666286836069E-002  -1646407.0828694275     
   1.7329999612718822E-002  -2131460.0345559930     
   1.7663332938601575E-002  -1817470.5081877601     
   1.7996666264484328E-002  -790781.27228216943     
   1.8329999590367081E-002   584882.03409095434     
   1.8663332916249831E-002   1797821.6891583900     
   1.8996666242132584E-002   2380844.3857185962     
   1.9329999568015337E-002   2093008.7267763612     
   1.9663332893898090E-002   1018328.4528971398     
   1.9996666219780843E-002  -459773.41510298895     
   2.0329999545663596E-002  -1800617.6956435507     
   2.0663332871546349E-002  -2510597.7507911492     
   2.0996666197429101E-002  -2329934.3248278396     
   2.1329999523311854E-002  -1328955.9171402575     
   2.1663332849194607E-002   122704.06270101853     
   2.1996666175077360E-002   1499915.7694568026     
   2.2329999500960113E-002   2320637.8251090022     
   2.2663332826842866E-002   2321296.3965850435     
   2.2996666152725619E-002   1542930.2245172430     
   2.3329999478608372E-002   299709.16673492221     
   2.3663332804491125E-002  -951588.95852795674     
   2.3996666130373878E-002  -1785598.3864029925     
   2.4329999456256628E-002  -1957548.0165498238     
   2.4663332782139381E-002  -1474051.5111985565     
   2.4996666108022134E-002  -566287.12917478476     
   2.5329999433904887E-002   414987.90015018964     
   2.5663332759787640E-002   1135748.7509394051     
   2.5996666085670393E-002   1392931.7647239352     
   2.6329999411553145E-002   1167690.5600014161     
   2.6663332737435898E-002   606279.28354293539     
   2.6996666063318651E-002  -54832.307052631164     
   2.7329999389201404E-002  -593206.66378991620     
   2.7663332715084157E-002  -864789.74271743977     
   2.7996666040966910E-002  -829720.36661547213     
   2.8329999366849663E-002  -547368.72733467142     
   2.8663332692732416E-002  -142988.88069801847     
   2.8996666018615169E-002   239810.28308499302     
   2.9329999344497919E-002   484832.03150991932     
   2.9663332670380672E-002   534355.65015095845     
   2.9996665996263425E-002   398691.54090741219     
   3.0329999322146178E-002   144501.99524617003     
   3.0663332648028931E-002  -131898.05834069138     
   3.0996665973911684E-002  -336689.66156026232     
   3.1329999299794437E-002  -406328.44287356257     
   3.1663332625677193E-002  -323607.61939248443     
   3.1996665951559942E-002  -118805.84557830187     
   3.2329999277442692E-002   142798.90707087948     
   3.2663332603325448E-002   382187.61774365581     
   3.2996665929208198E-002   529917.04741906631     
   3.3329999255090954E-002   544928.26754949335     
   3.3663332580973704E-002   424146.11730923178     
   3.3996665906856460E-002   201071.99047334306     
   3.4329999232739210E-002  -65349.149812362186     
   3.4663332558621966E-002  -307858.06919489591     
   3.4996665884504716E-002  -469017.49305600324     
   3.5329999210387472E-002  -515500.31885593757     
   3.5663332536270222E-002  -445046.12235745566     
   3.5996665862152978E-002  -284764.67399547738     
   3.6329999188035728E-002  -81817.362520460971     
   3.6663332513918484E-002   110553.49379390350     
   3.6996665839801234E-002   247615.29677434952     
   3.7329999165683983E-002   304364.11815477302     
   3.7663332491566739E-002   280470.53693442559     
   3.7996665817449489E-002   197881.63736485550     
   3.8329999143332245E-002   92091.645071137929     
   3.8663332469214995E-002  -120.63223646720871     
   3.8996665795097751E-002  -52681.914315967006     
   3.9329999120980501E-002  -58199.148608108750     
   3.9663332446863257E-002  -29330.801761211362     
   3.9996665772746007E-002   7055.7444395129569     
