   3.3333331843217230E-006   17936.910687391734     
   3.2999999269843104E-004   17921.577168694115     
   6.6333331858118379E-004   17875.001147993349     
   9.9666664446393643E-004   17797.335143163360     
   1.3299999703466892E-003   17688.833399513816     
   1.6633332962294419E-003   17549.850937605690     
   1.9966666221121949E-003   17380.842224514352     
   2.3299999479949474E-003   17182.359474375040     
   2.6633332738777004E-003   16955.050585666973     
   2.9966665997604534E-003   16699.656724275850     
   3.3299999256432059E-003   16417.009562912364     
   3.6633332515259584E-003   16108.028188949096     
   3.9966665774087114E-003   15773.715694161636     
   4.3299999032914644E-003   15415.155461216005     
   4.6633332291742165E-003   15033.507163025561     
   4.9966665550569694E-003   14630.002492301257     
   5.3299998809397224E-003   14205.940639732837     
   5.6633332068224754E-003   13762.683540260423     
   5.9966665327052283E-003   13301.650907820749     
   6.3299998585879804E-003   12824.315079776054     
   6.6633331844707334E-003   12332.195692952273     
   6.9966665103534864E-003   11826.854213823719     
   7.3299998362362385E-003   11309.888345881200     
   7.6633331621189914E-003   10782.926337607601     
   7.9966664880017444E-003   10247.621214757814     
   8.3299998138844974E-003   9705.6449607979994     
   8.6633331397672503E-003   9158.6826694022111     
   8.9966664656500033E-003   8608.4266928329798     
   9.3299997915327545E-003   8056.5708098476252     
   9.6633331174155075E-003   7504.8044364755442     
   9.9966664432982605E-003   6954.8069026059329     
   1.0329999769181013E-002   6408.2418168128870     
   1.0663333095063766E-002   5866.7515412296743     
   1.0996666420946519E-002   5331.9517975693880     
   1.1329999746829272E-002   4805.4264245803597     
   1.1663333072712025E-002   4288.7223063261845     
   1.1996666398594778E-002   3783.3444896976794     
   1.2329999724477530E-002   3290.7515085031951     
   1.2663333050360282E-002   2812.3509303510364     
   1.2996666376243035E-002   2349.4951413394269     
   1.3329999702125788E-002   1903.4773823128562     
   1.3663333028008541E-002   1475.5280491356662     
   1.3996666353891294E-002   1066.8112680818285     
   1.4329999679774047E-002   678.42175605165346     
   1.4663333005656799E-002   311.38197390935636     
   1.4996666331539552E-002  -33.360420202273190     
   1.5329999657422304E-002  -354.93481216442581     
   1.5663332983305057E-002  -652.54956385211131     
   1.5996666309187810E-002  -925.49363327435651     
   1.6329999635070563E-002  -1173.1378818304529     
   1.6663332960953316E-002  -1394.9360690525718     
   1.6996666286836069E-002  -1590.4255366042837     
   1.7329999612718822E-002  -1759.2275846712653     
   1.7663332938601575E-002  -1901.0475452074998     
   1.7996666264484328E-002  -2015.6745577815752     
   1.8329999590367081E-002  -2102.9810549961358     
   1.8663332916249831E-002  -2162.9219656240407     
   1.8996666242132584E-002  -2195.5336447112732     
   1.9329999568015337E-002  -2200.9325409342250     
   1.9663332893898090E-002  -2179.3136124631110     
   1.9996666219780843E-002  -2130.9485034695999     
   2.0329999545663596E-002  -2056.1834942217988     
   2.0663332871546349E-002  -1955.4372384303731     
   2.0996666197429101E-002  -1829.1983021430108     
   2.1329999523311854E-002  -1678.0225190290414     
   2.1663332849194607E-002  -1502.5301773496926     
   2.1996666175077360E-002  -1303.4030542719329     
   2.2329999500960113E-002  -1081.3813134541392     
   2.2663332826842866E-002  -837.26028201060058     
   2.2996666152725619E-002  -571.88712304935723     
   2.3329999478608372E-002  -286.15741997589703     
   2.3663332804491125E-002   18.988311334982996     
   2.3996666130373878E-002   342.56816657261061     
   2.4329999456256628E-002   683.56243756134086     
   2.4663332782139381E-002   1040.9172220394639     
   2.4996666108022134E-002   1413.5480437309020     
   2.5329999433904887E-002   1800.3434682807558     
   2.5663332759787640E-002   2200.1687011790841     
   2.5996666085670393E-002   2611.8691544133658     
   2.6329999411553145E-002   3034.2739692632554     
   2.6663332737435898E-002   3466.1994833763665     
   2.6996666063318651E-002   3906.4526310349484     
   2.7329999389201404E-002   4353.8342663346812     
   2.7663332715084157E-002   4807.1423998422697     
   2.7996666040966910E-002   5265.1753401717797     
   2.8329999366849663E-002   5726.7347328145006     
   2.8663332692732416E-002   6190.6284894671653     
   2.8996666018615169E-002   6655.6736020220951     
   2.9329999344497919E-002   7120.6988363042346     
   2.9663332670380672E-002   7584.5473015574835     
   2.9996665996263425E-002   8046.0788925903544     
   3.0329999322146178E-002   8504.1726023827123     
   3.0663332648028931E-002   8957.7287038252798     
   3.0996665973911684E-002   9405.6708001064526     
   3.1329999299794437E-002   9846.9477440710398     
   3.1663332625677193E-002   10280.535427648379     
   3.1996665951559942E-002   10705.438443177491     
   3.2329999277442692E-002   11120.691619141244     
   3.2663332603325448E-002   11525.361433454456     
   3.2996665929208198E-002   11918.547308030988     
   3.3329999255090954E-002   12299.382788876848     
   3.3663332580973704E-002   12667.036616419409     
   3.3996665906856460E-002   13020.713691183511     
   3.4329999232739210E-002   13359.655940262608     
   3.4663332558621966E-002   13683.143090305581     
   3.4996665884504716E-002   13990.493352946338     
   3.5329999210387472E-002   14281.064028744915     
   3.5663332536270222E-002   14554.252035783358     
   3.5996665862152978E-002   14809.494369070902     
   3.6329999188035728E-002   15046.268496858856     
   3.6663332513918484E-002   15264.092699850922     
   3.6996665839801234E-002   15462.526359118541     
   3.7329999165683983E-002   15641.170198298625     
   3.7663332491566739E-002   15799.666485363032     
   3.7996665817449489E-002   15937.699198910825     
   3.8329999143332245E-002   16054.994163548177     
   3.8663332469214995E-002   16151.319158491007     
   3.8996665795097751E-002   16226.484003056827     
   3.9329999120980501E-002   16280.340622209067     
   3.9663332446863257E-002   16312.783094784298     
   3.9996665772746007E-002   16323.747686475217     
