   3.3333331843217230E-006   7367.2548236424482     
   3.2999999269843104E-004   7495.0272140622874     
   6.6333331858118379E-004   7877.3562429441372     
   9.9666664446393643E-004   8495.2862462288649     
   1.3299999703466892E-003   9316.6683191766388     
   1.6633332962294419E-003   10295.645829627487     
   1.9966666221121949E-003   11372.302162356842     
   2.3299999479949474E-003   12472.785110241844     
   2.6633332738777004E-003   13510.238675781138     
   2.9966665997604534E-003   14386.843943631789     
   3.3299999256432059E-003   14997.196071110269     
   3.6633332515259584E-003   15233.128910774183     
   3.9966665774087114E-003   14989.951300431763     
   4.3299999032914644E-003   14173.892321885029     
   4.6633332291742165E-003   12710.382238965944     
   4.9966665550569694E-003   10552.638205953845     
   5.3299998809397224E-003   7689.8959993487697     
   5.6633332068224754E-003   4154.5462610130089     
   5.9966665327052283E-003   27.408391553971214     
   6.3299998585879804E-003  -4559.5845483032444     
   6.6633331844707334E-003  -9423.9077659783725     
   6.9966665103534864E-003  -14336.616618454009     
   7.3299998362362385E-003  -19030.379433203911     
   7.6633331621189914E-003  -23211.306638131275     
   7.9966664880017444E-003  -26574.211061727718     
   8.3299998138844974E-003  -28820.630873431815     
   8.6633331397672503E-003  -29678.664231506482     
   8.9966664656500033E-003  -28923.427244842158     
   9.3299997915327545E-003  -26396.776494237860     
   9.6633331174155075E-003  -22024.852630688274     
   9.9966664432982605E-003  -15832.015737481908     
   1.0329999769181013E-002  -7949.8628837892229     
   1.0663333095063766E-002   1379.7571935993437     
   1.0996666420946519E-002   11808.496716365469     
   1.1329999746829272E-002   22892.392784887561     
   1.1663333072712025E-002   34109.789472254655     
   1.1996666398594778E-002   44885.719922002900     
   1.2329999724477530E-002   54621.689759283909     
   1.2663333050360282E-002   62729.361218262296     
   1.2996666376243035E-002   68666.267426370148     
   1.3329999702125788E-002   71971.418429999656     
   1.3663333028008541E-002   72298.519487581070     
   1.3996666353891294E-002   69444.525102708503     
   1.4329999679774047E-002   63371.407374832852     
   1.4663333005656799E-002   54219.322603677407     
   1.4996666331539552E-002   42309.803394822105     
   1.5329999657422304E-002   28138.162451443990     
   1.5663332983305057E-002   12354.937532440450     
   1.5996666309187810E-002  -4263.1037552984490     
   1.6329999635070563E-002  -20851.188934735852     
   1.6663332960953316E-002  -36502.136245171976     
   1.6996666286836069E-002  -50316.900538201284     
   1.7329999612718822E-002  -61457.216460418196     
   1.7663332938601575E-002  -69197.215604817582     
   1.7996666264484328E-002  -72970.811148813562     
   1.8329999590367081E-002  -72411.760854221051     
   1.8663332916249831E-002  -67383.637948853153     
   1.8996666242132584E-002  -57997.446970133897     
   1.9329999568015337E-002  -44615.292970647773     
   1.9663332893898090E-002  -27839.310830255585     
   1.9996666219780843E-002  -8485.9404984470602     
   2.0329999545663596E-002   12453.459329496331     
   2.0663332871546349E-002   33863.789044299861     
   2.0996666197429101E-002   54566.515709530322     
   2.1329999523311854E-002   73385.795869236114     
   2.1663332849194607E-002   89216.630992258273     
   2.1996666175077360E-002   101091.02505284858     
   2.2329999500960113E-002   108238.10836407973     
   2.2663332826842866E-002   110134.43651815256     
   2.2996666152725619E-002   106541.16002954493     
   2.3329999478608372E-002   97525.465306592319     
   2.3663332804491125E-002   83464.572696378891     
   2.3996666130373878E-002   65031.591959022786     
   2.4329999456256628E-002   43163.619565661604     
   2.4663332782139381E-002   19013.549758041976     
   2.4996666108022134E-002  -6111.9053532524485     
   2.5329999433904887E-002  -30824.597466011699     
   2.5663332759787640E-002  -53733.630412723949     
   2.5996666085670393E-002  -73525.790027182797     
   2.6329999411553145E-002  -89042.950595368835     
   2.6663332737435898E-002  -99351.781145124754     
   2.6996666063318651E-002  -103801.45131413174     
   2.7329999389201404E-002  -102065.68345932674     
   2.7663332715084157E-002  -94166.379942928412     
   2.7996666040966910E-002  -80477.121717237547     
   2.8329999366849663E-002  -61706.023575727551     
   2.8663332692732416E-002  -38858.671219396812     
   2.8996666018615169E-002  -13183.079784464631     
   2.9329999344497919E-002   13900.272721445188     
   2.9663332670380672E-002   40879.340774930577     
   2.9996665996263425E-002   66237.627882498782     
   3.0329999322146178E-002   88542.383972859971     
   3.0663332648028931E-002   106528.61939497788     
   3.0996665973911684E-002   119173.86767043138     
   3.1329999299794437E-002   125759.13747539048     
   3.1663332625677193E-002   125912.28673925198     
   3.1996665951559942E-002   119631.08241258527     
   3.2329999277442692E-002   107284.41724253056     
   3.2663332603325448E-002   89591.467032077562     
   3.2996665929208198E-002   67579.908391110221     
   3.3329999255090954E-002   42525.595696646866     
   3.3663332580973704E-002   15877.237521689229     
   3.3996665906856460E-002  -10829.454320226851     
   3.4329999232739210E-002  -36063.004825466851     
   3.4663332558621966E-002  -58387.312162600305     
   3.4996665884504716E-002  -76547.167629866133     
   3.5329999210387472E-002  -89542.964410221422     
   3.5663332536270222E-002  -96690.038428783097     
   3.5996665862152978E-002  -97659.005245255204     
   3.6329999188035728E-002  -92494.604656494572     
   3.6663332513918484E-002  -81611.869742957337     
   3.6996665839801234E-002  -65769.819566671504     
   3.7329999165683983E-002  -46024.249557444971     
   3.7663332491566739E-002  -23662.475877734243     
   3.7996665817449489E-002  -124.00023758894012     
   3.8329999143332245E-002   23088.069341687969     
   3.8663332469214995E-002   44499.432760972057     
   3.8996665795097751E-002   62755.196056165165     
   3.9329999120980501E-002   76703.107821956524     
   3.9663332446863257E-002   85464.334638718574     
   3.9996665772746007E-002   88487.437069933716     
