   3.3333331843217230E-006   21959.083628978166     
   3.2999999269843104E-004   21300.303222265102     
   6.6333331858118379E-004   19447.427701984918     
   9.9666664446393643E-004   16661.394500451912     
   1.3299999703466892E-003   13328.521667950527     
   1.6633332962294419E-003   9907.8472682020529     
   1.9966666221121949E-003   6868.9200744075133     
   2.3299999479949474E-003   4628.6272650104529     
   2.6633332738777004E-003   3494.9747097074578     
   2.9966665997604534E-003   3624.9662300544260     
   3.3299999256432059E-003   5002.3520419184788     
   3.6633332515259584E-003   7438.9588991412929     
   3.9966665774087114E-003   10600.462682036659     
   4.3299999032914644E-003   14053.862238310252     
   4.6633332291742165E-003   17329.963737569684     
   4.9966665550569694E-003   19990.730664999748     
   5.3299998809397224E-003   21689.530456875320     
   5.6633332068224754E-003   22213.139116464808     
   5.9966665327052283E-003   21498.228262006844     
   6.3299998585879804E-003   19621.266704577716     
   6.6633331844707334E-003   16767.544487353116     
   6.9966665103534864E-003   13190.037858720614     
   7.3299998362362385E-003   9170.1487981761784     
   7.6633331621189914E-003   4989.4166038114281     
   7.9966664880017444E-003   915.36873225870659     
   8.3299998138844974E-003  -2801.6231914732934     
   8.6633331397672503E-003  -5927.5207427429768     
   8.9966664656500033E-003  -8246.8585598542031     
   9.3299997915327545E-003  -9571.6636413525885     
   9.6633331174155075E-003  -9756.0600775219118     
   9.9966664432982605E-003  -8712.3589323521501     
   1.0329999769181013E-002  -6424.1412098451074     
   1.0663333095063766E-002  -2954.0896523757474     
   1.0996666420946519E-002   1552.7718022682529     
   1.1329999746829272E-002   6868.3386094786001     
   1.1663333072712025E-002   12682.152619540093     
   1.1996666398594778E-002   18605.437411483508     
   1.2329999724477530E-002   24183.062856454260     
   1.2663333050360282E-002   28918.751941120303     
   1.2996666376243035E-002   32316.513907683293     
   1.3329999702125788E-002   33936.535976052306     
   1.3663333028008541E-002   33458.365356194117     
   1.3996666353891294E-002   30740.222340753895     
   1.4329999679774047E-002   25862.144173292061     
   1.4663333005656799E-002   19142.701740678905     
   1.4996666331539552E-002   11123.541907304523     
   1.5329999657422304E-002   2521.6734790800306     
   1.5663332983305057E-002  -5845.1275171350762     
   1.5996666309187810E-002  -13150.175838957923     
   1.6329999635070563E-002  -18654.867570037066     
   1.6663332960953316E-002  -21797.980632546965     
   1.6996666286836069E-002  -22265.441648372922     
   1.7329999612718822E-002  -20031.121873523800     
   1.7663332938601575E-002  -15362.783510756473     
   1.7996666264484328E-002  -8791.6756290844532     
   1.8329999590367081E-002  -1049.0271442546541     
   1.8663332916249831E-002   7022.7866202701443     
   1.8996666242132584E-002   14572.993947671377     
   1.9329999568015337E-002   20845.578773695317     
   1.9663332893898090E-002   25269.167478073385     
   1.9996666219780843E-002   27521.860507880861     
   2.0329999545663596E-002   27562.812960517847     
   2.0663332871546349E-002   25627.042942733751     
   2.0996666197429101E-002   22184.908483289662     
   2.1329999523311854E-002   17872.195039164755     
   2.1663332849194607E-002   13400.258768784219     
   2.1996666175077360E-002   9457.9155017128669     
   2.2329999500960113E-002   6617.7168406929814     
   2.2663332826842866E-002   5258.9662324805613     
   2.2996666152725619E-002   5518.2944917113928     
   2.3329999478608372E-002   7275.7123485561460     
   2.3663332804491125E-002   10179.634530793843     
   2.3996666130373878E-002   13708.486677460807     
   2.4329999456256628E-002   17259.740508448671     
   2.4663332782139381E-002   20250.859826943415     
   2.4996666108022134E-002   22212.561787214479     
   2.5329999433904887E-002   22854.954447013526     
   2.5663332759787640E-002   22092.656412298245     
   2.5996666085670393E-002   20025.411148491345     
   2.6329999411553145E-002   16883.356381855308     
   2.6663332737435898E-002   12956.769785899343     
   2.6996666063318651E-002   8534.4278657766226     
   2.7329999389201404E-002   3870.2029863862608     
   2.7663332715084157E-002  -814.83013690880398     
   2.7996666040966910E-002  -5303.0643516412811     
   2.8329999366849663E-002  -9344.2378052391796     
   2.8663332692732416E-002  -12636.086783945193     
   2.8996666018615169E-002  -14837.765708789211     
   2.9329999344497919E-002  -15617.078361588985     
   2.9663332670380672E-002  -14717.195024646140     
   2.9996665996263425E-002  -12019.889615615553     
   3.0329999322146178E-002  -7584.1562051048131     
   3.0663332648028931E-002  -1649.8622639846835     
   3.0996665973911684E-002   5389.8830480457673     
   3.1329999299794437E-002   13033.571044841847     
   3.1663332625677193E-002   20716.923952238929     
   3.1996665951559942E-002   27848.617627584721     
   3.2329999277442692E-002   33835.295108530525     
   3.2663332603325448E-002   38103.678721299650     
   3.2996665929208198E-002   40130.731837117761     
   3.3329999255090954E-002   39489.375432219014     
   3.3663332580973704E-002   35909.220427729626     
   3.3996665906856460E-002   29342.876069808863     
   3.4329999232739210E-002   20022.271250493661     
   3.4663332558621966E-002   8488.1925600223112     
   3.4996665884504716E-002  -4419.9813446046392     
   3.5329999210387472E-002  -17620.053774730102     
   3.5663332536270222E-002  -29885.334198863398     
   3.5996665862152978E-002  -39974.619340322206     
   3.6329999188035728E-002  -46777.178003855995     
   3.6663332513918484E-002  -49453.200213266769     
   3.6996665839801234E-002  -47550.255427330383     
   3.7329999165683983E-002  -41079.081983300028     
   3.7663332491566739E-002  -30537.017648948851     
   3.7996665817449489E-002  -16873.952289354027     
   3.8329999143332245E-002  -1403.0593568727227     
   3.8663332469214995E-002   14334.187429928243     
   3.8996665795097751E-002   28733.092490947740     
   3.9329999120980501E-002   40301.244974421548     
   3.9663332446863257E-002   47823.448134323793     
   3.9996665772746007E-002   50496.614826145102     
