   3.3333331843217230E-006   7491.6056156859822     
   3.2999999269843104E-004   7491.5751880986536     
   6.6333331858118379E-004   7491.4844763253013     
   9.9666664446393643E-004   7491.3341426560255     
   1.3299999703466892E-003   7491.1253856175663     
   1.6633332962294419E-003   7490.8598079012536     
   1.9966666221121949E-003   7490.5392205325070     
   2.3299999479949474E-003   7490.1654399025692     
   2.6633332738777004E-003   7489.7401095003552     
   2.9966665997604534E-003   7489.2645627942711     
   3.3299999256432059E-003   7488.7397295934652     
   3.6633332515259584E-003   7488.1660827734768     
   3.9966665774087114E-003   7487.5436269755774     
   4.3299999032914644E-003   7486.8719401109383     
   4.6633332291742165E-003   7486.1502822502680     
   4.9966665550569694E-003   7485.3777762918580     
   5.3299998809397224E-003   7484.5536395190838     
   5.6633332068224754E-003   7483.6774134632815     
   5.9966665327052283E-003   7482.7491172579357     
   6.3299998585879804E-003   7481.7692528144362     
   6.6633331844707334E-003   7480.7386260243802     
   6.9966665103534864E-003   7479.6580098320619     
   7.3299998362362385E-003   7478.5277415098899     
   7.6633331621189914E-003   7477.3473901423868     
   7.9966664880017444E-003   7476.1156282302109     
   8.3299998138844974E-003   7474.8303861443346     
   8.6633331397672503E-003   7473.4892735510157     
   8.9966664656500033E-003   7472.0901494016161     
   9.3299997915327545E-003   7470.6316500413832     
   9.6633331174155075E-003   7469.1134740245143     
   9.9966664432982605E-003   7467.5362825188076     
   1.0329999769181013E-002   7465.9011903029850     
   1.0663333095063766E-002   7464.2089576914841     
   1.0996666420946519E-002   7462.4591030986485     
   1.1329999746829272E-002   7460.6492016697221     
   1.1663333072712025E-002   7458.7746005678746     
   1.1996666398594778E-002   7456.8286758167087     
   1.2329999724477530E-002   7454.8036116408457     
   1.2663333050360282E-002   7452.6915449874041     
   1.2996666376243035E-002   7450.4858258559971     
   1.3329999702125788E-002   7448.1821224759569     
   1.3663333028008541E-002   7445.7867700139632     
   1.3996666353891294E-002   7443.3099579409463     
   1.4329999679774047E-002   7440.7562169038411     
   1.4663333005656799E-002   7438.1314442505554     
   1.4996666331539552E-002   7435.4423935668356     
   1.5329999657422304E-002   7432.6961743816519     
   1.5663332983305057E-002   7429.8998175561092     
   1.5996666309187810E-002   7427.0599422996456     
   1.6329999635070563E-002   7424.1825413908582     
   1.6663332960953316E-002   7421.2728837220138     
   1.6996666286836069E-002   7418.3355194056176     
   1.7329999612718822E-002   7415.3743632671358     
   1.7663332938601575E-002   7412.3928278013454     
   1.7996666264484328E-002   7409.3939762445752     
   1.8329999590367081E-002   7406.3806695742751     
   1.8663332916249831E-002   7403.3556870192788     
   1.8996666242132584E-002   7400.3218069819850     
   1.9329999568015337E-002   7397.2818430945144     
   1.9663332893898090E-002   7394.2386375253654     
   1.9996666219780843E-002   7391.1950198705499     
   2.0329999545663596E-002   7388.1537444679007     
   2.0663332871546349E-002   7385.1174214572420     
   2.0996666197429101E-002   7382.0884572844643     
   2.1329999523311854E-002   7379.0690187232813     
   2.1663332849194607E-002   7376.0610311374458     
   2.1996666175077360E-002   7373.0662170293363     
   2.2329999500960113E-002   7370.0861754100915     
   2.2663332826842866E-002   7367.1224967322114     
   2.2996666152725619E-002   7364.1769026248558     
   2.3329999478608372E-002   7361.2513950389484     
   2.3663332804491125E-002   7358.3483961804577     
   2.3996666130373878E-002   7355.4708592473462     
   2.4329999456256628E-002   7352.6223308308972     
   2.4663332782139381E-002   7349.8069490700100     
   2.4996666108022134E-002   7347.0293672199914     
   2.5329999433904887E-002   7344.2945999273861     
   2.5663332759787640E-002   7341.6077986315313     
   2.5996666085670393E-002   7338.9739723167950     
   2.6329999411553145E-002   7336.3976792573731     
   2.6663332737435898E-002   7333.8827232012809     
   2.6996666063318651E-002   7331.4349102622082     
   2.7329999389201404E-002   7329.0588375612742     
   2.7663332715084157E-002   7326.7543409374875     
   2.7996666040966910E-002   7324.5198355386192     
   2.8329999366849663E-002   7322.3527752383616     
   2.8663332692732416E-002   7320.2502441946453     
   2.8996666018615169E-002   7318.2095783700152     
   2.9329999344497919E-002   7316.2289019136351     
   2.9663332670380672E-002   7314.3074750284222     
   2.9996665996263425E-002   7312.4457857050138     
   3.0329999322146178E-002   7310.6453712615939     
   3.0663332648028931E-002   7308.9084156584486     
   3.0996665973911684E-002   7307.2372209299365     
   3.1329999299794437E-002   7305.6336821984369     
   3.1663332625677193E-002   7304.0988961669646     
   3.1996665951559942E-002   7302.6330004199581     
   3.2329999277442692E-002   7301.2352815200620     
   3.2663332603325448E-002   7299.9045177699418     
   3.2996665929208198E-002   7298.6394563711910     
   3.3329999255090954E-002   7297.4392833614102     
   3.3663332580973704E-002   7296.3039416860520     
   3.3996665906856460E-002   7295.2341918871507     
   3.4329999232739210E-002   7294.2313830790454     
   3.4663332558621966E-002   7293.2969901560964     
   3.4996665884504716E-002   7292.4320510532643     
   3.5329999210387472E-002   7291.6366802616794     
   3.5663332536270222E-002   7290.9098246857357     
   3.5996665862152978E-002   7290.2493626932792     
   3.6329999188035728E-002   7289.6525413468826     
   3.6663332513918484E-002   7289.1166297221898     
   3.6996665839801234E-002   7288.6395750479478     
   3.7329999165683983E-002   7288.2204172495876     
   3.7663332491566739E-002   7287.8592659626893     
   3.7996665817449489E-002   7287.5567686487566     
   3.8329999143332245E-002   7287.3131696938171     
   3.8663332469214995E-002   7287.1272282897653     
   3.8996665795097751E-002   7286.9953697063620     
   3.9329999120980501E-002   7286.9114423746578     
   3.9663332446863257E-002   7286.8673217047171     
   3.9996665772746007E-002   7286.8543599444711     
