   3.3333331843217230E-006   19653.767223728824     
   3.2999999269843104E-004   19583.207983239125     
   6.6333331858118379E-004   19373.942789353681     
   9.9666664446393643E-004   19034.695322785603     
   1.3299999703466892E-003   18580.093230885850     
   1.6633332962294419E-003   18029.755860737168     
   1.9966666221121949E-003   17406.921569028993     
   2.3299999479949474E-003   16736.738444720282     
   2.6633332738777004E-003   16044.375066228889     
   2.9966665997604534E-003   15353.161586055618     
   3.3299999256432059E-003   14683.002227090470     
   3.6633332515259584E-003   14049.289803559213     
   3.9966665774087114E-003   13462.487618933576     
   4.3299999032914644E-003   12928.423549539959     
   4.6633332291742165E-003   12449.184514964349     
   4.9966665550569694E-003   12024.346775570182     
   5.3299998809397224E-003   11652.180923137432     
   5.6633332068224754E-003   11330.476924684088     
   5.9966665327052283E-003   11056.762879528225     
   6.3299998585879804E-003   10827.914260442027     
   6.6633331844707334E-003   10639.394571385885     
   6.9966665103534864E-003   10484.535239019811     
   7.3299998362362385E-003   10354.270390015428     
   7.6633331621189914E-003   10237.568899892334     
   7.9966664880017444E-003   10122.511275085353     
   8.3299998138844974E-003   9997.6670541423900     
   8.6633331397672503E-003   9853.2752192138469     
   8.9966664656500033E-003   9681.7953411960189     
   9.3299997915327545E-003   9477.6595692288356     
   9.6633331174155075E-003   9236.3975645812679     
   9.9966664432982605E-003   8953.5701329002368     
   1.0329999769181013E-002   8624.0131046832321     
   1.0663333095063766E-002   8241.7388392441644     
   1.0996666420946519E-002   7800.5511143308340     
   1.1329999746829272E-002   7295.1405660969122     
   1.1663333072712025E-002   6722.2679685921557     
   1.1996666398594778E-002   6081.6640952000589     
   1.2329999724477530E-002   5376.4417102224616     
   1.2663333050360282E-002   4613.0324101165297     
   1.2996666376243035E-002   3800.8275096173570     
   1.3329999702125788E-002   2951.7571542648002     
   1.3663333028008541E-002   2079.9836891564632     
   1.3996666353891294E-002   1201.7600024441711     
   1.4329999679774047E-002   335.37508787147715     
   1.4663333005656799E-002  -498.97061102952176     
   1.4996666331539552E-002  -1279.5259267488780     
   1.5329999657422304E-002  -1983.6968466881960     
   1.5663332983305057E-002  -2589.1224451111484     
   1.5996666309187810E-002  -3075.0467580212726     
   1.6329999635070563E-002  -3423.8441139913416     
   1.6663332960953316E-002  -3622.5203590118890     
   1.6996666286836069E-002  -3664.0129100022996     
   1.7329999612718822E-002  -3548.1406070435537     
   1.7663332938601575E-002  -3282.0986208703866     
   1.7996666264484328E-002  -2880.4436838541751     
   1.8329999590367081E-002  -2364.5630488229567     
   1.8663332916249831E-002  -1761.6626007322302     
   1.8996666242132584E-002  -1103.3439010487591     
   1.9329999568015337E-002  -423.86668073227293     
   1.9663332893898090E-002   241.78695791029907     
   1.9996666219780843E-002   859.91712165527497     
   2.0329999545663596E-002   1400.0432486157772     
   2.0663332871546349E-002   1836.6379926671766     
   2.0996666197429101E-002   2150.5310307220229     
   2.1329999523311854E-002   2329.8750428182470     
   2.1663332849194607E-002   2370.5969086264658     
   2.1996666175077360E-002   2276.3002531134553     
   2.2329999500960113E-002   2057.6393080658822     
   2.2663332826842866E-002   1731.2437052013679     
   2.2996666152725619E-002   1318.3302467497838     
   2.3329999478608372E-002   843.17834801115578     
   2.3663332804491125E-002   331.65719451971563     
   2.3996666130373878E-002  -190.03510045681151     
   2.4329999456256628E-002  -696.32725260793222     
   2.4663332782139381E-002  -1162.9254103829821     
   2.4996666108022134E-002  -1567.2496766411934     
   2.5329999433904887E-002  -1888.8018858963244     
   2.5663332759787640E-002  -2109.5986573796590     
   2.5996666085670393E-002  -2214.7205381037602     
   2.6329999411553145E-002  -2192.8998060189433     
   2.6663332737435898E-002  -2036.9530677296175     
   2.6996666063318651E-002  -1743.8261478971158     
   2.7329999389201404E-002  -1314.1001225870668     
   2.7663332715084157E-002  -750.99739783308451     
   2.7996666040966910E-002  -59.152966650269718     
   2.8329999366849663E-002   756.43008298190443     
   2.8663332692732416E-002   1690.8327927099554     
   2.8996666018615169E-002   2738.8716973755163     
   2.9329999344497919E-002   3894.0584971491708     
   2.9663332670380672E-002   5147.2744378892521     
   2.9996665996263425E-002   6485.7004607998388     
   3.0329999322146178E-002   7892.4447059225440     
   3.0663332648028931E-002   9347.0148105833396     
   3.0996665973911684E-002   10826.427475911558     
   3.1329999299794437E-002   12306.494259595527     
   3.1663332625677193E-002   13762.781769519459     
   3.1996665951559942E-002   15170.925907215935     
   3.2329999277442692E-002   16506.293474604394     
   3.2663332603325448E-002   17743.289925788653     
   3.2996665929208198E-002   18854.785586146252     
   3.3329999255090954E-002   19812.117639936307     
   3.3663332580973704E-002   20585.945417415358     
   3.3996665906856460E-002   21147.973396015586     
   3.4329999232739210E-002   21473.307186821396     
   3.4663332558621966E-002   21543.047102855347     
   3.4996665884504716E-002   21346.682538883739     
   3.5329999210387472E-002   20883.915965111137     
   3.5663332536270222E-002   20165.677750750772     
   3.5996665862152978E-002   19214.244746987541     
   3.6329999188035728E-002   18062.507971016828     
   3.6663332513918484E-002   16752.526354533315     
   3.6996665839801234E-002   15333.550081002302     
   3.7329999165683983E-002   13859.706393464505     
   3.7663332491566739E-002   12387.526120973353     
   3.7996665817449489E-002   10973.463365877606     
   3.8329999143332245E-002   9671.5328459852080     
   3.8663332469214995E-002   8531.1635964681700     
   3.8996665795097751E-002   7595.3445487939025     
   3.9329999120980501E-002   6899.1152851102488     
   3.9663332446863257E-002   6468.4322032496484     
   3.9996665772746007E-002   6319.4158874281720     
