   3.3333331843217230E-006  -22110.776217362945     
   3.2999999269843104E-004  -19427.589033000560     
   6.6333331858118379E-004  -11966.237064546214     
   9.9666664446393643E-004  -754.03963552328059     
   1.3299999703466892E-003   12720.113018402661     
   1.6633332962294419E-003   26705.432536507866     
   1.9966666221121949E-003   39413.602092209032     
   2.3299999479949474E-003   49236.348119357659     
   2.6633332738777004E-003   54933.493115730897     
   2.9966665997604534E-003   55775.404693334625     
   3.3299999256432059E-003   51629.253584366830     
   3.6633332515259584E-003   42981.908619913091     
   3.9966665774087114E-003   30894.277316156906     
   4.3299999032914644E-003   16884.428976478917     
   4.6633332291742165E-003   2742.3603809508240     
   4.9966665550569694E-003  -9710.5937221740169     
   5.3299998809397224E-003  -18890.447038388800     
   5.6633332068224754E-003  -23705.114006761825     
   5.9966665327052283E-003  -23742.843717585958     
   6.3299998585879804E-003  -19344.707377809616     
   6.6633331844707334E-003  -11529.856829027613     
   6.9966665103534864E-003  -1776.3437344294616     
   7.3299998362362385E-003   8298.0459428316099     
   7.6633331621189914E-003   17275.056975486739     
   7.9966664880017444E-003   24201.404752715825     
   8.3299998138844974E-003   28703.609547273645     
   8.6633331397672503E-003   30922.287899205243     
   8.9966664656500033E-003   31297.980314096745     
   9.3299997915327545E-003   30294.543782536632     
   9.6633331174155075E-003   28169.456890559064     
   9.9966664432982605E-003   24881.607345360477     
   1.0329999769181013E-002   20172.089129838663     
   1.0663333095063766E-002   13783.768824285047     
   1.0996666420946519E-002   5729.0357152672659     
   1.1329999746829272E-002  -3505.3575439704719     
   1.1663333072712025E-002  -12905.019273707598     
   1.1996666398594778E-002  -21059.979659586068     
   1.2329999724477530E-002  -26451.014972642621     
   1.2663333050360282E-002  -27808.558772376105     
   1.2996666376243035E-002  -24442.313728234643     
   1.3329999702125788E-002  -16452.915488813167     
   1.3663333028008541E-002  -4774.7006810093590     
   1.3996666353891294E-002   8954.6720185008598     
   1.4329999679774047E-002   22661.424709238185     
   1.4663333005656799E-002   34178.608295041864     
   1.4996666331539552E-002   41597.267630441747     
   1.5329999657422304E-002   43566.726380478533     
   1.5663332983305057E-002   39501.858994031449     
   1.5996666309187810E-002   29674.510674448233     
   1.6329999635070563E-002   15183.745305592452     
   1.6663332960953316E-002  -2186.1822261364723     
   1.6996666286836069E-002  -20200.000345674947     
   1.7329999612718822E-002  -36468.470711483416     
   1.7663332938601575E-002  -48771.653478860993     
   1.7996666264484328E-002  -55366.831872805589     
   1.8329999590367081E-002  -55238.733776219618     
   1.8663332916249831E-002  -48254.632966796788     
   1.8996666242132584E-002  -35198.366792074499     
   1.9329999568015337E-002  -17674.412244630454     
   1.9663332893898090E-002   2106.6902687895126     
   1.9996666219780843E-002   21630.913571286721     
   2.0329999545663596E-002   38426.110893756464     
   2.0663332871546349E-002   50398.273286140706     
   2.0996666197429101E-002   56109.199515124310     
   2.1329999523311854E-002   54956.789429924334     
   2.1663332849194607E-002   47235.564340356985     
   2.1996666175077360E-002   34073.682632693177     
   2.2329999500960113E-002   17260.327387461093     
   2.2663332826842866E-002  -1008.5853062258830     
   2.2996666152725619E-002  -18429.231603641580     
   2.3329999478608372E-002  -32892.128240417631     
   2.3663332804491125E-002  -42747.758999559301     
   2.3996666130373878E-002  -47001.256979032318     
   2.4329999456256628E-002  -45411.768648626676     
   2.4663332782139381E-002  -38485.587608655886     
   2.4996666108022134E-002  -27367.740405890952     
   2.5329999433904887E-002  -13652.157081808095     
   2.5663332759787640E-002   857.06540391972430     
   2.5996666085670393E-002   14394.297586554039     
   2.6329999411553145E-002   25452.884794839527     
   2.6663332737435898E-002   32947.605066507080     
   2.6996666063318651E-002   36302.023801913987     
   2.7329999389201404E-002   35457.897201656873     
   2.7663332715084157E-002   30816.213608207327     
   2.7996666040966910E-002   23128.421974849851     
   2.8329999366849663E-002   13361.656325457854     
   2.8663332692732416E-002   2563.6789875202812     
   2.8996666018615169E-002  -8248.3564623241891     
   2.9329999344497919E-002  -18157.397379045949     
   2.9663332670380672E-002  -26367.834310160528     
   2.9996665996263425E-002  -32187.925594380031     
   3.0329999322146178E-002  -34997.971822761945     
   3.0663332648028931E-002  -34237.649875497809     
   3.0996665973911684E-002  -29442.256038566004     
   3.1329999299794437E-002  -20340.119778237364     
   3.1663332625677193E-002  -6996.8653833121716     
   3.1996665951559942E-002   10033.796739241832     
   3.2329999277442692E-002   29607.797739900041     
   3.2663332603325448E-002   49988.562813358294     
   3.2996665929208198E-002   68974.942656607120     
   3.3329999255090954E-002   84156.101723439046     
   3.3663332580973704E-002   93256.350848889895     
   3.3996665906856460E-002   94508.360786211764     
   3.4329999232739210E-002   86984.149009027402     
   3.4663332558621966E-002   70820.466839236775     
   3.4996665884504716E-002   47294.961754096381     
   3.5329999210387472E-002   18735.699158551852     
   3.5663332536270222E-002  -11726.647640821684     
   3.5996665862152978E-002  -40531.683178024869     
   3.6329999188035728E-002  -64138.095581597139     
   3.6663332513918484E-002  -79489.167337813386     
   3.6996665839801234E-002  -84432.725758485554     
   3.7329999165683983E-002  -78037.360521645940     
   3.7663332491566739E-002  -60758.098397768059     
   3.7996665817449489E-002  -34423.007879542754     
   3.8329999143332245E-002  -2035.9512664088852     
   3.8663332469214995E-002   32583.019114726350     
   3.8996665795097751E-002   65273.494321832753     
   3.9329999120980501E-002   92062.265353548952     
   3.9663332446863257E-002   109669.75872366998     
   3.9996665772746007E-002   115926.03684670397     
