   3.3333331843217230E-006   788645.75164345361     
   3.2999999269843104E-004   735156.19170139555     
   6.6333331858118379E-004   579959.97977155237     
   9.9666664446393643E-004   344618.96713982720     
   1.3299999703466892E-003   61847.394830764628     
   1.6633332962294419E-003  -229011.59407656046     
   1.9966666221121949E-003  -487430.76844367606     
   2.3299999479949474E-003  -677315.32898943056     
   2.6633332738777004E-003  -772016.88646969362     
   2.9966665997604534E-003  -758052.23001735902     
   3.3299999256432059E-003  -637010.99526635720     
   3.6633332515259584E-003  -425384.28665432951     
   3.9966665774087114E-003  -152331.62206574029     
   4.3299999032914644E-003   144312.72446025757     
   4.6633332291742165E-003   423249.65450873267     
   4.9966665550569694E-003   645427.75555134506     
   5.3299998809397224E-003   779472.64199659065     
   5.6633332068224754E-003   806082.86112706212     
   5.9966665327052283E-003   720780.67846637126     
   6.3299998585879804E-003   534629.20420942432     
   6.6633331844707334E-003   272804.88051192259     
   6.9966665103534864E-003  -28791.397358348302     
   7.3299998362362385E-003  -328430.47474449722     
   7.6633331621189914E-003  -584294.25504281535     
   7.9966664880017444E-003  -760273.53012177302     
   8.3299998138844974E-003  -831026.01488349377     
   8.6633331397672503E-003  -785591.84442950215     
   8.9966664656500033E-003  -629056.28715650947     
   9.3299997915327545E-003  -382013.22430114460     
   9.6633331174155075E-003  -77882.539934199012     
   9.9966664432982605E-003   241570.66526870491     
   1.0329999769181013E-002   531917.42525289033     
   1.0663333095063766E-002   752178.99168949504     
   1.0996666420946519E-002   870538.92091823847     
   1.1329999746829272E-002   868864.85551892314     
   1.1663333072712025E-002   745406.09243635403     
   1.1996666398594778E-002   515275.37354783469     
   1.2329999724477530E-002   208621.47872528556     
   1.2663333050360282E-002  -133286.83974831423     
   1.2996666376243035E-002  -463557.74650081096     
   1.3329999702125788E-002  -736024.81032676774     
   1.3663333028008541E-002  -911593.05262309976     
   1.3996666353891294E-002  -963718.17993671796     
   1.4329999679774047E-002  -882261.33610567520     
   1.4663333005656799E-002  -675172.26851184899     
   1.4996666331539552E-002  -367740.85695618263     
   1.5329999657422304E-002   517.43268776941113     
   1.5663332983305057E-002   380955.93914013880     
   1.5996666309187810E-002   722212.35521497531     
   1.6329999635070563E-002   977099.72344381246     
   1.6663332960953316E-002   1109051.6666413604     
   1.6996666286836069E-002   1097248.0555544859     
   1.7329999612718822E-002   939712.64285581885     
   1.7663332938601575E-002   653936.57360007148     
   1.7996666264484328E-002   274907.04269955360     
   1.8329999590367081E-002  -149234.13919133990     
   1.8663332916249831E-002  -563357.66267971031     
   1.8996666242132584E-002  -912544.29001436499     
   1.9329999568015337E-002  -1149369.8794202120     
   1.9663332893898090E-002  -1240310.9637678280     
   1.9996666219780843E-002  -1170408.4690251735     
   2.0329999545663596E-002  -945547.49192084221     
   2.0663332871546349E-002  -592019.16748221638     
   2.0996666197429101E-002  -153386.53559305141     
   2.1329999523311854E-002   314966.77260369324     
   2.1663332849194607E-002   752915.57072082337     
   2.1996666175077360E-002   1103387.6622738661     
   2.2329999500960113E-002   1319857.1450152271     
   2.2663332826842866E-002   1372548.3595307586     
   2.2996666152725619E-002   1252521.6348246965     
   2.3329999478608372E-002   973082.04813721869     
   2.3663332804491125E-002   568298.63266904454     
   2.3996666130373878E-002   88798.847161306650     
   2.4329999456256628E-002  -404637.79917509179     
   2.4663332782139381E-002  -848869.73516985180     
   2.4996666108022134E-002  -1186561.2425855878     
   2.5329999433904887E-002  -1373664.6516295401     
   2.5663332759787640E-002  -1385234.3274901956     
   2.5996666085670393E-002  -1218800.5973085840     
   2.6329999411553145E-002  -894845.15417110024     
   2.6663332737435898E-002  -454295.18211964995     
   2.6996666063318651E-002   46657.412529458816     
   2.7329999389201404E-002   543753.66747191013     
   2.7663332715084157E-002   972956.40331739525     
   2.7996666040966910E-002   1278756.2799000442     
   2.8329999366849663E-002   1421412.5228001091     
   2.8663332692732416E-002   1382178.7494046004     
   2.8996666018615169E-002   1165822.2383725615     
   2.9329999344497919E-002   800094.73450634396     
   2.9663332670380672E-002   332209.14678968198     
   2.9996665996263425E-002  -177232.35949541375     
   3.0329999322146178E-002  -662078.57417931838     
   3.0663332648028931E-002  -1059223.0722540016     
   3.0996665973911684E-002  -1316834.1373716211     
   3.1329999299794437E-002  -1401145.9878804875     
   3.1663332625677193E-002  -1300919.8539207201     
   3.1996665951559942E-002  -1028984.0018176149     
   3.2329999277442692E-002  -620640.72724920791     
   3.2663332603325448E-002  -129136.40538742766     
   3.2996665929208198E-002   381225.33609700110     
   3.3329999255090954E-002   843437.63511243660     
   3.3663332580973704E-002   1196527.3707025493     
   3.3996665906856460E-002   1393537.1885804501     
   3.4329999232739210E-002   1407709.3326641927     
   3.4663332558621966E-002   1236059.1346182837     
   3.4996665884504716E-002   899863.77027452947     
   3.5329999210387472E-002   441992.51688198571     
   3.5663332536270222E-002  -78583.884526669135     
   3.5996665862152978E-002  -594398.69996644300     
   3.6329999188035728E-002  -1038226.0822556715     
   3.6663332513918484E-002  -1351816.0629084313     
   3.6996665839801234E-002  -1493491.8043411823     
   3.7329999165683983E-002  -1443618.6593045183     
   3.7663332491566739E-002  -1207229.2640450359     
   3.7996665817449489E-002  -813457.27678294666     
   3.8329999143332245E-002  -311846.60616932821     
   3.8663332469214995E-002   233990.85164850077     
   3.8996665795097751E-002   754550.75943455880     
   3.9329999120980501E-002   1183387.7892894188     
   3.9663332446863257E-002   1465683.6979452381     
   3.9996665772746007E-002   1565321.5037743899     
