   3.3333331843217230E-006   14119.985392418712     
   3.2999999269843104E-004   14107.499424495933     
   6.6333331858118379E-004   14069.994682501567     
   9.9666664446393643E-004   14007.911970484118     
   1.3299999703466892E-003   13922.123930663411     
   1.6633332962294419E-003   13813.896749250534     
   1.9966666221121949E-003   13684.811650403150     
   2.3299999479949474E-003   13536.655959791286     
   2.6633332738777004E-003   13371.296165264223     
   2.9966665997604534E-003   13190.551437998764     
   3.3299999256432059E-003   12996.089543570237     
   3.6633332515259584E-003   12789.365896608284     
   3.9966665774087114E-003   12571.619315088619     
   4.3299999032914644E-003   12343.925032588102     
   4.6633332291742165E-003   12107.289227649402     
   4.9966665550569694E-003   11862.754473262996     
   5.3299998809397224E-003   11611.477980841848     
   5.6633332068224754E-003   11354.749176078249     
   5.9966665327052283E-003   11093.931254624076     
   6.3299998585879804E-003   10830.338742176327     
   6.6633331844707334E-003   10565.090341592972     
   6.9966665103534864E-003   10298.991867621620     
   7.3299998362362385E-003   10032.499023324082     
   7.6633331621189914E-003   9765.7831134045173     
   7.9966664880017444E-003   9498.8833899444962     
   8.3299998138844974E-003   9231.8937711135477     
   8.6633331397672503E-003   8965.1157173599986     
   8.9966664656500033E-003   8699.1217886117902     
   9.3299997915327545E-003   8434.7115484209899     
   9.6633331174155075E-003   8172.7869358664429     
   9.9966664432982605E-003   7914.2075350891155     
   1.0329999769181013E-002   7659.6925032736062     
   1.0663333095063766E-002   7409.8132876354357     
   1.0996666420946519E-002   7165.0811177017558     
   1.1329999746829272E-002   6926.0942897500481     
   1.1663333072712025E-002   6693.6890354541774     
   1.1996666398594778E-002   6469.0412678399371     
   1.2329999724477530E-002   6253.6901061066146     
   1.2663333050360282E-002   6049.4853017851765     
   1.2996666376243035E-002   5858.4859077304991     
   1.3329999702125788E-002   5682.8480522593991     
   1.3663333028008541E-002   5524.7343804138227     
   1.3996666353891294E-002   5386.2618670813945     
   1.4329999679774047E-002   5269.4863628406802     
   1.4663333005656799E-002   5176.4084654805183     
   1.4996666331539552E-002   5108.9797894306312     
   1.5329999657422304E-002   5069.0913111485570     
   1.5663332983305057E-002   5058.5334186850396     
   1.5996666309187810E-002   5078.9268799052552     
   1.6329999635070563E-002   5131.6320253674749     
   1.6663332960953316E-002   5217.6482458117407     
   1.6996666286836069E-002   5337.5171053603672     
   1.7329999612718822E-002   5491.2406919752766     
   1.7663332938601575E-002   5678.2234677883935     
   1.7996666264484328E-002   5897.2420305986361     
   1.8329999590367081E-002   6146.4437260721861     
   1.8663332916249831E-002   6423.3724162155640     
   1.8996666242132584E-002   6725.0180065868444     
   1.9329999568015337E-002   7047.8854138358474     
   1.9663332893898090E-002   7388.0782639541112     
   1.9996666219780843E-002   7741.3925083525546     
   2.0329999545663596E-002   8103.4151743425255     
   2.0663332871546349E-002   8469.6235936524918     
   2.0996666197429101E-002   8835.4807560637000     
   2.1329999523311854E-002   9196.5230645945267     
   2.1663332849194607E-002   9548.4378674481650     
   2.1996666175077360E-002   9887.1297468475896     
   2.2329999500960113E-002   10208.776482596943     
   2.2663332826842866E-002   10509.877429862099     
   2.2996666152725619E-002   10787.298058480232     
   2.3329999478608372E-002   11038.313818916200     
   2.3663332804491125E-002   11260.653802531668     
   2.3996666130373878E-002   11452.540001511157     
   2.4329999456256628E-002   11612.712524505832     
   2.4663332782139381E-002   11740.427121408498     
   2.4996666108022134E-002   11835.411572920191     
   2.5329999433904887E-002   11897.774046485096     
   2.5663332759787640E-002   11927.869465321342     
   2.5996666085670393E-002   11926.146152630998     
   2.6329999411553145E-002   11893.008308794497     
   2.6663332737435898E-002   11828.732925540775     
   2.6996666063318651E-002   11733.467513495674     
   2.7329999389201404E-002   11607.308389909469     
   2.7663332715084157E-002   11450.426642267443     
   2.7996666040966910E-002   11263.184119932905     
   2.8329999366849663E-002   11046.178438877412     
   2.8663332692732416E-002   10800.179930964949     
   2.8996666018615169E-002   10525.968191380965     
   2.9329999344497919E-002   10224.123389130365     
   2.9663332670380672E-002   9894.8558421364396     
   2.9996665996263425E-002   9537.9513354404571     
   3.0329999322146178E-002   9152.8692792047041     
   3.0663332648028931E-002   8738.9723802989629     
   3.0996665973911684E-002   8295.8153939554286     
   3.1329999299794437E-002   7823.3990327499851     
   3.1663332625677193E-002   7322.3119289620154     
   3.1996665951559942E-002   6793.7301622589857     
   3.2329999277442692E-002   6239.2994194471594     
   3.2663332603325448E-002   5660.9663849479757     
   3.2996665929208198E-002   5060.8385354240518     
   3.3329999255090954E-002   4441.1334900240017     
   3.3663332580973704E-002   3804.2408394546346     
   3.3996665906856460E-002   3152.8772772613511     
   3.4329999232739210E-002   2490.2848390350673     
   3.4663332558621966E-002   1820.4104649193287     
   3.4996665884504716E-002   1148.0131626304055     
   3.5329999210387472E-002   478.66670590535324     
   3.5663332536270222E-002  -181.34771201302044     
   3.5996665862152978E-002  -825.24113520982939     
   3.6329999188035728E-002  -1445.9759619999816     
   3.6663332513918484E-002  -2036.5462452306710     
   3.6996665839801234E-002  -2590.2438015915754     
   3.7329999165683983E-002  -3100.8830674584469     
   3.7663332491566739E-002  -3562.9681637494928     
   3.7996665817449489E-002  -3971.7957932233762     
   3.8329999143332245E-002  -4323.4958378624651     
   3.8663332469214995E-002  -4615.0173148226795     
   3.8996665795097751E-002  -4844.0709063828072     
   3.9329999120980501E-002  -5009.0412252879441     
   3.9663332446863257E-002  -5108.8830052289450     
   3.9996665772746007E-002  -5143.0160261396122     
