   3.3333331843217230E-006   503427.88230282866     
   3.2999999269843104E-004   462251.08789201349     
   6.6333331858118379E-004   352248.05204226053     
   9.9666664446393643E-004   188947.99218760998     
   1.3299999703466892E-003  -5990.6770394046544     
   1.6633332962294419E-003  -206551.24240820881     
   1.9966666221121949E-003  -384628.12947010790     
   2.3299999479949474E-003  -512969.36915587680     
   2.6633332738777004E-003  -568851.30658738327     
   2.9966665997604534E-003  -538147.90263326163     
   3.3299999256432059E-003  -419021.16832643561     
   3.6633332515259584E-003  -224181.13930662547     
   3.9966665774087114E-003   19293.867319052122     
   4.3299999032914644E-003   273162.94273260556     
   4.6633332291742165E-003   494113.55179800384     
   4.9966665550569694E-003   641765.44496995374     
   5.3299998809397224E-003   686939.21602336993     
   5.6633332068224754E-003   618255.89646018250     
   5.9966665327052283E-003   445366.61409399059     
   6.3299998585879804E-003   197833.19276246725     
   6.6633331844707334E-003  -80290.006881587673     
   6.9966665103534864E-003  -339066.31853665481     
   7.3299998362362385E-003  -532582.15418999095     
   7.6633331621189914E-003  -627942.38492393191     
   7.9966664880017444E-003  -611399.34309264575     
   8.3299998138844974E-003  -490381.47271276894     
   8.6633331397672503E-003  -291173.73795733892     
   8.9966664656500033E-003  -52983.563396306607     
   9.3299997915327545E-003   180142.04032480807     
   9.6633331174155075E-003   367755.87795417989     
   9.9966664432982605E-003   480124.51707202860     
   1.0329999769181013E-002   502796.45191901730     
   1.0663333095063766E-002   438054.53537247458     
   1.0996666420946519E-002   303339.66275187727     
   1.1329999746829272E-002   127248.97537574674     
   1.1663333072712025E-002  -55989.765347723282     
   1.1996666398594778E-002  -212585.67225706636     
   1.2329999724477530E-002  -314891.87353058241     
   1.2663333050360282E-002  -346008.55446907040     
   1.2996666376243035E-002  -302707.68161179184     
   1.3329999702125788E-002  -196257.58359148353     
   1.3663333028008541E-002  -51170.324752168555     
   1.3996666353891294E-002   97253.722586923221     
   1.4329999679774047E-002   211726.30523785582     
   1.4663333005656799E-002   263787.58770227863     
   1.4996666331539552E-002   242419.58261165189     
   1.5329999657422304E-002   157894.22382727219     
   1.5663332983305057E-002   39092.513779310713     
   1.5996666309187810E-002  -75339.408026111720     
   1.6329999635070563E-002  -149396.43462220929     
   1.6663332960953316E-002  -161590.58282676508     
   1.6996666286836069E-002  -112107.44212585289     
   1.7329999612718822E-002  -22516.976365845010     
   1.7663332938601575E-002   72098.145229403832     
   1.7996666264484328E-002   135936.59529828286     
   1.8329999590367081E-002   145600.61680250592     
   1.8663332916249831E-002   98682.324801797076     
   1.8996666242132584E-002   14532.865461989160     
   1.9329999568015337E-002  -73169.656851629901     
   1.9663332893898090E-002  -129312.89267421530     
   1.9996666219780843E-002  -130830.25477374479     
   2.0329999545663596E-002  -75616.719090769155     
   2.0663332871546349E-002   16550.346861502869     
   2.0996666197429101E-002   111447.41861605535     
   2.1329999523311854E-002   173340.90230466402     
   2.1663332849194607E-002   178461.56789767428     
   2.1996666175077360E-002   123889.26884592357     
   2.2329999500960113E-002   28539.436532068561     
   2.2663332826842866E-002  -73991.186933790013     
   2.2996666152725619E-002  -147869.34423283837     
   2.3329999478608372E-002  -167992.22219381575     
   2.3663332804491125E-002  -128669.01731980358     
   2.3996666130373878E-002  -44993.181778075988     
   2.4329999456256628E-002   53275.741611845500     
   2.4663332782139381E-002   132736.44796215650     
   2.4996666108022134E-002   168047.70482133984     
   2.5329999433904887E-002   150103.67333900952     
   2.5663332759787640E-002   88045.540762180332     
   2.5996666085670393E-002   4878.8904017677414     
   2.6329999411553145E-002  -71248.256102813539     
   2.6663332737435898E-002  -116716.04019205034     
   2.6996666063318651E-002  -120100.30197337846     
   2.7329999389201404E-002  -83977.684656166210     
   2.7663332715084157E-002  -21529.379005297837     
   2.7996666040966910E-002   47897.358132324764     
   2.8329999366849663E-002   104541.24530258034     
   2.8663332692732416E-002   133444.97393317780     
   2.8996666018615169E-002   127886.59423461845     
   2.9329999344497919E-002   90387.818868013419     
   2.9663332670380672E-002   31344.417235144694     
   2.9996665996263425E-002  -34106.243375315578     
   3.0329999322146178E-002  -90028.268467349873     
   3.0663332648028931E-002  -123428.47827876164     
   3.0996665973911684E-002  -126969.87464193185     
   3.1329999299794437E-002  -100179.82386009549     
   3.1663332625677193E-002  -49076.782579228602     
   3.1996665951559942E-002   15508.695549271724     
   3.2329999277442692E-002   80412.097767975807     
   3.2663332603325448E-002   132824.85538513551     
   3.2996665929208198E-002   162665.12802908558     
   3.3329999255090954E-002   164249.54453112476     
   3.3663332580973704E-002   137075.82553485106     
   3.3996665906856460E-002   85704.146241526469     
   3.4329999232739210E-002   18857.864206962156     
   3.4663332558621966E-002  -52058.700931485728     
   3.4996665884504716E-002  -114797.07442067753     
   3.5329999210387472E-002  -158223.08848625986     
   3.5663332536270222E-002  -174165.68159433338     
   3.5996665862152978E-002  -158922.66702580126     
   3.6329999188035728E-002  -114189.38331343199     
   3.6663332513918484E-002  -47194.770393120671     
   3.6996665839801234E-002   30109.439787828247     
   3.7329999165683983E-002   102840.19255260867     
   3.7663332491566739E-002   155809.61181206026     
   3.7996665817449489E-002   176627.31030657134     
   3.8329999143332245E-002   158719.58022620800     
   3.8663332469214995E-002   103582.90273939843     
   3.8996665795097751E-002   21601.482582376644     
   3.9329999120980501E-002  -69055.592574252660     
   3.9663332446863257E-002  -145584.39744238841     
   3.9996665772746007E-002  -185392.26847393025     
