   3.3333331843217230E-006   16867.719603665140     
   3.2999999269843104E-004   16855.269554100563     
   6.6333331858118379E-004   16817.444788406909     
   9.9666664446393643E-004   16754.346880188397     
   1.3299999703466892E-003   16666.145278701042     
   1.6633332962294419E-003   16553.076865559549     
   1.9966666221121949E-003   16415.445334931093     
   2.3299999479949474E-003   16253.620398733334     
   2.6633332738777004E-003   16068.036818783963     
   2.9966665997604534E-003   15859.193268274608     
   3.3299999256432059E-003   15627.651025362939     
   3.6633332515259584E-003   15374.032502092012     
   3.9966665774087114E-003   15099.019612254817     
   4.3299999032914644E-003   14803.351982223245     
   4.6633332291742165E-003   14487.825009154059     
   4.9966665550569694E-003   14153.287771368447     
   5.3299998809397224E-003   13800.640796076057     
   5.6633332068224754E-003   13430.833689977931     
   5.9966665327052283E-003   13044.862638634500     
   6.3299998585879804E-003   12643.767780824577     
   6.6633331844707334E-003   12228.630464447468     
   6.9966665103534864E-003   11800.570390832690     
   7.3299998362362385E-003   11360.742654619438     
   7.6633331621189914E-003   10910.334686649952     
   7.9966664880017444E-003   10450.563107586722     
   8.3299998138844974E-003   9982.6705002122490     
   8.6633331397672503E-003   9507.9221086011257     
   8.9966664656500033E-003   9027.6024725668867     
   9.3299997915327545E-003   8543.0120059796318     
   9.6633331174155075E-003   8055.4635277243960     
   9.9966664432982605E-003   7566.2787542238657     
   1.0329999769181013E-002   7076.7847625817294     
   1.0663333095063766E-002   6588.3104335144963     
   1.0996666420946519E-002   6102.1828833289528     
   1.1329999746829272E-002   5619.7238942697113     
   1.1663333072712025E-002   5142.2463526056390     
   1.1996666398594778E-002   4671.0507038453134     
   1.2329999724477530E-002   4207.4214344694110     
   1.2663333050360282E-002   3752.6235895421555     
   1.2996666376243035E-002   3307.8993355141538     
   1.3329999702125788E-002   2874.4645774549676     
   1.3663333028008541E-002   2453.5056398558140     
   1.3996666353891294E-002   2046.1760200203885     
   1.4329999679774047E-002   1653.5932229152552     
   1.4663333005656799E-002   1276.8356861805694     
   1.4996666331539552E-002   916.93980380715186     
   1.5329999657422304E-002   574.89705676745859     
   1.5663332983305057E-002   251.65125864593409     
   1.5996666309187810E-002  -51.904075950927087     
   1.6329999635070563E-002  -334.92823271247863     
   1.6663332960953316E-002  -596.63566148758946     
   1.6996666286836069E-002  -836.29819584385893     
   1.7329999612718822E-002  -1053.2471218251055     
   1.7663332938601575E-002  -1246.8750897831715     
   1.7996666264484328E-002  -1416.6378635530359     
   1.8329999590367081E-002  -1562.0559016518912     
   1.8663332916249831E-002  -1682.7157656122565     
   1.8996666242132584E-002  -1778.2713510055912     
   1.9329999568015337E-002  -1848.4449371749008     
   1.9663332893898090E-002  -1893.0280521715947     
   1.9996666219780843E-002  -1911.8821498821164     
   2.0329999545663596E-002  -1904.9390968322493     
   2.0663332871546349E-002  -1872.2014666705040     
   2.0996666197429101E-002  -1813.7426408548456     
   2.1329999523311854E-002  -1729.7067145982842     
   2.1663332849194607E-002  -1620.3082076666012     
   2.1996666175077360E-002  -1485.8315801646122     
   2.2329999500960113E-002  -1326.6305539941118     
   2.2663332826842866E-002  -1143.1272412154847     
   2.2996666152725619E-002  -935.81108109425202     
   2.3329999478608372E-002  -705.23758816217696     
   2.3663332804491125E-002  -452.02691416781255     
   2.3996666130373878E-002  -176.86222733249946     
   2.4329999456256628E-002   119.51208713741165     
   2.4663332782139381E-002   436.29240080423841     
   2.4996666108022134E-002   772.61798502299416     
   2.5329999433904887E-002   1127.5733177339268     
   2.5663332759787640E-002   1500.1905480278631     
   2.5996666085670393E-002   1889.4521120094894     
   2.6329999411553145E-002   2294.2934930204406     
   2.6663332737435898E-002   2713.6061188383619     
   2.6996666063318651E-002   3146.2403880416273     
   2.7329999389201404E-002   3591.0088173233530     
   2.7663332715084157E-002   4046.6893011545276     
   2.7996666040966910E-002   4512.0284748355025     
   2.8329999366849663E-002   4985.7451716393143     
   2.8663332692732416E-002   5466.5339644404930     
   2.8996666018615169E-002   5953.0687819403011     
   2.9329999344497919E-002   6444.0065893448873     
   2.9663332670380672E-002   6937.9911231276010     
   2.9996665996263425E-002   7433.6566693115938     
   3.0329999322146178E-002   7929.6318745447234     
   3.0663332648028931E-002   8424.5435791063665     
   3.0996665973911684E-002   8917.0206608855769     
   3.1329999299794437E-002   9405.6978793028320     
   3.1663332625677193E-002   9889.2197081135200     
   3.1996665951559942E-002   10366.244146030895     
   3.2329999277442692E-002   10835.446494139695     
   3.2663332603325448E-002   11295.523089138302     
   3.2996665929208198E-002   11745.194981548802     
   3.3329999255090954E-002   12183.211548168501     
   3.3663332580973704E-002   12608.354028204447     
   3.3996665906856460E-002   13019.438972733573     
   3.4329999232739210E-002   13415.321597364275     
   3.4663332558621966E-002   13794.899028240847     
   3.4996665884504716E-002   14157.113431828124     
   3.5329999210387472E-002   14500.955019241124     
   3.5663332536270222E-002   14825.464916239791     
   3.5996665862152978E-002   15129.737890394208     
   3.6329999188035728E-002   15412.924927336362     
   3.6663332513918484E-002   15674.235648452894     
   3.6996665839801234E-002   15912.940562834510     
   3.7329999165683983E-002   16128.373146783621     
   3.7663332491566739E-002   16319.931744687932     
   3.7996665817449489E-002   16487.081285595003     
   3.8329999143332245E-002   16629.354810367531     
   3.8663332469214995E-002   16746.354804861145     
   3.8996665795097751E-002   16837.754335142603     
   3.9329999120980501E-002   16903.297981356220     
   3.9663332446863257E-002   16942.802567446339     
   3.9996665772746007E-002   16956.157684553480     
