   3.3333331843217230E-006  -139227.50194404929     
   3.2999999269843104E-004  -121797.14367114875     
   6.6333331858118379E-004  -73796.408946870943     
   9.9666664446393643E-004  -4774.8927881035452     
   1.3299999703466892E-003   71697.139258676791     
   1.6633332962294419E-003   140480.27876384428     
   1.9966666221121949E-003   187552.50803445553     
   2.3299999479949474E-003   202479.09356199048     
   2.6633332738777004E-003   180290.89734386434     
   2.9966665997604534E-003   122491.67632005364     
   3.3299999256432059E-003   37026.499548202934     
   3.6633332515259584E-003  -62832.362080778024     
   3.9966665774087114E-003  -160582.34185448408     
   4.3299999032914644E-003  -239304.40524562451     
   4.6633332291742165E-003  -284753.40810526605     
   4.9966665550569694E-003  -288142.87342734047     
   5.3299998809397224E-003  -247995.59451548028     
   5.6633332068224754E-003  -170541.23864303262     
   5.9966665327052283E-003  -68433.510879873997     
   6.3299998585879804E-003   42008.895347019374     
   6.6633331844707334E-003   144378.37636287941     
   6.9966665103534864E-003   225599.43976661790     
   7.3299998362362385E-003   278203.14558447048     
   7.6633331621189914E-003   300799.45000218222     
   7.9966664880017444E-003   296704.10528205975     
   8.3299998138844974E-003   271350.97179112816     
   8.6633331397672503E-003   229583.49236113759     
   8.9966664656500033E-003   173957.47187736450     
   9.3299997915327545E-003   104755.94675221699     
   9.6633331174155075E-003   21676.497458103448     
   9.9966664432982605E-003  -73591.150704219181     
   1.0329999769181013E-002  -175105.37556146615     
   1.0663333095063766E-002  -271863.51956957584     
   1.0996666420946519E-002  -349031.80921323749     
   1.1329999746829272E-002  -391019.84815355594     
   1.1663333072712025E-002  -385502.66001700296     
   1.1996666398594778E-002  -327136.94506663020     
   1.2329999724477530E-002  -219815.41214929437     
   1.2663333050360282E-002  -76777.468585004390     
   1.2996666376243035E-002   81458.164457077670     
   1.3329999702125788E-002   230786.82592906483     
   1.3663333028008541E-002   347930.28468029603     
   1.3996666353891294E-002   414597.49752590340     
   1.4329999679774047E-002   420604.53006882733     
   1.4663333005656799E-002   365482.09759103833     
   1.4996666331539552E-002   258436.95356565397     
   1.5329999657422304E-002   116809.23430985336     
   1.5663332983305057E-002  -36649.698246588487     
   1.5996666309187810E-002  -177254.89517482108     
   1.6329999635070563E-002  -282150.55033889483     
   1.6663332960953316E-002  -333868.97983745747     
   1.6996666286836069E-002  -323200.87852804246     
   1.7329999612718822E-002  -250933.17855306077     
   1.7663332938601575E-002  -128114.04678447025     
   1.7996666264484328E-002   25314.117605249150     
   1.8329999590367081E-002   183421.23229302003     
   1.8663332916249831E-002   318359.69812167063     
   1.8996666242132584E-002   404969.33676173666     
   1.9329999568015337E-002   425134.41546492616     
   1.9663332893898090E-002   371106.72151293786     
   1.9996666219780843E-002   247170.57313532650     
   2.0329999545663596E-002   69323.107126031828     
   2.0663332871546349E-002  -136990.86965991472     
   2.0996666197429101E-002  -340699.98225458781     
   2.1329999523311854E-002  -509835.38800828904     
   2.1663332849194607E-002  -616399.41667367320     
   2.1996666175077360E-002  -640629.40565567138     
   2.2329999500960113E-002  -574052.57829375344     
   2.2663332826842866E-002  -420936.01769919111     
   2.2996666152725619E-002  -197964.14674843859     
   2.3329999478608372E-002   67807.488055325142     
   2.3663332804491125E-002   342480.01740895916     
   2.3996666130373878E-002   589904.81788221456     
   2.4329999456256628E-002   776769.50469423796     
   2.4663332782139381E-002   877473.58397193975     
   2.4996666108022134E-002   878024.44387772749     
   2.5329999433904887E-002   778231.61605904263     
   2.5663332759787640E-002   591683.89499114046     
   2.5996666085670393E-002   343370.33204354235     
   2.6329999411553145E-002   65302.194228350862     
   2.6663332737435898E-002  -209007.46469123385     
   2.6996666063318651E-002  -450004.54950580682     
   2.7329999389201404E-002  -636247.54260024673     
   2.7663332715084157E-002  -756330.45659173257     
   2.7996666040966910E-002  -808288.63313073921     
   2.8329999366849663E-002  -796965.43600307358     
   2.8663332692732416E-002  -730447.88870244811     
   2.8996666018615169E-002  -616933.87753977173     
   2.9329999344497919E-002  -463156.43470152759     
   2.9663332670380672E-002  -274831.79119360633     
   2.9996665996263425E-002  -58758.910245553510     
   3.0329999322146178E-002   174499.01347158561     
   3.0663332648028931E-002   408704.68847643241     
   3.0996665973911684E-002   621924.28044300491     
   3.1329999299794437E-002   788844.66975842707     
   3.1663332625677193E-002   885049.37160675135     
   3.1996665951559942E-002   892175.01958439173     
   3.2329999277442692E-002   802544.04347627563     
   3.2663332603325448E-002   621995.49410541332     
   3.2996665929208198E-002   370132.66357516567     
   3.3329999255090954E-002   77880.265030585302     
   3.3663332580973704E-002  -217122.43589719705     
   3.3996665906856460E-002  -476337.60500074964     
   3.4329999232739210E-002  -666244.91297696112     
   3.4663332558621966E-002  -763345.20540130651     
   3.4996665884504716E-002  -757503.63758366532     
   3.5329999210387472E-002  -653219.31327579939     
   3.5663332536270222E-002  -468738.42370004673     
   3.5996665862152978E-002  -233212.40009484073     
   3.6329999188035728E-002   17668.203977833036     
   3.6663332513918484E-002   246956.32208081722     
   3.6996665839801234E-002   421916.39418247127     
   3.7329999165683983E-002   518892.67122085107     
   3.7663332491566739E-002   526833.70525891276     
   3.7996665817449489E-002   448887.15210124309     
   3.8329999143332245E-002   301755.57450587221     
   3.8663332469214995E-002   112867.01837272236     
   3.8996665795097751E-002  -84200.812909958098     
   3.9329999120980501E-002  -255280.05823944425     
   3.9663332446863257E-002  -371208.06971093512     
   3.9996665772746007E-002  -412511.71083520522     
