   3.3333331843217230E-006   20979.133837577079     
   3.2999999269843104E-004   20884.689536882455     
   6.6333331858118379E-004   20604.363769813383     
   9.9666664446393643E-004   20148.422160396411     
   1.3299999703466892E-003   19534.282507035303     
   1.6633332962294419E-003   18785.655842956505     
   1.9966666221121949E-003   17931.180748262974     
   2.3299999479949474E-003   17002.656993319273     
   2.6633332738777004E-003   16033.005764401563     
   2.9966665997604534E-003   15054.145630846717     
   3.3299999256432059E-003   14095.022425937863     
   3.6633332515259584E-003   13180.048468061770     
   3.9966665774087114E-003   12328.174192167631     
   4.3299999032914644E-003   11552.723879203711     
   4.6633332291742165E-003   10861.983540393194     
   4.9966665550569694E-003   10260.360730676781     
   5.3299998809397224E-003   9749.7892092892871     
   5.6633332068224754E-003   9330.9788924860659     
   5.9966665327052283E-003   9004.1538284505641     
   6.3299998585879804E-003   8769.0846958257935     
   6.6633331844707334E-003   8624.4679056518071     
   6.9966665103534864E-003   8566.9496941406906     
   7.3299998362362385E-003   8590.2442685498572     
   7.6633331621189914E-003   8684.7785708007141     
   7.9966664880017444E-003   8838.1029372760659     
   8.3299998138844974E-003   9036.0033014214550     
   8.6633331397672503E-003   9263.9582862996285     
   8.9966664656500033E-003   9508.4295960207874     
   9.3299997915327545E-003   9757.5283068038661     
   9.6633331174155075E-003   10000.843803277841     
   9.9966664432982605E-003   10228.552079572217     
   1.0329999769181013E-002   10430.194592347174     
   1.0663333095063766E-002   10593.625205227936     
   1.0996666420946519E-002   10704.527673642231     
   1.1329999746829272E-002   10746.665800794328     
   1.1663333072712025E-002   10702.755829453536     
   1.1996666398594778E-002   10555.659407207590     
   1.2329999724477530E-002   10289.549871333984     
   1.2663333050360282E-002   9890.7989206436068     
   1.2996666376243035E-002   9348.5029212564659     
   1.3329999702125788E-002   8654.7356334057658     
   1.3663333028008541E-002   7804.7118188702743     
   1.3996666353891294E-002   6797.0486463533471     
   1.4329999679774047E-002   5634.2348771891593     
   1.4663333005656799E-002   4323.3031480074769     
   1.4996666331539552E-002   2876.5943940151674     
   1.5329999657422304E-002   1312.4388289036497     
   1.5663332983305057E-002  -344.43255847679211     
   1.5996666309187810E-002  -2062.8948932372941     
   1.6329999635070563E-002  -3805.9370602646773     
   1.6663332960953316E-002  -5531.6775607776462     
   1.6996666286836069E-002  -7194.8298139535591     
   1.7329999612718822E-002  -8748.5105347644349     
   1.7663332938601575E-002  -10146.258565228502     
   1.7996666264484328E-002  -11344.124146112026     
   1.8329999590367081E-002  -12302.694988961794     
   1.8663332916249831E-002  -12988.940174690626     
   1.8996666242132584E-002  -13377.771452806439     
   1.9329999568015337E-002  -13453.241174676639     
   1.9663332893898090E-002  -13209.315706206886     
   1.9996666219780843E-002  -12650.182824023588     
   2.0329999545663596E-002  -11790.072184580004     
   2.0663332871546349E-002  -10652.590660127540     
   2.0996666197429101E-002  -9269.6001843566919     
   2.1329999523311854E-002  -7679.6950691407119     
   2.1663332849194607E-002  -5926.3675717329234     
   2.1996666175077360E-002  -4055.9819768559582     
   2.2329999500960113E-002  -2115.7036191191246     
   2.2663332826842866E-002  -151.54327963635660     
   2.2996666152725619E-002   1793.3281362097059     
   2.3329999478608372E-002   3679.8703707806303     
   2.3663332804491125E-002   5474.0021996128144     
   2.3996666130373878E-002   7146.9747967189996     
   2.4329999456256628E-002   8675.3756615648454     
   2.4663332782139381E-002   10040.907755461238     
   2.4996666108022134E-002   11230.106238904631     
   2.5329999433904887E-002   12234.118805882867     
   2.5663332759787640E-002   13048.590609628598     
   2.5996666085670393E-002   13673.588790415415     
   2.6329999411553145E-002   14113.418549368393     
   2.6663332737435898E-002   14376.166576537535     
   2.6996666063318651E-002   14472.880917849194     
   2.7329999389201404E-002   14416.442870790748     
   2.7663332715084157E-002   14220.349775273695     
   2.7996666040966910E-002   13897.730332460043     
   2.8329999366849663E-002   13460.893524688159     
   2.8663332692732416E-002   12921.555123660628     
   2.8996666018615169E-002   12291.643872685690     
   2.9329999344497919E-002   11584.362610098173     
   2.9663332670380672E-002   10815.071527976814     
   2.9996665996263425E-002   10001.627640707815     
   3.0329999322146178E-002   9164.0342208877610     
   3.0663332648028931E-002   8323.5332269515457     
   3.0996665973911684E-002   7501.4913999462915     
   3.1329999299794437E-002   6718.4944835037704     
   3.1663332625677193E-002   5993.9521532649005     
   3.1996665951559942E-002   5346.2836418365068     
   3.2329999277442692E-002   4793.5026035743795     
   3.2663332603325448E-002   4353.8503452964287     
   3.2996665929208198E-002   4046.0971763733396     
   3.3329999255090954E-002   3889.2398602175808     
   3.3663332580973704E-002   3901.5163391251435     
   3.3996665906856460E-002   4098.8627196117177     
   3.4329999232739210E-002   4493.0870036723045     
   3.4663332558621966E-002   5090.0942945367524     
   3.4996665884504716E-002   5888.4690099460040     
   3.5329999210387472E-002   6878.6269498160163     
   3.5663332536270222E-002   8042.6309458757669     
   3.5996665862152978E-002   9354.6522420446508     
   3.6329999188035728E-002   10781.977806634106     
   3.6663332513918484E-002   12286.419361691736     
   3.6996665839801234E-002   13825.969411045291     
   3.7329999165683983E-002   15356.562853610754     
   3.7663332491566739E-002   16833.828318699536     
   3.7996665817449489E-002   18214.741681834741     
   3.8329999143332245E-002   19459.119560122643     
   3.8663332469214995E-002   20530.910904551478     
   3.8996665795097751E-002   21399.260742605977     
   3.9329999120980501E-002   22039.333584073411     
   3.9663332446863257E-002   22432.896840629459     
   3.9996665772746007E-002   22568.677687467956     
