   3.3333331843217230E-006   7613.8370665515686     
   3.2999999269843104E-004   7613.7988375687719     
   6.6333331858118379E-004   7613.6826165449156     
   9.9666664446393643E-004   7613.4884831320878     
   1.3299999703466892E-003   7613.2165703796400     
   1.6633332962294419E-003   7612.8670646430010     
   1.9966666221121949E-003   7612.4402054559569     
   2.3299999479949474E-003   7611.9362853664898     
   2.6633332738777004E-003   7611.3556497362761     
   2.9966665997604534E-003   7610.6986965039960     
   3.3299999256432059E-003   7609.9658759126041     
   3.6633332515259584E-003   7609.1576902007573     
   3.9966665774087114E-003   7608.2746932586024     
   4.3299999032914644E-003   7607.3174902481715     
   4.6633332291742165E-003   7606.2867371886296     
   4.9966665550569694E-003   7605.1831405066778     
   5.3299998809397224E-003   7604.0074565523964     
   5.6633332068224754E-003   7602.7604910808868     
   5.9966665327052283E-003   7601.4430987000433     
   6.3299998585879804E-003   7600.0561822848485     
   6.6633331844707334E-003   7598.6006923585883     
   6.9966665103534864E-003   7597.0776264414098     
   7.3299998362362385E-003   7595.4880283666735     
   7.6633331621189914E-003   7593.8329875655563     
   7.9966664880017444E-003   7592.1136383204166     
   8.3299998138844974E-003   7590.3311589874083     
   8.6633331397672503E-003   7588.4867711888983     
   8.9966664656500033E-003   7586.5817389762242     
   9.3299997915327545E-003   7584.6173679633794     
   9.6633331174155075E-003   7582.5950044322071     
   9.9966664432982605E-003   7580.5160344097312     
   1.0329999769181013E-002   7578.3818827182358     
   1.0663333095063766E-002   7576.1940119987694     
   1.0996666420946519E-002   7573.9539217087204     
   1.1329999746829272E-002   7571.6631470941629     
   1.1663333072712025E-002   7569.3232581376797     
   1.1996666398594778E-002   7566.9358584823694     
   1.2329999724477530E-002   7564.5025843327940     
   1.2663333050360282E-002   7562.0251033336035     
   1.2996666376243035E-002   7559.5051134266178     
   1.3329999702125788E-002   7556.9443416871363     
   1.3663333028008541E-002   7554.3445431402961     
   1.3996666353891294E-002   7551.7074995582552     
   1.4329999679774047E-002   7549.0350182390639     
   1.4663333005656799E-002   7546.3289307680261     
   1.4996666331539552E-002   7543.5910917624260     
   1.5329999657422304E-002   7540.8233776004636     
   1.5663332983305057E-002   7538.0276851352810     
   1.5996666309187810E-002   7535.2059303949527     
   1.6329999635070563E-002   7532.3600472693352     
   1.6663332960953316E-002   7529.4919861846774     
   1.6996666286836069E-002   7526.6037127668915     
   1.7329999612718822E-002   7523.6972064944175     
   1.7663332938601575E-002   7520.7744593415810     
   1.7996666264484328E-002   7517.8374744133971     
   1.8329999590367081E-002   7514.8882645727435     
   1.8663332916249831E-002   7511.9288510608403     
   1.8996666242132584E-002   7508.9612621119959     
   1.9329999568015337E-002   7505.9875315635536     
   1.9663332893898090E-002   7503.0096974620046     
   1.9996666219780843E-002   7500.0298006662088     
   2.0329999545663596E-002   7497.0498834486953     
   2.0663332871546349E-002   7494.0719880959878     
   2.0996666197429101E-002   7491.0981555089256     
   2.1329999523311854E-002   7488.1304238039320     
   2.1663332849194607E-002   7485.1708269161873     
   2.1996666175077360E-002   7482.2213932056775     
   2.2329999500960113E-002   7479.2841440670527     
   2.2663332826842866E-002   7476.3610925442654     
   2.2996666152725619E-002   7473.4542419509316     
   2.3329999478608372E-002   7470.5655844973571     
   2.3663332804491125E-002   7467.6970999251807     
   2.3996666130373878E-002   7464.8507541505523     
   2.4329999456256628E-002   7462.0284979167973     
   2.4663332782139381E-002   7459.2322654574709     
   2.4996666108022134E-002   7456.4639731707312     
   2.5329999433904887E-002   7453.7255183059397     
   2.5663332759787640E-002   7451.0187776633747     
   2.5996666085670393E-002   7448.3456063079720     
   2.6329999411553145E-002   7445.7078362979528     
   2.6663332737435898E-002   7443.1072754292227     
   2.6996666063318651E-002   7440.5457059963992     
   2.7329999389201404E-002   7438.0248835713164     
   2.7663332715084157E-002   7435.5465357998428     
   2.7996666040966910E-002   7433.1123612178390     
   2.8329999366849663E-002   7430.7240280870665     
   2.8663332692732416E-002   7428.3831732518438     
   2.8996666018615169E-002   7426.0914010172373     
   2.9329999344497919E-002   7423.8502820495460     
   2.9663332670380672E-002   7421.6613522998514     
   2.9996665996263425E-002   7419.5261119513461     
   3.0329999322146178E-002   7417.4460243911890     
   3.0663332648028931E-002   7415.4225152075715     
   3.0996665973911684E-002   7413.4569712126868     
   3.1329999299794437E-002   7411.5507394922852     
   3.1663332625677193E-002   7409.7051264824413     
   3.1996665951559942E-002   7407.9213970741912     
   3.2329999277442692E-002   7406.2007737466411     
   3.2663332603325448E-002   7404.5444357291371     
   3.2996665929208198E-002   7402.9535181930851     
   3.3329999255090954E-002   7401.4291114739553     
   3.3663332580973704E-002   7399.9722603240270     
   3.3996665906856460E-002   7398.5839631963618     
   3.4329999232739210E-002   7397.2651715605161     
   3.4663332558621966E-002   7396.0167892504542     
   3.4996665884504716E-002   7394.8396718450995     
   3.5329999210387472E-002   7393.7346260819677     
   3.5663332536270222E-002   7392.7024093042710     
   3.5996665862152978E-002   7391.7437289418658     
   3.6329999188035728E-002   7390.8592420264222     
   3.6663332513918484E-002   7390.0495547411256     
   3.6996665839801234E-002   7389.3152220052261     
   3.7329999165683983E-002   7388.6567470937298     
   3.7663332491566739E-002   7388.0745812924724     
   3.7996665817449489E-002   7387.5691235888389     
   3.8329999143332245E-002   7387.1407203983090     
   3.8663332469214995E-002   7386.7896653270473     
   3.8996665795097751E-002   7386.5161989706767     
   3.9329999120980501E-002   7386.3205087493889     
   3.9663332446863257E-002   7386.2027287794936     
   3.9996665772746007E-002   7386.1629397815041     
