   3.3333331843217230E-006  -2194490.1016764329     
   3.2999999269843104E-004  -1958619.0023180689     
   6.6333331858118379E-004  -1294083.9696786434     
   9.9666664446393643E-004  -348692.29830005288     
   1.3299999703466892E-003   667787.01168180886     
   1.6633332962294419E-003   1530826.0198539803     
   1.9966666221121949E-003   2051473.6967126669     
   2.3299999479949474E-003   2118404.3631652123     
   2.6633332738777004E-003   1722198.0786464999     
   2.9966665997604534E-003   956473.07214337448     
   3.3299999256432059E-003  -4201.2197049726965     
   3.6633332515259584E-003  -944393.01504319452     
   3.9966665774087114E-003  -1656627.7898946016     
   4.3299999032914644E-003  -1987771.6022230927     
   4.6633332291742165E-003  -1872490.5720811700     
   4.9966665550569694E-003  -1346373.1022657317     
   5.3299998809397224E-003  -536038.19644134340     
   5.6633332068224754E-003   371156.30158189510     
   5.9966665327052283E-003   1170572.5427732337     
   6.3299998585879804E-003   1686793.2783066877     
   6.6633331844707334E-003   1812516.5385418963     
   6.9966665103534864E-003   1531130.1320963185     
   7.3299998362362385E-003   918156.77467793238     
   7.6633331621189914E-003   121703.05365401338     
   7.9966664880017444E-003  -673135.55691023637     
   8.3299998138844974E-003  -1287379.3289541728     
   8.6633331397672503E-003  -1588706.5559131131     
   8.9966664656500033E-003  -1520185.9031870633     
   9.3299997915327545E-003  -1110899.6093878832     
   9.6633331174155075E-003  -466501.36454139464     
   9.9966664432982605E-003   257550.53052537964     
   1.0329999769181013E-002   893396.85533686099     
   1.0663333095063766E-002   1299837.8799971766     
   1.0996666420946519E-002   1393931.7879389890     
   1.1329999746829272E-002   1168009.8757591364     
   1.1663333072712025E-002   688601.10752572049     
   1.1996666398594778E-002   78099.639591739397     
   1.2329999724477530E-002  -515963.70309745037     
   1.2663333050360282E-002  -956414.47784621688     
   1.2996666376243035E-002  -1148170.7573874206     
   1.3329999702125788E-002  -1058854.5736705675     
   1.3663333028008541E-002  -723781.33179112116     
   1.3996666353891294E-002  -234688.76485672587     
   1.4329999679774047E-002   284532.76437339303     
   1.4663333005656799E-002   708839.90434411215     
   1.4996666331539552E-002   942081.89443563181     
   1.5329999657422304E-002   938883.56390521373     
   1.5663332983305057E-002   713359.97604901029     
   1.5996666309187810E-002   333009.94802967680     
   1.6329999635070563E-002  -100203.42734950047     
   1.6663332960953316E-002  -476506.51174770750     
   1.6996666286836069E-002  -705878.73924583395     
   1.7329999612718822E-002  -739676.82799058838     
   1.7663332938601575E-002  -581132.67719133710     
   1.7996666264484328E-002  -282441.42642158864     
   1.8329999590367081E-002   70442.032224398339     
   1.8663332916249831E-002   381131.07931299054     
   1.8996666242132584E-002   568146.63521903823     
   1.9329999568015337E-002   585774.70786347822     
   1.9663332893898090E-002   435204.90920829191     
   1.9996666219780843E-002   163265.26617347568     
   2.0329999545663596E-002  -150738.13542930281     
   2.0663332871546349E-002  -416542.42025460378     
   2.0996666197429101E-002  -557175.23450269888     
   2.1329999523311854E-002  -529637.14048299519     
   2.1663332849194607E-002  -336670.76175435859     
   2.1996666175077360E-002  -26562.999800915917     
   2.2329999500960113E-002   319010.23504910996     
   2.2663332826842866E-002   606029.06396798359     
   2.2996666152725619E-002   752712.98256081552     
   2.3329999478608372E-002   711356.16999009531     
   2.3663332804491125E-002   481778.99809774122     
   2.3996666130373878E-002   112836.37609004416     
   2.4329999456256628E-002  -308589.96816587914     
   2.4663332782139381E-002  -678535.36779549532     
   2.4996666108022134E-002  -901720.34385118145     
   2.5329999433904887E-002  -915755.10645181895     
   2.5663332759787640E-002  -707698.29173256457     
   2.5996666085670393E-002  -318709.89965775609     
   2.6329999411553145E-002   164564.31807323129     
   2.6663332737435898E-002   629976.50097995030     
   2.6996666063318651E-002   966501.68473763694     
   2.7329999389201404E-002   1091087.9323770800     
   2.7663332715084157E-002   969185.72664318478     
   2.7996666040966910E-002   623883.32457775448     
   2.8329999366849663E-002   131299.03485114317     
   2.8663332692732416E-002  -396801.29972121696     
   2.8996666018615169E-002  -839089.40373220737     
   2.9329999344497919E-002  -1093256.9816225891     
   2.9663332670380672E-002  -1100251.2642584653     
   2.9996665996263425E-002  -858335.59942109906     
   3.0329999322146178E-002  -423576.47497362708     
   3.0663332648028931E-002   103384.61185481874     
   3.0996665973911684E-002   601119.36401306908     
   3.1329999299794437E-002   956068.02700868086     
   3.1663332625677193E-002   1089204.5835103742     
   3.1996665951559942E-002   974345.26844402566     
   3.2329999277442692E-002   643759.65501241095     
   3.2663332603325448E-002   179812.08894291421     
   3.2996665929208198E-002  -305272.08925992483     
   3.3329999255090954E-002  -696572.01760562195     
   3.3663332580973704E-002  -903981.99214148603     
   3.3996665906856460E-002  -883438.19864255772     
   3.4329999232739210E-002  -646794.63043866865     
   3.4663332558621966E-002  -258063.37130743390     
   3.4996665884504716E-002   182944.19969664171     
   3.5329999210387472E-002   565487.35913330654     
   3.5663332536270222E-002   795148.77967778500     
   3.5996665862152978E-002   816804.38987184083     
   3.6329999188035728E-002   627734.80284048640     
   3.6663332513918484E-002   277747.39558989700     
   3.6996665839801234E-002  -143625.16246009976     
   3.7329999165683983E-002  -529619.33599209506     
   3.7663332491566739E-002  -782838.28239055816     
   3.7996665817449489E-002  -839383.36524063558     
   3.8329999143332245E-002  -684586.02502309042     
   3.8663332469214995E-002  -356496.03753746150     
   3.8996665795097751E-002   63690.745059288485     
   3.9329999120980501E-002   471862.74906914827     
   3.9663332446863257E-002   766857.95218443335     
   3.9996665772746007E-002   875561.37073302432     
