   3.3333331843217230E-006   10770.166519324888     
   3.2999999269843104E-004   10792.936276346285     
   6.6333331858118379E-004   10859.805949986725     
   9.9666664446393643E-004   10966.168824729419     
   1.3299999703466892E-003   11104.501599971827     
   1.6633332962294419E-003   11264.883375147536     
   1.9966666221121949E-003   11435.740269813814     
   2.3299999479949474E-003   11604.749513591514     
   2.6633332738777004E-003   11759.816656165358     
   2.9966665997604534E-003   11890.014899586446     
   3.3299999256432059E-003   11986.363918964820     
   3.6633332515259584E-003   12042.335783585691     
   3.9966665774087114E-003   12054.013626584792     
   4.3299999032914644E-003   12019.893351436103     
   4.6633332291742165E-003   11940.398506590165     
   4.9966665550569694E-003   11817.251965964764     
   5.3299998809397224E-003   11652.888518608122     
   5.6633332068224754E-003   11450.077791467178     
   5.9966665327052283E-003   11211.851250183441     
   6.3299998585879804E-003   10941.708838251197     
   6.6633331844707334E-003   10643.961637067205     
   6.9966665103534864E-003   10323.997687048401     
   7.3299998362362385E-003   9988.2765902116080     
   7.6633331621189914E-003   9643.9676857068844     
   7.9966664880017444E-003   9298.3062746033174     
   8.3299998138844974E-003   8957.8822940621503     
   8.6633331397672503E-003   8628.1272470705662     
   8.9966664656500033E-003   8313.1964515403197     
   9.3299997915327545E-003   8016.2802390032120     
   9.6633331174155075E-003   7740.1932322552384     
   9.9966664432982605E-003   7487.9716249701723     
   1.0329999769181013E-002   7263.2098539441158     
   1.0663333095063766E-002   7069.9866255323923     
   1.0996666420946519E-002   6912.4066816020804     
   1.1329999746829272E-002   6793.9360658803453     
   1.1663333072712025E-002   6716.7705957159769     
   1.1996666398594778E-002   6681.4331179607152     
   1.2329999724477530E-002   6686.6783890948464     
   1.2663333050360282E-002   6729.6562189843862     
   1.2996666376243035E-002   6806.2003994323877     
   1.3329999702125788E-002   6911.1001920087047     
   1.3663333028008541E-002   7038.2642173810727     
   1.3996666353891294E-002   7180.7698791802959     
   1.4329999679774047E-002   7330.8656775836171     
   1.4663333005656799E-002   7480.0311066526792     
   1.4996666331539552E-002   7619.1911112153311     
   1.5329999657422304E-002   7739.1389981659286     
   1.5663332983305057E-002   7831.1627311917064     
   1.5996666309187810E-002   7887.8146586489211     
   1.6329999635070563E-002   7903.7278039344537     
   1.6663332960953316E-002   7876.3682599999975     
   1.6996666286836069E-002   7806.6210153168668     
   1.7329999612718822E-002   7699.1294339603901     
   1.7663332938601575E-002   7562.3392336647830     
   1.7996666264484328E-002   7408.2299054087061     
   1.8329999590367081E-002   7251.7459866501576     
   1.8663332916249831E-002   7109.9654318083703     
   1.8996666242132584E-002   7001.0620042295322     
   1.9329999568015337E-002   6943.1333686039834     
   1.9663332893898090E-002   6952.9767396294719     
   1.9996666219780843E-002   7044.8996393523821     
   2.0329999545663596E-002   7229.6542304164550     
   2.0663332871546349E-002   7513.5791366131134     
   2.0996666197429101E-002   7898.0216901646081     
   2.1329999523311854E-002   8379.0952107732974     
   2.1663332849194607E-002   8947.7997028086102     
   2.1996666175077360E-002   9590.5007772942736     
   2.2329999500960113E-002   10289.722976928373     
   2.2663332826842866E-002   11025.174734280021     
   2.2996666152725619E-002   11774.890163493641     
   2.3329999478608372E-002   12516.356582217220     
   2.3663332804491125E-002   13227.504163350257     
   2.3996666130373878E-002   13887.469305485953     
   2.4329999456256628E-002   14477.102206458592     
   2.4663332782139381E-002   14979.257831977093     
   2.4996666108022134E-002   15378.965798027890     
   2.5329999433904887E-002   15663.594654144508     
   2.5663332759787640E-002   15823.094389814245     
   2.5996666085670393E-002   15850.321755091176     
   2.6329999411553145E-002   15741.354446391837     
   2.6663332737435898E-002   15495.628490654593     
   2.6996666063318651E-002   15115.733775000284     
   2.7329999389201404E-002   14606.795915715144     
   2.7663332715084157E-002   13975.535262889696     
   2.7996666040966910E-002   13229.259732640086     
   2.8329999366849663E-002   12375.133758270509     
   2.8663332692732416E-002   11420.011230102289     
   2.8996666018615169E-002   10370.926956939877     
   2.9329999344497919E-002   9236.0808004825703     
   2.9663332670380672E-002   8025.9361535220687     
   2.9996665996263425E-002   6753.9929741227352     
   3.0329999322146178E-002   5436.9223746825637     
   3.0663332648028931E-002   4094.0132322297573     
   3.0996665973911684E-002   2746.1636959465350     
   3.1329999299794437E-002   1414.8249395463133     
   3.1663332625677193E-002   121.29607803260851     
   3.1996665951559942E-002  -1113.4119695966026     
   3.2329999277442692E-002  -2268.1942335111748     
   3.2663332603325448E-002  -3321.2407205042055     
   3.2996665929208198E-002  -4249.6024819355671     
   3.3329999255090954E-002  -5029.2990695030530     
   3.3663332580973704E-002  -5636.1628633324217     
   3.3996665906856460E-002  -6047.3917539885733     
   3.4329999232739210E-002  -6243.5821106036765     
   3.4663332558621966E-002  -6210.8956104673889     
   3.4996665884504716E-002  -5942.9957902662500     
   3.5329999210387472E-002  -5442.4579712019740     
   3.5663332536270222E-002  -4721.4737598113334     
   3.5996665862152978E-002  -3801.7990430333966     
   3.6329999188035728E-002  -2714.0016571077558     
   3.6663332513918484E-002  -1496.1358748603914     
   3.6996665839801234E-002  -192.00379637227070     
   3.7329999165683983E-002   1150.8335934906702     
   3.7663332491566739E-002   2483.1489518204630     
   3.7996665817449489E-002   3756.1219029228046     
   3.8329999143332245E-002   4923.2949745117930     
   3.8663332469214995E-002   5942.3359024359452     
   3.8996665795097751E-002   6776.5492516738786     
   3.9329999120980501E-002   7396.0982939720707     
   3.9663332446863257E-002   7778.9165242903437     
   3.9996665772746007E-002   7911.3076364786812     
