   3.3333331843217230E-006   1859.8001604547298     
   3.2999999269843104E-004   2200.7406357277387     
   6.6333331858118379E-004   3193.8779749475825     
   9.9666664446393643E-004   4760.6074704412022     
   1.3299999703466892E-003   6776.3295603950528     
   1.6633332962294419E-003   9081.2195313014854     
   1.9966666221121949E-003   11494.604908061807     
   2.3299999479949474E-003   13831.528380662707     
   2.6633332738777004E-003   15919.913335859092     
   2.9966665997604534E-003   17616.482564659935     
   3.3299999256432059E-003   18819.467782227388     
   3.6633332515259584E-003   19476.299161698582     
   3.9966665774087114E-003   19584.981407425828     
   4.3299999032914644E-003   19188.779956180646     
   4.6633332291742165E-003   18365.065745586864     
   4.9966665550569694E-003   17210.452132975308     
   5.3299998809397224E-003   15825.330302398319     
   5.6633332068224754E-003   14301.177046360886     
   5.9966665327052283E-003   12713.319254515107     
   6.3299998585879804E-003   11120.240369893732     
   6.6633331844707334E-003   9568.4253998841359     
   6.9966665103534864E-003   8099.8722523212764     
   7.3299998362362385E-003   6758.4993742850420     
   7.6633331621189914E-003   5592.2128248166346     
   7.9966664880017444E-003   4649.2630860771051     
   8.3299998138844974E-003   3970.0273806545783     
   8.6633331397672503E-003   3577.4519164688199     
   8.9966664656500033E-003   3470.1444341168690     
   9.3299997915327545E-003   3621.1481646824468     
   9.6633331174155075E-003   3983.1539701994816     
   9.9966664432982605E-003   4498.3255949890681     
   1.0329999769181013E-002   5109.1661027830651     
   1.0663333095063766E-002   5766.6776747036056     
   1.0996666420946519E-002   6433.4596180159660     
   1.1329999746829272E-002   7081.6500348994587     
   1.1663333072712025E-002   7687.7172248199995     
   1.1996666398594778E-002   8227.1845771146272     
   1.2329999724477530E-002   8672.0915033580332     
   1.2663333050360282E-002   8992.6204827231159     
   1.2996666376243035E-002   9162.5261219219610     
   1.3329999702125788E-002   9166.5175565856443     
   1.3663333028008541E-002   9007.0623256435993     
   1.3996666353891294E-002   8708.3098054785987     
   1.4329999679774047E-002   8315.7488443535512     
   1.4663333005656799E-002   7891.4132972645830     
   1.4996666331539552E-002   7505.5328307134696     
   1.5329999657422304E-002   7226.2321091992644     
   1.5663332983305057E-002   7109.1249525075682     
   1.5996666309187810E-002   7188.4938678458602     
   1.6329999635070563E-002   7471.3300166705458     
   1.6663332960953316E-002   7934.9834246650962     
   1.6996666286836069E-002   8528.6509609982604     
   1.7329999612718822E-002   9178.4723052626323     
   1.7663332938601575E-002   9795.6322528095716     
   1.7996666264484328E-002   10286.580557400695     
   1.8329999590367081E-002   10564.275391740090     
   1.8663332916249831E-002   10559.239365406975     
   1.8996666242132584E-002   10229.202501769487     
   1.9329999568015337E-002   9566.2101550576117     
   1.9663332893898090E-002   8600.3013974664227     
   1.9996666219780843E-002   7399.2029873687015     
   2.0329999545663596E-002   6063.9036631009476     
   2.0663332871546349E-002   4720.4255257320710     
   2.0996666197429101E-002   3508.5394032467866     
   2.1329999523311854E-002   2568.5286859374219     
   2.1663332849194607E-002   2027.3518991792914     
   2.1996666175077360E-002   1985.6632166879378     
   2.2329999500960113E-002   2507.1097227416362     
   2.2663332826842866E-002   3611.1307108069959     
   2.2996666152725619E-002   5270.1405813650399     
   2.3329999478608372E-002   7411.4958275668068     
   2.3663332804491125E-002   9924.0599521448203     
   2.3996666130373878E-002   12668.549812137901     
   2.4329999456256628E-002   15490.270625477444     
   2.4663332782139381E-002   18232.450078465656     
   2.4996666108022134E-002   20748.289697751570     
   2.5329999433904887E-002   22910.143977605658     
   2.5663332759787640E-002   24614.902356840339     
   2.5996666085670393E-002   25785.553410787394     
   2.6329999411553145E-002   26369.815408002694     
   2.6663332737435898E-002   26337.341465976533     
   2.6996666063318651E-002   25677.128872093796     
   2.7329999389201404E-002   24396.318026327121     
   2.7663332715084157E-002   22520.704479662938     
   2.7996666040966910E-002   20096.331766142550     
   2.8329999366849663E-002   17190.865542248586     
   2.8663332692732416E-002   13893.352270560166     
   2.8996666018615169E-002   10311.488959710328     
   2.9329999344497919E-002   6566.4594065879155     
   2.9663332670380672E-002   2786.3304661688107     
   2.9996665996263425E-002  -900.45926988757503     
   3.0329999322146178E-002  -4370.0873692847854     
   3.0663332648028931E-002  -7506.0901671608608     
   3.0996665973911684E-002  -10200.164334144345     
   3.1329999299794437E-002  -12352.252014700578     
   3.1663332625677193E-002  -13871.572019507839     
   3.1996665951559942E-002  -14680.033766487868     
   3.2329999277442692E-002  -14718.656161194602     
   3.2663332603325448E-002  -13956.496348311111     
   3.2996665929208198E-002  -12400.549162065108     
   3.3329999255090954E-002  -10104.432983278919     
   3.3663332580973704E-002  -7173.6043636367103     
   3.3996665906856460E-002  -3765.3281292883075     
   3.4329999232739210E-002  -82.505617056760002     
   3.4663332558621966E-002   3638.5096898400261     
   3.4996665884504716E-002   7145.0348026502297     
   3.5329999210387472E-002   10188.343900228730     
   3.5663332536270222E-002   12544.962287917457     
   3.5996665862152978E-002   14036.738266898057     
   3.6329999188035728E-002   14547.644652773641     
   3.6663332513918484E-002   14035.625689526778     
   3.6996665839801234E-002   12538.290017357938     
   3.7329999165683983E-002   10171.811119874734     
   3.7663332491566739E-002   7123.0000045748138     
   3.7996665817449489E-002   3635.1277195833363     
   3.8329999143332245E-002  -11.344983428158457     
   3.8663332469214995E-002  -3521.4816751195731     
   3.8996665795097751E-002  -6610.0346666134974     
   3.9329999120980501E-002  -9024.9212516925327     
   3.9663332446863257E-002  -10567.953553482128     
   3.9996665772746007E-002  -11111.060899293119     
