   3.3333333333333333E-006   11622.770650385179     
   3.3000000000000000E-004   11571.756548044239     
   6.6333333333333327E-004   11430.221390345198     
   9.9666666666666675E-004   11235.840235327725     
   1.3300000000000000E-003   11040.697838648603     
   1.6633333333333333E-003   10897.788124300105     
   1.9966666666666666E-003   10847.163014597201     
   2.3299999999999996E-003   10905.268593544071     
   2.6633333333333331E-003   11060.232867313845     
   2.9966666666666666E-003   11274.396591627023     
   3.3299999999999996E-003   11493.567310038277     
   3.6633333333333331E-003   11660.773204488110     
   3.9966666666666666E-003   11731.120526851211     
   4.3299999999999996E-003   11684.011950157967     
   4.6633333333333327E-003   11529.558424944333     
   4.9966666666666666E-003   11307.384327302807     
   5.3299999999999997E-003   11077.860297766598     
   5.6633333333333327E-003   10907.658601200465     
   5.9966666666666666E-003   10852.960054758343     
   6.3299999999999997E-003   10944.296742562196     
   6.6633333333333327E-003   11176.723298244931     
   6.9966666666666667E-003   11507.830741613561     
   7.3299999999999997E-003   11864.323616271740     
   7.6633333333333328E-003   12155.895267463693     
   7.9966666666666675E-003   12293.427300926396     
   8.3300000000000006E-003   12207.512755634480     
   8.6633333333333336E-003   11863.201751077075     
   8.9966666666666667E-003   11267.716814875617     
   9.3299999999999998E-003   10469.481000664635     
   9.6633333333333345E-003   9548.7671557835311     
   9.9966666666666676E-003   8602.1479715319729     
   1.0330000000000001E-002   7724.2665049020734     
   1.0663333333333334E-002   6990.9490174449074     
   1.0996666666666667E-002   6447.2425319590211     
   1.1330000000000000E-002   6102.7007090142297     
   1.1663333333333333E-002   5934.4798770977577     
   1.1996666666666668E-002   5896.9742410636663     
   1.2330000000000001E-002   5935.2569173938728     
   1.2663333333333334E-002   5998.8450979881818     
   1.2996666666666667E-002   6052.4364400295108     
   1.3330000000000000E-002   6081.2146361023742     
   1.3663333333333333E-002   6089.8379505333332     
   1.3996666666666668E-002   6095.9120682541334     
   1.4330000000000001E-002   6120.1775268759529     
   1.4663333333333334E-002   6176.4524570983067     
   1.4996666666666667E-002   6264.3636125959993     
   1.5330000000000000E-002   6367.0824231538872     
   1.5663333333333331E-002   6454.8740236340482     
   1.5996666666666666E-002   6493.6333188820345     
   1.6329999999999997E-002   6456.1491470457531     
   1.6663333333333332E-002   6332.9822863817872     
   1.6996666666666663E-002   6139.7971386602958     
   1.7329999999999998E-002   5918.7772336600583     
   1.7663333333333333E-002   5733.1944656065307     
   1.7996666666666664E-002   5655.9358353001599     
   1.8329999999999999E-002   5754.3832929093369     
   1.8663333333333330E-002   6075.0841440099384     
   1.8996666666666665E-002   6631.8648320060183     
   1.9330000000000000E-002   7400.3559177593197     
   1.9663333333333331E-002   8320.4611299192256     
   1.9996666666666666E-002   9306.4587027631314     
   2.0329999999999997E-002   10262.616701964234     
   2.0663333333333332E-002   11100.880919224930     
   2.0996666666666663E-002   11756.685861926282     
   2.1329999999999998E-002   12199.380324191818     
   2.1663333333333333E-002   12435.049290432549     
   2.1996666666666664E-002   12501.341956312568     
   2.2329999999999999E-002   12455.833051801968     
   2.2663333333333330E-002   12360.976278963359     
   2.2996666666666665E-002   12269.471024094733     
   2.3329999999999997E-002   12213.661891599915     
   2.3663333333333331E-002   12201.470663333654     
   2.3996666666666666E-002   12219.600116684105     
   2.4329999999999997E-002   12242.793137835104     
   2.4663333333333332E-002   12246.280388269384     
   2.4996666666666664E-002   12217.638799241910     
   2.5329999999999998E-002   12164.365500687960     
   2.5663333333333333E-002   12114.553805024612     
   2.5996666666666664E-002   12109.890150427274     
   2.6329999999999999E-002   12192.324070594172     
   2.6663333333333331E-002   12387.655178272422     
   2.6996666666666665E-002   12690.430317282297     
   2.7329999999999997E-002   13054.616609407547     
   2.7663333333333331E-002   13393.435142591919     
   2.7996666666666666E-002   13589.713844964270     
   2.8329999999999998E-002   13515.599256526419     
   2.8663333333333332E-002   13058.050042856827     
   2.8996666666666664E-002   12144.816634068848     
   2.9329999999999998E-002   10765.044648771609     
   2.9663333333333330E-002   8979.4202886215080     
   2.9996666666666665E-002   6916.7854096784749     
   3.0329999999999999E-002   4756.9742512759085     
   3.0663333333333331E-002   2702.6416422695352     
   3.0996666666666665E-002   945.37642928629919     
   3.1329999999999997E-002  -367.17001144146468     
   3.1663333333333328E-002  -1156.4208447059812     
   3.1996666666666666E-002  -1425.0489031763232     
   3.2329999999999998E-002  -1253.6311031369485     
   3.2663333333333329E-002  -782.49016491895816     
   3.2996666666666667E-002  -182.57249345192457     
   3.3329999999999999E-002   378.47784788096561     
   3.3663333333333330E-002   767.92901615581536     
   3.3996666666666661E-002   910.74285862215834     
   3.4329999999999999E-002   799.05226267683679     
   3.4663333333333331E-002   486.85930901025432     
   3.4996666666666662E-002   71.760085255475133     
   3.5330000000000000E-002  -331.68189797573996     
   3.5663333333333332E-002  -620.57472812444303     
   3.5996666666666663E-002  -727.76938247012458     
   3.6330000000000001E-002  -636.05065989688126     
   3.6663333333333332E-002  -379.59466510186724     
   3.6996666666666664E-002  -32.900947709437190     
   3.7329999999999995E-002   309.65379313921432     
   3.7663333333333333E-002   558.36398050645403     
   3.7996666666666665E-002   650.73708111309156     
   3.8329999999999996E-002   566.56291939482890     
   3.8663333333333334E-002   331.98493221424923     
   3.8996666666666666E-002   11.805004927347801     
   3.9329999999999997E-002  -307.84578657166566     
   3.9663333333333328E-002  -541.99511088654151     
   3.9996666666666666E-002  -628.77685844338953     
