   3.3333331843217230E-006  -61626.811614310267     
   3.2999999269843104E-004  -57791.759271707917     
   6.6333331858118379E-004  -46596.440027787219     
   9.9666664446393643E-004  -29396.936449766723     
   1.3299999703466892E-003  -8274.6866834193424     
   1.6633332962294419E-003   14218.132932466846     
   1.9966666221121949E-003   35370.485656172372     
   2.3299999479949474E-003   52643.216699851393     
   2.6633332738777004E-003   63977.987211167754     
   2.9966665997604534E-003   68046.477755211032     
   3.3299999256432059E-003   64409.371671654502     
   3.6633332515259584E-003   53565.816416351568     
   3.9966665774087114E-003   36887.613060311705     
   4.3299999032914644E-003   16446.618524506339     
   4.6633332291742165E-003  -5243.0018675215288     
   4.9966665550569694E-003  -25535.588682964357     
   5.3299998809397224E-003  -41979.336456059085     
   5.6633332068224754E-003  -52615.976377995132     
   5.9966665327052283E-003  -56217.906505986830     
   6.3299998585879804E-003  -52433.749020055999     
   6.6633331844707334E-003  -41824.748051932314     
   6.9966665103534864E-003  -25787.996288819901     
   7.3299998362362385E-003  -6376.5059819385115     
   7.6633331621189914E-003   13961.118829178537     
   7.9966664880017444E-003   32688.771330393858     
   8.3299998138844974E-003   47500.249073680905     
   8.6633331397672503E-003   56606.511602273909     
   8.9966664656500033E-003   58957.188714282311     
   9.3299997915327545E-003   54369.004738489370     
   9.6633331174155075E-003   43545.409312636031     
   9.9966664432982605E-003   27985.240595109761     
   1.0329999769181013E-002   9792.0120545783793     
   1.0663333095063766E-002  -8592.2936898080952     
   1.0996666420946519E-002  -24695.735182954792     
   1.1329999746829272E-002  -36328.858762566626     
   1.1663333072712025E-002  -41862.286277193169     
   1.1996666398594778E-002  -40435.009637925374     
   1.2329999724477530E-002  -32067.553575584068     
   1.2663333050360282E-002  -17665.925372111655     
   1.2996666376243035E-002   1084.2677455805806     
   1.3329999702125788E-002   21920.646605130434     
   1.3663333028008541E-002   42279.053768550868     
   1.3996666353891294E-002   59607.105655610409     
   1.4329999679774047E-002   71678.002278112835     
   1.4663333005656799E-002   76866.290972968054     
   1.4996666331539552E-002   74351.948692768914     
   1.5329999657422304E-002   64227.896184655663     
   1.5663332983305057E-002   47497.802070007703     
   1.5996666309187810E-002   25964.332451928909     
   1.6329999635070563E-002   2021.2297100050855     
   1.6663332960953316E-002  -21625.840323531396     
   1.6996666286836069E-002  -42276.238945774239     
   1.7329999612718822E-002  -57551.242135416076     
   1.7663332938601575E-002  -65673.151617125579     
   1.7996666264484328E-002  -65673.586968978139     
   1.8329999590367081E-002  -57506.514789867622     
   1.8663332916249831E-002  -42053.032857148246     
   1.8996666242132584E-002  -21017.854081828722     
   1.9329999568015337E-002   3269.7335168327318     
   1.9663332893898090E-002   28126.451133089035     
   1.9996666219780843E-002   50824.923059357636     
   2.0329999545663596E-002   68906.291141648253     
   2.0663332871546349E-002   80458.982104549810     
   2.0996666197429101E-002   84331.403556065110     
   2.1329999523311854E-002   80254.442568242579     
   2.1663332849194607E-002   68860.486738594365     
   2.1996666175077360E-002   51597.962668991167     
   2.2329999500960113E-002   30552.621756978951     
   2.2663332826842866E-002   8197.5560364844969     
   2.2996666152725619E-002  -12898.046569533753     
   2.3329999478608372E-002  -30366.999801089256     
   2.3663332804491125E-002  -42314.350572941687     
   2.3996666130373878E-002  -47528.772096843852     
   2.4329999456256628E-002  -45611.444386783434     
   2.4663332782139381E-002  -37008.684575711712     
   2.4996666108022134E-002  -22945.960047507819     
   2.5329999433904887E-002  -5272.3732358558664     
   2.5663332759787640E-002   13765.083523962403     
   2.5996666085670393E-002   31790.400719396916     
   2.6329999411553145E-002   46578.906748058595     
   2.6663332737435898E-002   56316.637960740496     
   2.6996666063318651E-002   59809.174338528152     
   2.7329999389201404E-002   56616.638262693603     
   2.7663332715084157E-002   47100.345055022219     
   2.7996666040966910E-002   32376.872806826221     
   2.8329999366849663E-002   14185.884802759963     
   2.8663332692732416E-002  -5312.3125324924549     
   2.8996666018615169E-002  -23785.828022441405     
   2.9329999344497919E-002  -38998.347422210194     
   2.9663332670380672E-002  -49064.299582156142     
   2.9996665996263425E-002  -52663.719798302795     
   3.0329999322146178E-002  -49193.390564513946     
   3.0663332648028931E-002  -38838.206588907386     
   3.0996665973911684E-002  -22555.684365267887     
   3.1329999299794437E-002  -1976.0944660887108     
   3.1663332625677193E-002   20770.217215795463     
   3.1996665951559942E-002   43279.104257150859     
   3.2329999277442692E-002   63127.848166176649     
   3.2663332603325448E-002   78132.009724734904     
   3.2996665929208198E-002   86576.830473216483     
   3.3329999255090954E-002   87399.204314873423     
   3.3663332580973704E-002   80301.760613485152     
   3.3996665906856460E-002   65787.905481024267     
   3.4329999232739210E-002   45114.951495213434     
   3.4663332558621966E-002   20170.851852138065     
   3.4996665884504716E-002  -6712.3102389524465     
   3.5329999210387472E-002  -32988.787001876837     
   3.5663332536270222E-002  -56150.219538154590     
   3.5996665862152978E-002  -73972.238112935840     
   3.6329999188035728E-002  -84732.388238152780     
   3.6663332513918484E-002  -87378.322437357652     
   3.6996665839801234E-002  -81630.326997041091     
   3.7329999165683983E-002  -68008.805785468430     
   3.7663332491566739E-002  -47784.660657211949     
   3.7996665817449489E-002  -22857.883858962887     
   3.8329999143332245E-002   4423.5751848265609     
   3.8663332469214995E-002   31487.096218001418     
   3.8996665795097751E-002   55779.460084684266     
   3.9329999120980501E-002   75008.570751872234     
   3.9663332446863257E-002   87360.076292851692     
   3.9996665772746007E-002   91668.608243239563     
