   3.3333331843217230E-006   22276.178637982732     
   3.2999999269843104E-004   22740.855833250735     
   6.6333331858118379E-004   25260.895514570169     
   9.9666664446393643E-004   28274.993355032926     
   1.3299999703466892E-003   29306.697114839266     
   1.6633332962294419E-003   25982.063111527867     
   1.9966666221121949E-003   17100.132212788671     
   2.3299999479949474E-003   3352.2875847226560     
   2.6633332738777004E-003  -12617.817831666038     
   2.9966665997604534E-003  -26885.863215199552     
   3.3299999256432059E-003  -35446.849775264462     
   3.6633332515259584E-003  -35531.859043059187     
   3.9966665774087114E-003  -26571.098945881626     
   4.3299999032914644E-003  -10449.846449310979     
   4.6633332291742165E-003   9044.7693095045615     
   4.9966665550569694E-003   27396.765141560667     
   5.3299998809397224E-003   40743.136404180790     
   5.6633332068224754E-003   46984.741786421087     
   5.9966665327052283E-003   46254.179397091691     
   6.3299998585879804E-003   40609.319239709017     
   6.6633331844707334E-003   33102.128618277056     
   6.9966665103534864E-003   26588.513635533833     
   7.3299998362362385E-003   22719.026291488495     
   7.6633331621189914E-003   21461.489062201152     
   7.9966664880017444E-003   21295.321964747771     
   8.3299998138844974E-003   19967.140580304684     
   8.6633331397672503E-003   15501.005081703795     
   8.9966664656500033E-003   7081.9407669800548     
   9.3299997915327545E-003  -4503.1907009602483     
   9.6633331174155075E-003  -17010.765629195812     
   9.9966664432982605E-003  -27403.651389546820     
   1.0329999769181013E-002  -32791.949940096900     
   1.0663333095063766E-002  -31332.131204998979     
   1.0996666420946519E-002  -22799.749961996789     
   1.1329999746829272E-002  -8675.5895883942922     
   1.1663333072712025E-002   8250.5291173730511     
   1.1996666398594778E-002   24608.000090828747     
   1.2329999724477530E-002   37272.642398722237     
   1.2663333050360282E-002   44058.346853879419     
   1.2996666376243035E-002   44107.824195107147     
   1.3329999702125788E-002   37924.967716737432     
   1.3663333028008541E-002   27119.052362228773     
   1.3996666353891294E-002   13860.022962816845     
   1.4329999679774047E-002   447.57498471168583     
   1.4663333005656799E-002  -10990.470667331856     
   1.4996666331539552E-002  -18793.901850056634     
   1.5329999657422304E-002  -21981.537364366221     
   1.5663332983305057E-002  -20358.053515924705     
   1.5996666309187810E-002  -14505.116878511402     
   1.6329999635070563E-002  -5657.8981325740569     
   1.6663332960953316E-002   4517.0180114866080     
   1.6996666286836069E-002   14210.572894406045     
   1.7329999612718822E-002   21782.021355403675     
   1.7663332938601575E-002   26039.480467850295     
   1.7996666264484328E-002   26440.129261646704     
   1.8329999590367081E-002   23172.047983052656     
   1.8663332916249831E-002   17100.539225329823     
   1.8996666242132584E-002   9587.6381130995651     
   1.9329999568015337E-002   2219.0183848281995     
   1.9663332893898090E-002  -3508.1119014865762     
   1.9996666219780843E-002  -6473.9237232556488     
   2.0329999545663596E-002  -6143.9966350254326     
   2.0663332871546349E-002  -2655.7106844205291     
   2.0996666197429101E-002   3232.0193144078057     
   2.1329999523311854E-002   10311.908756769795     
   2.1663332849194607E-002   17185.260148836020     
   2.1996666175077360E-002   22547.303175110686     
   2.2329999500960113E-002   25441.663553277747     
   2.2663332826842866E-002   25433.739623600031     
   2.2996666152725619E-002   22672.108663516257     
   2.3329999478608372E-002   17831.916543529191     
   2.3663332804491125E-002   11958.719546617132     
   2.3996666130373878E-002   6250.1010321649319     
   2.4329999456256628E-002   1821.9319410493072     
   2.4663332782139381E-002  -494.83599941775537     
   2.4996666108022134E-002  -291.18493439757231     
   2.5329999433904887E-002   2368.5457707232617     
   2.5663332759787640E-002   6982.1155095887916     
   2.5996666085670393E-002   12717.074451044971     
   2.6329999411553145E-002   18565.238066586280     
   2.6663332737435898E-002   23514.108843482310     
   2.6996666063318651E-002   26706.317164728531     
   2.7329999389201404E-002   27554.844214100853     
   2.7663332715084157E-002   25841.794238252642     
   2.7996666040966910E-002   21768.743061554669     
   2.8329999366849663E-002   15931.783510124911     
   2.8663332692732416E-002   9224.9117611457368     
   2.8996666018615169E-002   2684.9365216151673     
   2.9329999344497919E-002  -2695.5408506911381     
   2.9663332670380672E-002  -6151.4088487729086     
   2.9996665996263425E-002  -7286.9205833390679     
   3.0329999322146178E-002  -6145.0158209696292     
   3.0663332648028931E-002  -3187.3543582526399     
   3.0996665973911684E-002   812.19153611994625     
   3.1329999299794437E-002   4937.7494032616596     
   3.1663332625677193E-002   8326.9225116481684     
   3.1996665951559942E-002   10346.327961092373     
   3.2329999277442692E-002   10706.419394370525     
   3.2663332603325448E-002   9489.8883049544402     
   3.2996665929208198E-002   7090.1318712944758     
   3.3329999255090954E-002   4079.8258769484564     
   3.3663332580973704E-002   1048.0249905834407     
   3.3996665906856460E-002  -1548.0006536631709     
   3.4329999232739210E-002  -3475.4318168323343     
   3.4663332558621966E-002  -4739.8270878176863     
   3.4996665884504716E-002  -5521.7538937184572     
   3.5329999210387472E-002  -6062.0131917241679     
   3.5663332536270222E-002  -6537.7810371032938     
   3.5996665862152978E-002  -6974.7333853595037     
   3.6329999188035728E-002  -7227.7127066623916     
   3.6663332513918484E-002  -7038.1677319391547     
   3.6996665839801234E-002  -6148.1783007417889     
   3.7329999165683983E-002  -4428.1667608924527     
   3.7663332491566739E-002  -1967.0836314018825     
   3.7996665817449489E-002   915.67129944032422     
   3.8329999143332245E-002   3750.0579221609796     
   3.8663332469214995E-002   6064.7847673598617     
   3.8996665795097751E-002   7552.8781204615098     
   3.9329999120980501E-002   8186.0075753383699     
   3.9663332446863257E-002   8221.5556726957584     
   3.9996665772746007E-002   8082.9381348266725     
