   3.3333331843217230E-006   9664.5026387193866     
   3.2999999269843104E-004   9619.1348016377888     
   6.6333331858118379E-004   9482.0758332923670     
   9.9666664446393643E-004   9256.0255126161064     
   1.3299999703466892E-003   8945.4412905459449     
   1.6633332962294419E-003   8556.4574986172302     
   1.9966666221121949E-003   8096.7741168585944     
   2.3299999479949474E-003   7575.5170712300715     
   2.6633332738777004E-003   7003.0725358734144     
   2.9966665997604534E-003   6390.8981771469425     
   3.3299999256432059E-003   5751.3146867046753     
   3.6633332515259584E-003   5097.2813025503292     
   3.9966665774087114E-003   4442.1593038694427     
   4.3299999032914644E-003   3799.4676824604589     
   4.6633332291742165E-003   3182.6353369066551     
   4.9966665550569694E-003   2604.7542026937913     
   5.3299998809397224E-003   2078.3377210493727     
   5.6633332068224754E-003   1615.0889614720199     
   5.9966665327052283E-003   1225.6825491951049     
   6.3299998585879804E-003   919.56431197172788     
   6.6633331844707334E-003   704.77225463739887     
   6.9966665103534864E-003   587.78210016802041     
   7.3299998362362385E-003   573.38020878473435     
   7.6633331621189914E-003   664.56620944994302     
   7.9966664880017444E-003   862.48715911587806     
   8.3299998138844974E-003   1166.4044933286741     
   8.6633331397672503E-003   1573.6944568389872     
   8.9966664656500033E-003   2079.8821147210028     
   9.3299997915327545E-003   2678.7084533941515     
   9.6633331174155075E-003   3362.2294971800602     
   9.9966664432982605E-003   4120.9457998016669     
   1.0329999769181013E-002   4943.9601314429819     
   1.0663333095063766E-002   5819.1606800757354     
   1.0996666420946519E-002   6733.4266295359121     
   1.1329999746829272E-002   7672.8525743344471     
   1.1663333072712025E-002   8622.9878895256661     
   1.1996666398594778E-002   9569.0868992077940     
   1.2329999724477530E-002   10496.365484312984     
   1.2663333050360282E-002   11390.259642945344     
   1.2996666376243035E-002   12236.681467028040     
   1.3329999702125788E-002   13022.268028462157     
   1.3663333028008541E-002   13734.618776054267     
   1.3996666353891294E-002   14362.517229447018     
   1.4329999679774047E-002   14896.133015165453     
   1.4663333005656799E-002   15327.200618362376     
   1.4996666331539552E-002   15649.171616389940     
   1.5329999657422304E-002   15857.337610302142     
   1.5663332983305057E-002   15948.921570159582     
   1.5996666309187810E-002   15923.135851041618     
   1.6329999635070563E-002   15781.205709720274     
   1.6663332960953316E-002   15526.357747189604     
   1.6996666286836069E-002   15163.773309444783     
   1.7329999612718822E-002   14700.507487608360     
   1.7663332938601575E-002   14145.374958199231     
   1.7996666264484328E-002   13508.804484656917     
   1.8329999590367081E-002   12802.664452102990     
   1.8663332916249831E-002   12040.062319160923     
   1.8996666242132584E-002   11235.121334531868     
   1.9329999568015337E-002   10402.738273808214     
   1.9663332893898090E-002   9558.3262965151735     
   1.9996666219780843E-002   8717.5472984904991     
   2.0329999545663596E-002   7896.0383355070626     
   2.0663332871546349E-002   7109.1368168417057     
   2.0996666197429101E-002   6371.6092099541111     
   2.1329999523311854E-002   5697.3879585928426     
   2.1663332849194607E-002   5099.3211969136428     
   2.1996666175077360E-002   4588.9396433883630     
   2.2329999500960113E-002   4176.2447835688163     
   2.2663332826842866E-002   3869.5221046250790     
   2.2996666152725619E-002   3675.1827327106857     
   2.3329999478608372E-002   3597.6363534647398     
   2.3663332804491125E-002   3639.1977742131867     
   2.3996666130373878E-002   3800.0289224385324     
   2.4329999456256628E-002   4078.1174783519327     
   2.4663332782139381E-002   4469.2927200084696     
   2.4996666108022134E-002   4967.2785278502924     
   2.5329999433904887E-002   5563.7828625702796     
   2.5663332759787640E-002   6248.6224065379492     
   2.5996666085670393E-002   7009.8804553621712     
   2.6329999411553145E-002   7834.0955728082536     
   2.6663332737435898E-002   8706.4779890760819     
   2.6996666063318651E-002   9611.1502385536496     
   2.7329999389201404E-002   10531.408106943822     
   2.7663332715084157E-002   11449.997596514491     
   2.7996666040966910E-002   12349.403328449212     
   2.8329999366849663E-002   13212.143587982575     
   2.8663332692732416E-002   14021.067085011777     
   2.8996666018615169E-002   14759.646452647477     
   2.9329999344497919E-002   15412.263539769825     
   2.9663332670380672E-002   15964.481670736708     
   2.9996665996263425E-002   16403.300244183298     
   3.0329999322146178E-002   16717.387320200032     
   3.0663332648028931E-002   16897.286196588866     
   3.0996665973911684E-002   16935.592394622734     
   3.1329999299794437E-002   16827.097955851146     
   3.1663332625677193E-002   16568.900486036837     
   3.1996665951559942E-002   16160.474961387386     
   3.2329999277442692E-002   15603.706926207858     
   3.2663332603325448E-002   14902.886349686847     
   3.2996665929208198E-002   14064.662062045809     
   3.3329999255090954E-002   13097.957345788293     
   3.3663332580973704E-002   12013.847905269944     
   3.3996665906856460E-002   10825.404066380077     
   3.4329999232739210E-002   9547.4996571948450     
   3.4663332558621966E-002   8196.5905799226057     
   3.4996665884504716E-002   6790.4665948660022     
   3.5329999210387472E-002   5347.9802898321886     
   3.5663332536270222E-002   3888.7575957613162     
   3.5996665862152978E-002   2432.8945247247630     
   3.6329999188035728E-002   1000.6450444952043     
   3.6663332513918484E-002  -387.89483948205225     
   3.6996665839801234E-002  -1713.1016513920815     
   3.7329999165683983E-002  -2956.1325312575564     
   3.7663332491566739E-002  -4099.2218079438226     
   3.7996665817449489E-002  -5125.9612088746235     
   3.8329999143332245E-002  -6021.5591191676513     
   3.8663332469214995E-002  -6773.0746421434897     
   3.8996665795097751E-002  -7369.6226232378922     
   3.9329999120980501E-002  -7802.5462734408839     
   3.9663332446863257E-002  -8065.5545586125754     
   3.9996665772746007E-002  -8154.8220985467806     
