   3.3333331843217230E-006  -213797.80880866054     
   3.2999999269843104E-004  -201075.93161871698     
   6.6333331858118379E-004  -163875.88247448517     
   9.9666664446393643E-004  -106523.63404857702     
   1.3299999703466892E-003  -35686.462725913625     
   1.6633332962294419E-003   40405.139636501430     
   1.9966666221121949E-003   112917.43882940651     
   2.3299999479949474E-003   173442.83675491891     
   2.6633332738777004E-003   214978.07950554654     
   2.9966665997604534E-003   232736.77506251517     
   3.3299999256432059E-003   224701.20021802129     
   3.6633332515259584E-003   191849.03358121112     
   3.9966665774087114E-003   138028.86921461090     
   4.3299999032914644E-003   69499.656330859434     
   4.6633332291742165E-003  -5811.2769912672284     
   4.9966665550569694E-003  -79243.870842677687     
   5.3299998809397224E-003  -142424.14063962700     
   5.6633332068224754E-003  -188245.87812151614     
   5.9966665327052283E-003  -211699.39582807862     
   6.3299998585879804E-003  -210449.54896191560     
   6.6633331844707334E-003  -185094.90906360070     
   6.9966665103534864E-003  -139077.68466535953     
   7.3299998362362385E-003  -78255.350584731103     
   7.6633331621189914E-003  -10185.085800867126     
   7.9966664880017444E-003   56793.711748388567     
   8.3299998138844974E-003   114569.41812467419     
   8.6633331397672503E-003   156240.02608608815     
   8.9966664656500033E-003   176949.21251160686     
   9.3299997915327545E-003   174476.00757891737     
   9.6633331174155075E-003   149506.45882315747     
   9.9966664432982605E-003   105553.33343190042     
   1.0329999769181013E-002   48531.773038525760     
   1.0663333095063766E-002  -13960.025698204627     
   1.0996666420946519E-002  -73570.458373029192     
   1.1329999746829272E-002  -122224.09666994837     
   1.1663333072712025E-002  -153128.00876704339     
   1.1996666398594778E-002  -161633.34633227804     
   1.2329999724477530E-002  -145846.89645972423     
   1.2663333050360282E-002  -106916.10175220767     
   1.2996666376243035E-002  -48949.190739530663     
   1.3329999702125788E-002   21424.891293993132     
   1.3663333028008541E-002   95809.140648988425     
   1.3996666353891294E-002   165018.40070994629     
   1.4329999679774047E-002   220173.12264903565     
   1.4663333005656799E-002   253778.61490874924     
   1.4996666331539552E-002   260661.40500035702     
   1.5329999657422304E-002   238649.44275810596     
   1.5663332983305057E-002   188911.47727589152     
   1.5996666309187810E-002   115909.82748815200     
   1.6329999635070563E-002   26965.493243125355     
   1.6663332960953316E-002  -68520.049919643556     
   1.6996666286836069E-002  -160101.26029904184     
   1.7329999612718822E-002  -237466.69886347197     
   1.7663332938601575E-002  -291624.37014406483     
   1.7996666264484328E-002  -315956.95210970065     
   1.8329999590367081E-002  -307022.86311015883     
   1.8663332916249831E-002  -265006.90614917770     
   1.8996666242132584E-002  -193763.51349079030     
   1.9329999568015337E-002  -100441.95411156522     
   1.9663332893898090E-002   5269.0323854206508     
   1.9996666219780843E-002   112195.39968131605     
   2.0329999545663596E-002   208913.62313900943     
   2.0663332871546349E-002   285028.83522811387     
   2.0996666197429101E-002   332349.52028527821     
   2.1329999523311854E-002   345823.36095334776     
   2.1663332849194607E-002   324124.87169257208     
   2.1996666175077360E-002   269824.35145281832     
   2.2329999500960113E-002   189115.07913634001     
   2.2663332826842866E-002   91126.183050402295     
   2.2996666152725619E-002  -13103.548569600232     
   2.3329999478608372E-002  -111876.01797925444     
   2.3663332804491125E-002  -194166.64466260927     
   2.3996666130373878E-002  -250887.24473254045     
   2.4329999456256628E-002  -275933.23403549410     
   2.4663332782139381E-002  -266892.94791797618     
   2.4996666108022134E-002  -225334.67279194068     
   2.5329999433904887E-002  -156634.85526988324     
   2.5663332759787640E-002  -69363.486162230387     
   2.5996666085670393E-002   25706.143995727543     
   2.6329999411553145E-002   116852.14992674996     
   2.6663332737435898E-002   192780.42760593398     
   2.6996666063318651E-002   243964.39329574551     
   2.7329999389201404E-002   263792.30484209652     
   2.7663332715084157E-002   249386.85042200715     
   2.7996666040966910E-002   201997.93204446795     
   2.8329999366849663E-002   126917.59972007248     
   2.8663332692732416E-002   32920.530173393126     
   2.8996666018615169E-002  -68711.871752213527     
   2.9329999344497919E-002  -165476.99273641314     
   2.9663332670380672E-002  -245102.35292490080     
   2.9996665996263425E-002  -296997.92357007822     
   3.0329999322146178E-002  -313542.10090898769     
   3.0663332648028931E-002  -291050.61073911603     
   3.0996665973911684E-002  -230311.60700628598     
   3.1329999299794437E-002  -136617.94625119341     
   3.1663332625677193E-002  -19283.807248751313     
   3.1996665951559942E-002   109308.79241063992     
   3.2329999277442692E-002   235034.03934280726     
   3.2663332603325448E-002   343573.93723536923     
   3.2996665929208198E-002   422026.62304797384     
   3.3329999255090954E-002   460391.52927873412     
   3.3663332580973704E-002   452762.65032825514     
   3.3996665906856460E-002   398091.36109271558     
   3.4329999232739210E-002   300426.31597596564     
   3.4663332558621966E-002   168594.92913271103     
   3.4996665884504716E-002   15352.539356925598     
   3.5329999210387472E-002  -143915.23888250519     
   3.5663332536270222E-002  -292800.92758627870     
   3.5996665862152978E-002  -415622.31853469205     
   3.6329999188035728E-002  -499118.98071586306     
   3.6663332513918484E-002  -533912.25262591243     
   3.6996665839801234E-002  -515566.83104433899     
   3.7329999165683983E-002  -445134.10697105509     
   3.7663332491566739E-002  -329112.95364357217     
   3.7996665817449489E-002  -178826.69298820829     
   3.8329999143332245E-002  -9278.5483817248860     
   3.8663332469214995E-002   162394.96896903776     
   3.8996665795097751E-002   318708.91521514487     
   3.9329999120980501E-002   443662.50383639673     
   3.9663332446863257E-002   524422.93304184300     
   3.9996665772746007E-002   552679.37494214636     
