   3.3333331843217230E-006   1731518.2762167531     
   3.2999999269843104E-004   1493498.4017165310     
   6.6333331858118379E-004   888506.31485070731     
   9.9666664446393643E-004   77131.549366802894     
   1.3299999703466892E-003  -739550.97095766419     
   1.6633332962294419E-003  -1370431.9518992342     
   1.9966666221121949E-003  -1677775.1796730792     
   2.3299999479949474E-003  -1603307.7922980734     
   2.6633332738777004E-003  -1173431.2632489991     
   2.9966665997604534E-003  -485933.01683038287     
   3.3299999256432059E-003   315526.73031672311     
   3.6633332515259584E-003   1071726.5939373684     
   3.9966665774087114E-003   1636726.7726436679     
   4.3299999032914644E-003   1901296.5941151225     
   4.6633332291742165E-003   1809201.3722042826     
   4.9966665550569694E-003   1365900.7953994293     
   5.3299998809397224E-003   639401.05437802710     
   5.6633332068224754E-003  -247380.63869576933     
   5.9966665327052283E-003  -1133476.3335196148     
   6.3299998585879804E-003  -1845744.7318123435     
   6.6633331844707334E-003  -2231353.7142554186     
   6.9966665103534864E-003  -2191530.8568018288     
   7.3299998362362385E-003  -1708790.9725113935     
   7.6633331621189914E-003  -859270.95211770607     
   7.9966664880017444E-003   195932.86982051306     
   8.3299998138844974E-003   1241472.9999039196     
   8.6633331397672503E-003   2055001.7857481109     
   8.9966664656500033E-003   2459632.7373852157     
   9.3299997915327545E-003   2367483.5851768171     
   9.6633331174155075E-003   1801815.6037479118     
   9.9966664432982605E-003   891152.97224754118     
   1.0329999769181013E-002  -163017.96586074476     
   1.0663333095063766E-002  -1135653.9554373671     
   1.0996666420946519E-002  -1830797.7804002585     
   1.1329999746829272E-002  -2123611.1949912007     
   1.1663333072712025E-002  -1982182.1697170581     
   1.1996666398594778E-002  -1466086.8075333526     
   1.2329999724477530E-002  -705178.69835806289     
   1.2663333050360282E-002   133587.06739055179     
   1.2996666376243035E-002   882230.48288855958     
   1.3329999702125788E-002   1403117.0244236877     
   1.3663333028008541E-002   1610949.5934242327     
   1.3996666353891294E-002   1483691.5959977519     
   1.4329999679774047E-002   1062772.5526868198     
   1.4663333005656799E-002   443804.26636793709     
   1.4996666331539552E-002  -240790.82710300887     
   1.5329999657422304E-002  -845600.23947013088     
   1.5663332983305057E-002  -1239971.3760504248     
   1.5996666309187810E-002  -1335630.9039649959     
   1.6329999635070563E-002  -1108552.2431273297     
   1.6663332960953316E-002  -608910.24722752604     
   1.6996666286836069E-002   45619.306302059733     
   1.7329999612718822E-002   694310.49503190769     
   1.7663332938601575E-002   1171543.3159777080     
   1.7996666264484328E-002   1349637.4572014653     
   1.8329999590367081E-002   1174508.8884526351     
   1.8663332916249831E-002   683118.14048262418     
   1.8996666242132584E-002  -3612.8666733873251     
   1.9329999568015337E-002  -711458.53763724689     
   1.9663332893898090E-002  -1258775.1153709278     
   1.9996666219780843E-002  -1504427.9834411859     
   2.0329999545663596E-002  -1384047.8296242787     
   2.0663332871546349E-002  -924818.06357830588     
   2.0996666197429101E-002  -235824.78901052382     
   2.1329999523311854E-002   521763.70281811681     
   2.1663332849194607E-002   1175213.3945668717     
   2.1996666175077360E-002   1580216.9389999905     
   2.2329999500960113E-002   1650876.5226724993     
   2.2663332826842866E-002   1374222.5024280101     
   2.2996666152725619E-002   808415.74602279149     
   2.3329999478608372E-002   67448.100594239193     
   2.3663332804491125E-002  -702887.02911452146     
   2.3996666130373878E-002  -1352661.9081817237     
   2.4329999456256628E-002  -1754696.1668590615     
   2.4663332782139381E-002  -1827120.2267717128     
   2.4996666108022134E-002  -1548732.6658254981     
   2.5329999433904887E-002  -964691.11586318223     
   2.5663332759787640E-002  -180716.42400839785     
   2.5996666085670393E-002   654647.79244449188     
   2.6329999411553145E-002   1377897.4615031579     
   2.6663332737435898E-002   1843911.9195446020     
   2.6996666063318651E-002   1957720.4840319767     
   2.7329999389201404E-002   1696759.4010643021     
   2.7663332715084157E-002   1117169.8341297409     
   2.7996666040966910E-002   341511.25519571675     
   2.8329999366849663E-002  -469585.46250861022     
   2.8663332692732416E-002  -1154543.4920680029     
   2.8996666018615169E-002  -1586843.6161809023     
   2.9329999344497919E-002  -1700539.0375243586     
   2.9663332670380672E-002  -1499409.6467671408     
   2.9996665996263425E-002  -1049010.8429007595     
   3.0329999322146178E-002  -455741.53883771435     
   3.0663332648028931E-002   159971.66713718092     
   3.0996665973911684E-002   688947.51180991950     
   3.1329999299794437E-002   1051524.1138884677     
   3.1663332625677193E-002   1206515.9055376526     
   3.1996665951559942E-002   1151506.5461269836     
   3.2329999277442692E-002   916969.04619026079     
   3.2663332603325448E-002   557115.79225855088     
   3.2996665929208198E-002   139707.41148586071     
   3.3329999255090954E-002  -264022.81129303132     
   3.3663332580973704E-002  -588976.24343631684     
   3.3996665906856460E-002  -785142.66373469075     
   3.4329999232739210E-002  -825281.34083303402     
   3.4663332558621966E-002  -710044.31519572018     
   3.4996665884504716E-002  -468872.11568692903     
   3.5329999210387472E-002  -155313.72941738355     
   3.5663332536270222E-002   163413.15693161543     
   3.5996665862152978E-002   421052.52793302597     
   3.6329999188035728E-002   567820.92740903364     
   3.6663332513918484E-002   582511.68039998901     
   3.6996665839801234E-002   477290.89622343006     
   3.7329999165683983E-002   293174.68548247137     
   3.7663332491566739E-002   87097.757784752874     
   3.7996665817449489E-002  -85568.509496913757     
   3.8329999143332245E-002  -187387.31117844605     
   3.8663332469214995E-002  -208637.67088240653     
   3.8996665795097751E-002  -167281.29614787069     
   3.9329999120980501E-002  -99436.011103600496     
   3.9663332446863257E-002  -44140.756107506808     
   3.9996665772746007E-002  -28196.204341575503     
