   3.3333331843217230E-006  -936221.14034561696     
   3.2999999269843104E-004  -817137.47736437595     
   6.6333331858118379E-004  -509500.43930043152     
   9.9666664446393643E-004  -89066.209228982974     
   1.3299999703466892E-003   347137.91651712358     
   1.6633332962294419E-003   703697.53454816504     
   1.9966666221121949E-003   907334.58151615586     
   2.3299999479949474E-003   920444.75505501125     
   2.6633332738777004E-003   745707.84238535201     
   2.9966665997604534E-003   422262.37231953721     
   3.3299999256432059E-003   15638.431161763176     
   3.6633332515259584E-003  -395676.03180906177     
   3.9966665774087114E-003  -734356.97750272951     
   4.3299999032914644E-003  -937037.20789961051     
   4.6633332291742165E-003  -964432.31301884819     
   4.9966665550569694E-003  -807882.04996133281     
   5.3299998809397224E-003  -491543.96847111935     
   5.6633332068224754E-003  -69584.052982262743     
   5.9966665327052283E-003   381929.90360862669     
   6.3299998585879804E-003   777921.78248428740     
   6.6633331844707334E-003   1040291.2526350580     
   6.9966665103534864E-003   1114071.5622910759     
   7.3299998362362385E-003   980105.86874708277     
   7.6633331621189914E-003   660799.10513438936     
   7.9966664880017444E-003   216844.26022360486     
   8.3299998138844974E-003  -264957.94702300779     
   8.6633331397672503E-003  -690214.11809102970     
   8.9966664656500033E-003  -977347.82208147342     
   9.3299997915327545E-003  -1074848.5980716501     
   9.6633331174155075E-003  -971184.72527622292     
   9.9966664432982605E-003  -695287.79779185192     
   1.0329999769181013E-002  -308098.17086566961     
   1.0663333095063766E-002   112100.00908088323     
   1.0996666420946519E-002   486578.58010361472     
   1.1329999746829272E-002   751316.81120885652     
   1.1663333072712025E-002   867459.73919449723     
   1.1996666398594778E-002   825726.24413727666     
   1.2329999724477530E-002   644974.86576134048     
   1.2663333050360282E-002   366244.84543347714     
   1.2996666376243035E-002   44069.049359934870     
   1.3329999702125788E-002  -263211.93804980797     
   1.3663333028008541E-002  -502772.55536694382     
   1.3996666353891294E-002  -635294.41640436265     
   1.4329999679774047E-002  -640904.18225139240     
   1.4663333005656799E-002  -522405.79843311163     
   1.4996666331539552E-002  -305182.76065089786     
   1.5329999657422304E-002  -33324.461927988625     
   1.5663332983305057E-002   237983.55013438209     
   1.5996666309187810E-002   452960.37095052761     
   1.6329999635070563E-002   566833.86980029824     
   1.6663332960953316E-002   556021.24065174744     
   1.6996666286836069E-002   424201.67631034122     
   1.7329999612718822E-002   202266.24418175101     
   1.7663332938601575E-002  -58411.396801284282     
   1.7996666264484328E-002  -298062.53056006599     
   1.8329999590367081E-002  -462961.61550214235     
   1.8663332916249831E-002  -518338.87424061686     
   1.8996666242132584E-002  -456222.33609158883     
   1.9329999568015337E-002  -296148.55217214610     
   1.9663332893898090E-002  -78829.432748988736     
   1.9996666219780843E-002   145073.11495049996     
   2.0329999545663596E-002   327641.13764735876     
   2.0663332871546349E-002   434346.36434320832     
   2.0996666197429101E-002   450143.69608596462     
   2.1329999523311854E-002   380158.24881878961     
   2.1663332849194607E-002   245755.22749927157     
   2.1996666175077360E-002   77871.016675545950     
   2.2329999500960113E-002  -90237.853707875067     
   2.2663332826842866E-002  -229118.22965591357     
   2.2996666152725619E-002  -317245.15930074814     
   2.3329999478608372E-002  -343099.68859096093     
   2.3663332804491125E-002  -305650.68514420692     
   2.3996666130373878E-002  -213762.50800092699     
   2.4329999456256628E-002  -84798.133096654259     
   2.4663332782139381E-002   57645.491129576694     
   2.4996666108022134E-002   187086.53982214557     
   2.5329999433904887E-002   278623.65950756177     
   2.5663332759787640E-002   314046.17187123606     
   2.5996666085670393E-002   286503.84026152029     
   2.6329999411553145E-002   203250.46445499768     
   2.6663332737435898E-002   85093.679962925380     
   2.6996666063318651E-002  -38049.574280369503     
   2.7329999389201404E-002  -134829.36997864250     
   2.7663332715084157E-002  -181382.24184818665     
   2.7996666040966910E-002  -168685.45128694345     
   2.8329999366849663E-002  -105684.66817759548     
   2.8663332692732416E-002  -16754.486579981691     
   2.8996666018615169E-002   66013.350562113803     
   2.9329999344497919E-002   113274.17169971979     
   2.9663332670380672E-002   108108.05509786872     
   2.9996665996263425E-002   51562.325328527462     
   3.0329999322146178E-002  -37826.001329147955     
   3.0663332648028931E-002  -130251.92627870198     
   3.0996665973911684E-002  -194336.36395924541     
   3.1329999299794437E-002  -206950.94060913287     
   3.1663332625677193E-002  -160029.16456334721     
   3.1996665951559942E-002  -62489.039848075598     
   3.2329999277442692E-002   62853.817319930517     
   3.2663332603325448E-002   185955.91850217740     
   3.2996665929208198E-002   277530.11552887544     
   3.3329999255090954E-002   316085.38719580084     
   3.3663332580973704E-002   292431.53542337631     
   3.3996665906856460E-002   211006.69534613573     
   3.4329999232739210E-002   88243.036724979262     
   3.4663332558621966E-002  -51269.769951160968     
   3.4996665884504716E-002  -179862.61260955004     
   3.5329999210387472E-002  -272175.98951984924     
   3.5663332536270222E-002  -310038.92717692070     
   3.5996665862152978E-002  -286108.48702503805     
   3.6329999188035728E-002  -205619.86970230506     
   3.6663332513918484E-002  -85751.382039334290     
   3.6996665839801234E-002   47563.031533472480     
   3.7329999165683983E-002   165012.26861065556     
   3.7663332491566739E-002   240486.94768883998     
   3.7996665817449489E-002   257351.32948617882     
   3.8329999143332245E-002   212740.44112822693     
   3.8663332469214995E-002   118566.37937975203     
   3.8996665795097751E-002  -1247.4263252695200     
   3.9329999120980501E-002  -116703.42293471689     
   3.9663332446863257E-002  -199275.32798839756     
   3.9996665772746007E-002  -229003.99007349520     
