   3.3333331843217230E-006   29555.117805944912     
   3.2999999269843104E-004   27984.885337564654     
   6.6333331858118379E-004   22721.482293335488     
   9.9666664446393643E-004   15131.740361334065     
   1.3299999703466892E-003   7361.6372215202518     
   1.6633332962294419E-003   1619.1779259027144     
   1.9966666221121949E-003  -589.59147481243053     
   2.3299999479949474E-003   1001.9593204226694     
   2.6633332738777004E-003   5318.4996374509756     
   2.9966665997604534E-003   10326.398569450397     
   3.3299999256432059E-003   13772.511649016036     
   3.6633332515259584E-003   14009.846344583822     
   3.9966665774087114E-003   10604.465196658482     
   4.3299999032914644E-003   4496.7262147516958     
   4.6633332291742165E-003  -2344.2066289597751     
   4.9966665550569694E-003  -7644.1046579648937     
   5.3299998809397224E-003  -9656.6836328092722     
   5.6633332068224754E-003  -7798.8289336544804     
   5.9966665327052283E-003  -2858.5844065832844     
   6.3299998585879804E-003   3291.8034187021558     
   6.6633331844707334E-003   8362.6698271354471     
   6.9966665103534864E-003   10443.830783115172     
   7.3299998362362385E-003   8644.1047671122615     
   7.6633331621189914E-003   3355.0373003671521     
   7.9966664880017444E-003  -3934.3177655156578     
   8.3299998138844974E-003  -11180.826292676382     
   8.6633331397672503E-003  -16476.919245912432     
   8.9966664656500033E-003  -18637.397375395165     
   9.3299997915327545E-003  -17489.126293009565     
   9.6633331174155075E-003  -13789.368237703202     
   9.9966664432982605E-003  -8835.3665307053288     
   1.0329999769181013E-002  -3931.0455602468874     
   1.0663333095063766E-002   87.596713807040942     
   1.0996666420946519E-002   3105.1964567534360     
   1.1329999746829272E-002   5686.5957021999311     
   1.1663333072712025E-002   8780.2411073824042     
   1.1996666398594778E-002   13287.669157164331     
   1.2329999724477530E-002   19656.856832298734     
   1.2663333050360282E-002   27636.294800324707     
   1.2996666376243035E-002   36262.634577083321     
   1.3329999702125788E-002   44073.884995186032     
   1.3663333028008541E-002   49469.454474362166     
   1.3996666353891294E-002   51186.728188199733     
   1.4329999679774047E-002   48527.667633750476     
   1.4663333005656799E-002   41439.278719504837     
   1.4996666331539552E-002   30527.700890039338     
   1.5329999657422304E-002   16969.695900068993     
   1.5663332983305057E-002   2342.6738172272089     
   1.5996666309187810E-002  -11597.521015881786     
   1.6329999635070563E-002  -23158.154283935095     
   1.6663332960953316E-002  -30937.814637464311     
   1.6996666286836069E-002  -34012.244793529520     
   1.7329999612718822E-002  -32055.099061716057     
   1.7663332938601575E-002  -25379.378204734596     
   1.7996666264484328E-002  -14895.065971611355     
   1.8329999590367081E-002  -1988.7163251659586     
   1.8663332916249831E-002   11659.588818910044     
   1.8996666242132584E-002   24298.447885974245     
   1.9329999568015337E-002   34337.660758720362     
   1.9663332893898090E-002   40560.299724210214     
   1.9996666219780843E-002   42285.601102030996     
   2.0329999545663596E-002   39459.895769855822     
   2.0663332871546349E-002   32662.068822879755     
   2.0996666197429101E-002   23021.513629799800     
   2.1329999523311854E-002   12058.693447769858     
   2.1663332849194607E-002   1469.5155752711125     
   2.1996666175077360E-002  -7116.9056731444271     
   2.2329999500960113E-002  -12373.197814913505     
   2.2663332826842866E-002  -13467.976241835706     
   2.2996666152725619E-002  -10191.310477961426     
   2.3329999478608372E-002  -2992.8240822055450     
   2.3663332804491125E-002   7073.8664663954332     
   2.3996666130373878E-002   18493.371782666396     
   2.4329999456256628E-002   29498.064010792215     
   2.4663332782139381E-002   38316.004706674801     
   2.4996666108022134E-002   43422.914254515832     
   2.5329999433904887E-002   43763.285322585871     
   2.5663332759787640E-002   38910.084465222928     
   2.5996666085670393E-002   29141.003777504706     
   2.6329999411553145E-002   15420.632982550484     
   2.6663332737435898E-002  -709.41766858381743     
   2.6996666063318651E-002  -17303.195046673016     
   2.7329999389201404E-002  -32261.526334056951     
   2.7663332715084157E-002  -43629.698115388470     
   2.7996666040966910E-002  -49851.368062992253     
   2.8329999366849663E-002  -49979.344824067419     
   2.8663332692732416E-002  -43798.940200235418     
   2.8996666018615169E-002  -31845.312417035482     
   2.9329999344497919E-002  -15314.570768915415     
   2.9663332670380672E-002   4113.0929416394283     
   2.9996665996263425E-002   24505.210425892066     
   3.0329999322146178E-002   43922.860823529176     
   3.0663332648028931E-002   60640.250198851987     
   3.0996665973911684E-002   73306.662299016723     
   3.1329999299794437E-002   81034.211937521031     
   3.1663332625677193E-002   83411.863329211541     
   3.1996665951559942E-002   80461.187920817785     
   3.2329999277442692E-002   72558.688826923943     
   3.2663332603325448E-002   60351.151158062712     
   3.2996665929208198E-002   44684.494615679570     
   3.3329999255090954E-002   26555.273435618452     
   3.3663332580973704E-002   7081.0904123542332     
   3.3996665906856460E-002  -12523.997836776498     
   3.4329999232739210E-002  -30987.110839852685     
   3.4663332558621966E-002  -47041.767485691162     
   3.4996665884504716E-002  -59525.176648348192     
   3.5329999210387472E-002  -67498.563264062977     
   3.5663332536270222E-002  -70369.072697071999     
   3.5996665862152978E-002  -67984.866274062035     
   3.6329999188035728E-002  -60676.458377287854     
   3.6663332513918484E-002  -49227.442168679037     
   3.6996665839801234E-002  -34773.966412114052     
   3.7329999165683983E-002  -18649.964535052604     
   3.7663332491566739E-002  -2208.7967852721076     
   3.7996665817449489E-002   13342.677683258025     
   3.8329999143332245E-002   27066.248505301046     
   3.8663332469214995E-002   38352.460475187676     
   3.8996665795097751E-002   46917.441069900080     
   3.9329999120980501E-002   52750.315086239396     
   3.9663332446863257E-002   56033.189528966133     
   3.9996665772746007E-002   57054.577583850376     
