   3.3333331843217230E-006   7055.6077510712894     
   3.2999999269843104E-004   6967.1594981792650     
   6.6333331858118379E-004   6706.1403203054988     
   9.9666664446393643E-004   6286.4888692128588     
   1.3299999703466892E-003   5731.2676360659716     
   1.6633332962294419E-003   5071.2594450823908     
   1.9966666221121949E-003   4342.8886359147818     
   2.3299999479949474E-003   3585.6415974099223     
   2.6633332738777004E-003   2839.2088493072533     
   2.9966665997604534E-003   2140.6477257582796     
   3.3299999256432059E-003   1521.9118440998359     
   3.6633332515259584E-003   1008.0851606132255     
   3.9966665774087114E-003   616.57439851802883     
   4.3299999032914644E-003   357.35078883088318     
   4.6633332291742165E-003   234.11384412421830     
   4.9966665550569694E-003   246.02884302724124     
   5.3299998809397224E-003   389.53761366427716     
   5.6633332068224754E-003   659.72674004890087     
   5.9966665327052283E-003   1050.8910839635655     
   6.3299998585879804E-003   1556.2253308716622     
   6.6633331844707334E-003   2166.9183468547662     
   6.9966665103534864E-003   2871.1813963181830     
   7.3299998362362385E-003   3653.7928933065268     
   7.6633331621189914E-003   4496.5445826379855     
   7.9966664880017444E-003   5379.5911933878178     
   8.3299998138844974E-003   6283.2962979738531     
   8.6633331397672503E-003   7189.9178635980761     
   8.9966664656500033E-003   8084.5121916576736     
   9.3299997915327545E-003   8954.7497325777713     
   9.6633331174155075E-003   9789.7917287658438     
   9.9966664432982605E-003   10578.764852110380     
   1.0329999769181013E-002   11309.517637777430     
   1.0663333095063766E-002   11968.192102939302     
   1.0996666420946519E-002   12539.782090947561     
   1.1329999746829272E-002   13009.452932749884     
   1.1663333072712025E-002   13364.140033470136     
   1.1996666398594778E-002   13593.918440923011     
   1.2329999724477530E-002   13692.817454095035     
   1.2663333050360282E-002   13659.032587158366     
   1.2996666376243035E-002   13494.727504934493     
   1.3329999702125788E-002   13205.727194389961     
   1.3663333028008541E-002   12801.360092838298     
   1.3996666353891294E-002   12294.557231407158     
   1.4329999679774047E-002   11702.139784755936     
   1.4663333005656799E-002   11045.095777411254     
   1.4996666331539552E-002   10348.602480644608     
   1.5329999657422304E-002   9641.5943839535139     
   1.5663332983305057E-002   8955.7794235067704     
   1.5996666309187810E-002   8324.1285613850378     
   1.6329999635070563E-002   7778.9703712100381     
   1.6663332960953316E-002   7349.8912599096229     
   1.6996666286836069E-002   7061.6671022986529     
   1.7329999612718822E-002   6932.4390466253426     
   1.7663332938601575E-002   6972.3068855588663     
   1.7996666264484328E-002   7182.4604238394986     
   1.8329999590367081E-002   7554.9130465529224     
   1.8663332916249831E-002   8072.8488770290587     
   1.8996666242132584E-002   8711.5488143507391     
   1.9329999568015337E-002   9439.8223348119845     
   1.9663332893898090E-002   10221.841042519529     
   1.9996666219780843E-002   11019.246125340554     
   2.0329999545663596E-002   11793.384997545523     
   2.0663332871546349E-002   12507.522977392891     
   2.0996666197429101E-002   13128.875032085580     
   2.1329999523311854E-002   13630.312194454815     
   2.1663332849194607E-002   13991.619236584018     
   2.1996666175077360E-002   14200.216129549317     
   2.2329999500960113E-002   14251.305667062425     
   2.2663332826842866E-002   14147.470302541607     
   2.2996666152725619E-002   13897.805457066672     
   2.3329999478608372E-002   13516.732653403165     
   2.3663332804491125E-002   13022.669547997120     
   2.3996666130373878E-002   12436.732429298494     
   2.4329999456256628E-002   11781.604403763209     
   2.4663332782139381E-002   11080.626412776206     
   2.4996666108022134E-002   10357.080399896467     
   2.5329999433904887E-002   9633.5669788151808     
   2.5663332759787640E-002   8931.3654788305157     
   2.5996666085670393E-002   8269.7170557782902     
   2.6329999411553145E-002   7665.0765473371284     
   2.6663332737435898E-002   7130.4895422356967     
   2.6996666063318651E-002   6675.3057978543475     
   2.7329999389201404E-002   6305.3909843849797     
   2.7663332715084157E-002   6023.8429829400338     
   2.7996666040966910E-002   5832.0120764924868     
   2.8329999366849663E-002   5730.4628808727230     
   2.8663332692732416E-002   5719.4922956969476     
   2.8996666018615169E-002   5798.9684530816949     
   2.9329999344497919E-002   5967.5314003351650     
   2.9663332670380672E-002   6221.4771145309551     
   2.9996665996263425E-002   6553.7980700392200     
   3.0329999322146178E-002   6953.7969326344983     
   3.0663332648028931E-002   7407.4454765912578     
   3.0996665973911684E-002   7898.3409462214877     
   3.1329999299794437E-002   8408.8652356836028     
   3.1663332625677193E-002   8921.0891363331539     
   3.1996665951559942E-002   9417.1057887602929     
   3.2329999277442692E-002   9878.7520274625567     
   3.2663332603325448E-002   10286.958640750712     
   3.2996665929208198E-002   10621.144274682694     
   3.3329999255090954E-002   10859.073731949400     
   3.3663332580973704E-002   10977.454058143507     
   3.3996665906856460E-002   10953.310720519665     
   3.4329999232739210E-002   10765.959267410559     
   3.4663332558621966E-002   10399.235118755503     
   3.4996665884504716E-002   9843.5970663827447     
   3.5329999210387472E-002   9097.7704985591954     
   3.5663332536270222E-002   8169.7097349266614     
   3.5996665862152978E-002   7076.7925213534772     
   3.6329999188035728E-002   5845.2782426638041     
   3.6663332513918484E-002   4509.1444634273639     
   3.6996665839801234E-002   3108.4593623759802     
   3.7329999165683983E-002   1687.4570944946686     
   3.7663332491566739E-002   292.47083699187544     
   3.7996665817449489E-002  -1030.1441756851495     
   3.8329999143332245E-002  -2235.9897313371962     
   3.8663332469214995E-002  -3284.4203839803163     
   3.8996665795097751E-002  -4140.0905236100198     
   3.9329999120980501E-002  -4774.2067654240045     
   3.9663332446863257E-002  -5165.4599440043658     
   3.9996665772746007E-002  -5300.6328078057395     
