   3.3333331843217230E-006   13964.591839352217     
   3.2999999269843104E-004   13945.017908286447     
   6.6333331858118379E-004   13898.385070880950     
   9.9666664446393643E-004   13789.083551489508     
   1.3299999703466892E-003   13562.578376945039     
   1.6633332962294419E-003   13164.267666297752     
   1.9966666221121949E-003   12558.983241743015     
   2.3299999479949474E-003   11743.855975411039     
   2.6633332738777004E-003   10749.392801726881     
   2.9966665997604534E-003   9628.1681239494555     
   3.3299999256432059E-003   8435.4883016763688     
   3.6633332515259584E-003   7209.7047905103991     
   3.9966665774087114E-003   5960.1187173223843     
   4.3299999032914644E-003   4667.4705277679914     
   4.6633332291742165E-003   3297.0134187789163     
   4.9966665550569694E-003   1819.1579209918527     
   5.3299998809397224E-003   229.68621221997637     
   5.6633332068224754E-003  -1438.2372365440442     
   5.9966665327052283E-003  -3114.7292863225757     
   6.3299998585879804E-003  -4706.0179840325236     
   6.6633331844707334E-003  -6114.3239687943778     
   6.9966665103534864E-003  -7257.2748378130655     
   7.3299998362362385E-003  -8079.9974217136150     
   7.6633331621189914E-003  -8556.3450815464676     
   7.9966664880017444E-003  -8680.2068992577479     
   8.3299998138844974E-003  -8451.6483643413576     
   8.6633331397672503E-003  -7864.2779435561552     
   8.9966664656500033E-003  -6899.2217089526557     
   9.3299997915327545E-003  -5528.0307331401418     
   9.6633331174155075E-003  -3723.1353340526784     
   9.9966664432982605E-003  -1471.6391484890937     
   1.0329999769181013E-002   1212.6371133464891     
   1.0663333095063766E-002   4282.7334495352243     
   1.0996666420946519E-002   7659.0135156545930     
   1.1329999746829272E-002   11235.001926922669     
   1.1663333072712025E-002   14885.325347725802     
   1.1996666398594778E-002   18472.396396145494     
   1.2329999724477530E-002   21849.956226171584     
   1.2663333050360282E-002   24863.875942418410     
   1.2996666376243035E-002   27352.650753738581     
   1.3329999702125788E-002   29150.900205059552     
   1.3663333028008541E-002   30096.671303273495     
   1.3996666353891294E-002   30060.139972423716     
   1.4329999679774047E-002   28960.342149188949     
   1.4663333005656799E-002   26773.965925053300     
   1.4996666331539552E-002   23547.800616348570     
   1.5329999657422304E-002   19405.826201982003     
   1.5663332983305057E-002   14549.318819514610     
   1.5996666309187810E-002   9249.1815309044869     
   1.6329999635070563E-002   3830.6351070900510     
   1.6663332960953316E-002  -1348.6965951973154     
   1.6996666286836069E-002  -5925.4992564485510     
   1.7329999612718822E-002  -9559.9028296981342     
   1.7663332938601575E-002  -11964.348245427791     
   1.7996666264484328E-002  -12929.457404449748     
   1.8329999590367081E-002  -12344.409292621551     
   1.8663332916249831E-002  -10209.796689332608     
   1.8996666242132584E-002  -6641.5997201321061     
   1.9329999568015337E-002  -1865.6996656569572     
   1.9663332893898090E-002   3796.8045169767274     
   1.9996666219780843E-002   9952.3994090592532     
   2.0329999545663596E-002   16164.283191197657     
   2.0663332871546349E-002   21985.456046435458     
   2.0996666197429101E-002   26993.059823588737     
   2.1329999523311854E-002   30821.129514830613     
   2.1663332849194607E-002   33189.040090836948     
   2.1996666175077360E-002   33923.285386583877     
   2.2329999500960113E-002   32970.780754495267     
   2.2663332826842866E-002   30402.591303224861     
   2.2996666152725619E-002   26407.793115720313     
   2.3329999478608372E-002   21278.008049511765     
   2.3663332804491125E-002   15383.942685648377     
   2.3996666130373878E-002   9145.9403404695367     
   2.4329999456256628E-002   3001.0615153528861     
   2.4663332782139381E-002  -2630.5041877245958     
   2.4996666108022134E-002  -7376.8519027141492     
   2.5329999433904887E-002  -10940.974440572247     
   2.5663332759787640E-002  -13120.404938158617     
   2.5996666085670393E-002  -13818.380862473896     
   2.6329999411553145E-002  -13045.828168087435     
   2.6663332737435898E-002  -10914.343676570061     
   2.6996666063318651E-002  -7625.7015853730927     
   2.7329999389201404E-002  -3451.0684780410065     
   2.7663332715084157E-002   1304.3896111670406     
   2.7996666040966910E-002   6327.3042650138359     
   2.8329999366849663E-002   11319.871298338381     
   2.8663332692732416E-002   16017.590998201187     
   2.8996666018615169E-002   20200.008582442377     
   2.9329999344497919E-002   23694.936437895340     
   2.9663332670380672E-002   26377.813347149429     
   2.9996665996263425E-002   28168.480413490899     
   3.0329999322146178E-002   29027.599547411301     
   3.0663332648028931E-002   28954.256923541448     
   3.0996665973911684E-002   27985.201075319826     
   3.1329999299794437E-002   26195.001394591192     
   3.1663332625677193E-002   23695.543468645876     
   3.1996665951559942E-002   20632.991995205986     
   3.2329999277442692E-002   17180.772830676106     
   3.2663332603325448E-002   13528.162214708780     
   3.2996665929208198E-002   9865.4313575754495     
   3.3329999255090954E-002   6367.7596962788739     
   3.3663332580973704E-002   3180.8750000192103     
   3.3996665906856460E-002   411.30500087066866     
   3.4329999232739210E-002  -1876.8305088920642     
   3.4663332558621966E-002  -3658.1814013947615     
   3.4996665884504716E-002  -4937.2142872699724     
   3.5329999210387472E-002  -5736.9567779428153     
   3.5663332536270222E-002  -6089.0596072511034     
   3.5996665862152978E-002  -6028.2532100248200     
   3.6329999188035728E-002  -5592.6523597396881     
   3.6663332513918484E-002  -4829.1101088394817     
   3.6996665839801234E-002  -3800.6626501840328     
   3.7329999165683983E-002  -2591.8246803233092     
   3.7663332491566739E-002  -1307.6759174375529     
   3.7996665817449489E-002  -64.475873767844860     
   3.8329999143332245E-002   1027.4469244116026     
   3.8663332469214995E-002   1884.4704875945026     
   3.8996665795097751E-002   2467.6155647069772     
   3.9329999120980501E-002   2790.6422342151209     
   3.9663332446863257E-002   2913.3306043004022     
   3.9996665772746007E-002   2919.2830096697189     
