   3.3333331843217230E-006   12905.628311303406     
   3.2999999269843104E-004   12894.070906389079     
   6.6333331858118379E-004   12859.397185729542     
   9.9666664446393643E-004   12802.764967807107     
   1.3299999703466892E-003   12726.072416354971     
   1.6633332962294419E-003   12631.555867148436     
   1.9966666221121949E-003   12521.330513828263     
   2.3299999479949474E-003   12397.024653870511     
   2.6633332738777004E-003   12259.624819627470     
   2.9966665997604534E-003   12109.574480412926     
   3.3299999256432059E-003   11947.078552937273     
   3.6633332515259584E-003   11772.493429008182     
   3.9966665774087114E-003   11586.654738618323     
   4.3299999032914644E-003   11391.022471641792     
   4.6633332291742165E-003   11187.594164354572     
   4.9966665550569694E-003   10978.623894808545     
   5.3299998809397224E-003   10766.254658433167     
   5.6633332068224754E-003   10552.198713941800     
   5.9966665327052283E-003   10337.576356321089     
   6.3299998585879804E-003   10122.959776653595     
   6.6633331844707334E-003   9908.5912127660886     
   6.9966665103534864E-003   9694.6832441227671     
   7.3299998362362385E-003   9481.6857014934940     
   7.6633331621189914E-003   9270.4243165015869     
   7.9966664880017444E-003   9062.0699697439741     
   8.3299998138844974E-003   8857.9616773375601     
   8.6633331397672503E-003   8659.3566871517050     
   8.9966664656500033E-003   8467.2000855193928     
   9.3299997915327545E-003   8281.9902388220544     
   9.6633331174155075E-003   8103.7747357807839     
   9.9966664432982605E-003   7932.2622457350044     
   1.0329999769181013E-002   7766.9976688583865     
   1.0663333095063766E-002   7607.5336343597783     
   1.0996666420946519E-002   7453.5431104510481     
   1.1329999746829272E-002   7304.8481313678021     
   1.1663333072712025E-002   7161.3751304099787     
   1.1996666398594778E-002   7023.0746271868538     
   1.2329999724477530E-002   6889.8533193148842     
   1.2663333050360282E-002   6761.5584445725590     
   1.2996666376243035E-002   6638.0327677562682     
   1.3329999702125788E-002   6519.2327134103443     
   1.3663333028008541E-002   6405.7281516700250     
   1.3996666353891294E-002   6298.4310956594054     
   1.4329999679774047E-002   6198.3155185291616     
   1.4663333005656799E-002   6106.8588457436999     
   1.4996666331539552E-002   6026.0542801646070     
   1.5329999657422304E-002   5958.3850953253932     
   1.5663332983305057E-002   5906.7656321687891     
   1.5996666309187810E-002   5874.4549052133525     
   1.6329999635070563E-002   5864.9487953607850     
   1.6663332960953316E-002   5881.8561765132436     
   1.6996666286836069E-002   5928.7634113576851     
   1.7329999612718822E-002   6009.0907997640861     
   1.7663332938601575E-002   6125.9440028734725     
   1.7996666264484328E-002   6281.9633112598194     
   1.8329999590367081E-002   6479.1738837982712     
   1.8663332916249831E-002   6718.8406774462919     
   1.8996666242132584E-002   7001.3325820074315     
   1.9329999568015337E-002   7326.0011037787826     
   1.9663332893898090E-002   7691.0796395383022     
   1.9996666219780843E-002   8093.6097958251221     
   2.0329999545663596E-002   8529.4012169757461     
   2.0663332871546349E-002   8993.0309072074597     
   2.0996666197429101E-002   9477.8870279451785     
   2.1329999523311854E-002   9976.2606242434140     
   2.1663332849194607E-002   10479.486725546549     
   2.1996666175077360E-002   10978.133854306279     
   2.2329999500960113E-002   11462.238272753715     
   2.2663332826842866E-002   11921.576446426085     
   2.2996666152725619E-002   12345.966375113318     
   2.3329999478608372E-002   12725.585835414726     
   2.3663332804491125E-002   13051.293410155142     
   2.3996666130373878E-002   13314.936671106483     
   2.4329999456256628E-002   13509.631244725340     
   2.4663332782139381E-002   13629.994905293017     
   2.4996666108022134E-002   13672.322427987281     
   2.5329999433904887E-002   13634.689736239347     
   2.5663332759787640E-002   13516.979830625301     
   2.5996666085670393E-002   13320.827910989321     
   2.6329999411553145E-002   13049.488698619256     
   2.6663332737435898E-002   12707.634815958181     
   2.6996666063318651E-002   12301.631502558295     
   2.7329999389201404E-002   11839.034638926942     
   2.7663332715084157E-002   11327.458984322353     
   2.7996666040966910E-002   10774.623273168932     
   2.8329999366849663E-002   10188.101116577485     
   2.8663332692732416E-002   9575.1668329824261     
   2.8996666018615169E-002   8942.7333062836788     
   2.9329999344497919E-002   8297.3620954617709     
   2.9663332670380672E-002   7645.3139385898421     
   2.9996665996263425E-002   6992.6030668094309     
   3.0329999322146178E-002   6345.0224194393722     
   3.0663332648028931E-002   5708.1180827968374     
   3.0996665973911684E-002   5087.1074167225770     
   3.1329999299794437E-002   4486.7524910348393     
   3.1663332625677193E-002   3911.2143924928318     
   3.1996665951559942E-002   3363.9211530628500     
   3.2329999277442692E-002   2847.4806080420303     
   3.2663332603325448E-002   2363.6597379604073     
   3.2996665929208198E-002   1913.4365100861446     
   3.3329999255090954E-002   1497.1130564547448     
   3.3663332580973704E-002   1114.4648871889112     
   3.3996665906856460E-002   764.89367337933879     
   3.4329999232739210E-002   447.55297895586563     
   3.4663332558621966E-002   161.42664919859192     
   3.4996665884504716E-002  -94.644665213376584     
   3.5329999210387472E-002  -321.97690484203872     
   3.5663332536270222E-002  -522.07190080239889     
   3.5996665862152978E-002  -696.63472624293240     
   3.6329999188035728E-002  -847.55698891476243     
   3.6663332513918484E-002  -976.85749956945222     
   3.6996665839801234E-002  -1086.5886306304744     
   3.7329999165683983E-002  -1178.7310314212170     
   3.7663332491566739E-002  -1255.1058434136928     
   3.7996665817449489E-002  -1317.3292428339375     
   3.8329999143332245E-002  -1366.8198082955187     
   3.8663332469214995E-002  -1404.8494558260218     
   3.8996665795097751E-002  -1432.6106585279676     
   3.9329999120980501E-002  -1451.2637596205886     
   3.9663332446863257E-002  -1461.9332544372373     
   3.9996665772746007E-002  -1465.6410433559452     
