   3.3333331843217230E-006  -7156.0429842385856     
   3.2999999269843104E-004  -7560.5126670204700     
   6.6333331858118379E-004  -8603.4171906098854     
   9.9666664446393643E-004  -9754.2483908304093     
   1.3299999703466892E-003  -10242.127936127326     
   1.6633332962294419E-003  -9210.6530036772929     
   1.9966666221121949E-003  -5898.6733986212021     
   2.3299999479949474E-003   182.83061026884388     
   2.6633332738777004E-003   9107.8226018087153     
   2.9966665997604534E-003   20451.940011224920     
   3.3299999256432059E-003   33286.228540848817     
   3.6633332515259584E-003   46254.020268247943     
   3.9966665774087114E-003   57724.609924349330     
   4.3299999032914644E-003   66005.412703689246     
   4.6633332291742165E-003   69584.578949889517     
   4.9966665550569694E-003   67370.058813844429     
   5.3299998809397224E-003   58889.819486695720     
   5.6633332068224754E-003   44421.644416279465     
   5.9966665327052283E-003   25029.316220334869     
   6.3299998585879804E-003   2493.9723076517548     
   6.6633331844707334E-003  -20856.534642413280     
   6.9966665103534864E-003  -42403.223259211765     
   7.3299998362362385E-003  -59547.034850902521     
   7.6633331621189914E-003  -70036.974638298998     
   7.9966664880017444E-003  -72272.937745220624     
   8.3299998138844974E-003  -65542.340809249115     
   8.6633331397672503E-003  -50156.722007255259     
   8.9966664656500033E-003  -27466.246907249159     
   9.3299997915327545E-003   254.87079287987581     
   9.6633331174155075E-003   30042.564185798798     
   9.9966664432982605E-003   58571.540198561772     
   1.0329999769181013E-002   82540.269344381421     
   1.0663333095063766E-002   99065.962756859240     
   1.0996666420946519E-002   106040.61915334675     
   1.1329999746829272E-002   102402.89790362812     
   1.1663333072712025E-002   88290.111157611129     
   1.1996666398594778E-002   65048.906542420817     
   1.2329999724477530E-002   35100.477545475704     
   1.2663333050360282E-002   1674.2241426767378     
   1.2996666376243035E-002  -31559.610882026191     
   1.3329999702125788E-002  -60914.823838035692     
   1.3663333028008541E-002  -83120.483249693876     
   1.3996666353891294E-002  -95706.036974462011     
   1.4329999679774047E-002  -97293.081699216229     
   1.4663333005656799E-002  -87757.808483207336     
   1.4996666331539552E-002  -68243.939253064105     
   1.5329999657422304E-002  -41024.368895235733     
   1.5663332983305057E-002  -9228.4065537053575     
   1.5996666309187810E-002   23531.895791830873     
   1.6329999635070563E-002   53590.433249566995     
   1.6663332960953316E-002   77658.216735889975     
   1.6996666286836069E-002   93204.433375233901     
   1.7329999612718822E-002   98741.356087468477     
   1.7663332938601575E-002   93979.347667774724     
   1.7996666264484328E-002   79834.653810857271     
   1.8329999590367081E-002   58291.180132965921     
   1.8663332916249831E-002   32135.635558701251     
   1.8996666242132584E-002   4600.9848146977747     
   1.9329999568015337E-002  -21035.877609655170     
   1.9663332893898090E-002  -41851.302229192283     
   1.9996666219780843E-002  -55617.498489642683     
   2.0329999545663596E-002  -61048.973884414423     
   2.0663332871546349E-002  -57924.183924425764     
   2.0996666197429101E-002  -47070.246160553950     
   2.1329999523311854E-002  -30216.336354118528     
   2.1663332849194607E-002  -9738.1282832989455     
   2.1996666175077360E-002   11670.802543977676     
   2.2329999500960113E-002   31356.042136288226     
   2.2663332826842866E-002   47040.624654478888     
   2.2996666152725619E-002   57100.867739654117     
   2.3329999478608372E-002   60745.338021865980     
   2.3663332804491125E-002   58076.170708180376     
   2.3996666130373878E-002   50028.127410793699     
   2.4329999456256628E-002   38197.270753393772     
   2.4663332782139381E-002   24585.756044996677     
   2.4996666108022134E-002   11300.053544671347     
   2.5329999433904887E-002   245.51084140890453     
   2.5663332759787640E-002  -7140.1530660340359     
   2.5996666085670393E-002  -10077.958001708197     
   2.6329999411553145E-002  -8537.9635921624867     
   2.6663332737435898E-002  -3217.7743884572628     
   2.6996666063318651E-002   4585.9286670548408     
   2.7329999389201404E-002   13192.990071634402     
   2.7663332715084157E-002   20810.503508249178     
   2.7996666040966910E-002   25818.985008914242     
   2.8329999366849663E-002   27032.216581186531     
   2.8663332692732416E-002   23892.715333089982     
   2.8996666018615169E-002   16573.845747336294     
   2.9329999344497919E-002   5972.7434379204096     
   2.9663332670380672E-002  -6406.3446242567843     
   2.9996665996263425E-002  -18663.096229929186     
   3.0329999322146178E-002  -28777.703545949364     
   3.0663332648028931E-002  -34914.456276618221     
   3.0996665973911684E-002  -35709.274218851118     
   3.1329999299794437E-002  -30499.581562760883     
   3.1663332625677193E-002  -19462.139296700476     
   3.1996665951559942E-002  -3636.5422355276678     
   3.2329999277442692E-002   15172.547053158702     
   3.2663332603325448E-002   34604.764028089878     
   3.2996665929208198E-002   52039.765187003286     
   3.3329999255090954E-002   64941.624095726162     
   3.3663332580973704E-002   71206.638678224248     
   3.3996665906856460E-002   69467.668204417248     
   3.4329999232739210E-002   59312.764491492177     
   3.4663332558621966E-002   41386.248225824907     
   3.4996665884504716E-002   17355.211018803966     
   3.5329999210387472E-002  -10258.206263938384     
   3.5663332536270222E-002  -38360.760420477935     
   3.5996665862152978E-002  -63654.678603500754     
   3.6329999188035728E-002  -83041.784210025246     
   3.6663332513918484E-002  -94014.318488597462     
   3.6996665839801234E-002  -94982.333499632339     
   3.7329999165683983E-002  -85494.767624271219     
   3.7663332491566739E-002  -66324.187370577216     
   3.7996665817449489E-002  -39402.080614272447     
   3.8329999143332245E-002  -7610.3709467248427     
   3.8663332469214995E-002   25546.916063671517     
   3.8996665795097751E-002   56352.521445917548     
   3.9329999120980501E-002   81315.536471205036     
   3.9663332446863257E-002   97587.628980632173     
   3.9996665772746007E-002   103304.41860620596     
