   3.3333331843217230E-006  -267771.71782606351     
   3.2999999269843104E-004  -244932.87679628981     
   6.6333331858118379E-004  -179355.00753220354     
   9.9666664446393643E-004  -82105.814502830617     
   1.3299999703466892E-003   30426.899840069891     
   1.6633332962294419E-003   139331.41199124095     
   1.9966666221121949E-003   226392.99711279306     
   2.3299999479949474E-003   277186.08788297186     
   2.6633332738777004E-003   283507.38473576674     
   2.9966665997604534E-003   244734.37223151460     
   3.3299999256432059E-003   167879.97869377478     
   3.6633332515259584E-003   66339.573797658479     
   3.9966665774087114E-003  -42447.981443157325     
   4.3299999032914644E-003  -140016.99868101400     
   4.6633332291742165E-003  -210045.81685584717     
   4.9966665550569694E-003  -241134.06886075030     
   5.3299998809397224E-003  -228709.31879485349     
   5.6633332068224754E-003  -175739.20434730480     
   5.9966665327052283E-003  -92133.978905951488     
   6.3299998585879804E-003   7047.7677176297839     
   6.6633331844707334E-003   104270.12393698032     
   6.9966665103534864E-003   182596.81305936264     
   7.3299998362362385E-003   228635.26362337550     
   7.6633331621189914E-003   234835.19581638041     
   7.9966664880017444E-003   200744.73871321228     
   8.3299998138844974E-003   133011.60452400081     
   8.6633331397672503E-003   44137.777909478522     
   8.9966664656500033E-003  -49785.249723250912     
   9.3299997915327545E-003  -131955.74992514326     
   9.6633331174155075E-003  -187844.40925098973     
   9.9966664432982605E-003  -207753.29092317901     
   1.0329999769181013E-002  -188500.91391189306     
   1.0663333095063766E-002  -133939.27579349646     
   1.0996666420946519E-002  -54216.212260162421     
   1.1329999746829272E-002   36081.039912864049     
   1.1663333072712025E-002   120567.08320394545     
   1.1996666398594778E-002   184011.60059294535     
   1.2329999724477530E-002   215076.83403817000     
   1.2663333050360282E-002   208350.18619364779     
   1.2996666376243035E-002   165308.34747342236     
   1.3329999702125788E-002   94039.638922020851     
   1.3663333028008541E-002   7772.7378299282755     
   1.3996666353891294E-002  -77526.566322611252     
   1.4329999679774047E-002  -146061.34485002080     
   1.4663333005656799E-002  -185091.19776207296     
   1.4996666331539552E-002  -187281.21566873780     
   1.5329999657422304E-002  -152085.24536754776     
   1.5663332983305057E-002  -85906.594655474531     
   1.5996666309187810E-002  -996.42730225133710     
   1.6329999635070563E-002   86724.017329686540     
   1.6663332960953316E-002   160536.62052905874     
   1.6996666286836069E-002   205985.65630736956     
   1.7329999612718822E-002   213574.64114168240     
   1.7663332938601575E-002   180610.29646735208     
   1.7996666264484328E-002   111849.05715588975     
   1.8329999590367081E-002   18810.406557299168     
   1.8663332916249831E-002  -82143.135785471837     
   1.8996666242132584E-002  -172638.61485030229     
   1.9329999568015337E-002  -235549.90910375753     
   1.9663332893898090E-002  -258108.47099193878     
   1.9996666219780843E-002  -234312.65112043812     
   2.0329999545663596E-002  -166195.01017517364     
   2.0663332871546349E-002  -63700.501303664016     
   2.0996666197429101E-002   56831.804624332828     
   2.1329999523311854E-002   175346.03320049064     
   2.1663332849194607E-002   271461.44714830327     
   2.1996666175077360E-002   328001.98035368812     
   2.2329999500960113E-002   334052.19097605953     
   2.2663332826842866E-002   287000.05665774056     
   2.2996666152725619E-002   193193.34849363970     
   2.3329999478608372E-002   67069.769222093091     
   2.3663332804491125E-002  -71117.905825514477     
   2.3996666130373878E-002  -198616.54825449263     
   2.4329999456256628E-002  -293977.67677979753     
   2.4663332782139381E-002  -340710.68086308462     
   2.4996666108022134E-002  -330158.71501823247     
   2.5329999433904887E-002  -263095.63755382749     
   2.5663332759787640E-002  -149753.67597966534     
   2.5996666085670393E-002  -8254.9488664854289     
   2.6329999411553145E-002   138308.96419440542     
   2.6663332737435898E-002   265672.78087300994     
   2.6996666063318651E-002   352438.22468694107     
   2.7329999389201404E-002   383681.17069452559     
   2.7663332715084157E-002   353513.32196650683     
   2.7996666040966910E-002   266157.47434872534     
   2.8329999366849663E-002   135342.49414509727     
   2.8663332692732416E-002  -17894.110539535002     
   2.8996666018615169E-002  -168639.28716287090     
   2.9329999344497919E-002  -292206.19058757176     
   2.9663332670380672E-002  -368221.85507384274     
   2.9996665996263425E-002  -384016.98077033384     
   3.0329999322146178E-002  -336748.31866114819     
   3.0663332648028931E-002  -233894.91609957244     
   3.0996665973911684E-002  -92041.430281888170     
   3.1329999299794437E-002   65850.989628700307     
   3.1663332625677193E-002   214231.66477513273     
   3.1996665951559942E-002   329172.76808775635     
   3.2329999277442692E-002   392303.30313356780     
   3.2663332603325448E-002   393808.08870811528     
   3.2996665929208198E-002   333993.08867542970     
   3.3329999255090954E-002   223160.34184215491     
   3.3663332580973704E-002   79820.663168172541     
   3.3996665906856460E-002  -72448.082014675136     
   3.4329999232739210E-002  -208962.36309538726     
   3.4663332558621966E-002  -308043.36353161919     
   3.4996665884504716E-002  -354583.75224449032     
   3.5329999210387472E-002  -342473.75195941306     
   3.5663332536270222E-002  -275485.85306706914     
   3.5996665862152978E-002  -166481.23022732895     
   3.6329999188035728E-002  -35086.814671182816     
   3.6663332513918484E-002   95748.722402064101     
   3.6996665839801234E-002   203723.26059983246     
   3.7329999165683983E-002   270991.14638334088     
   3.7663332491566739E-002   287163.33863185998     
   3.7996665817449489E-002   250989.03605089706     
   3.8329999143332245E-002   170439.33375060320     
   3.8663332469214995E-002   61189.854960020719     
   3.8996665795097751E-002  -56224.741168574692     
   3.9329999120980501E-002  -160083.35671133455     
   3.9663332446863257E-002  -231335.97008016834     
   3.9996665772746007E-002  -256973.79443622369     
