   3.3333331843217230E-006   7522.7679910579136     
   3.2999999269843104E-004   7522.7603450673341     
   6.6333331858118379E-004   7522.7371002727159     
   9.9666664446393643E-004   7522.6982726048818     
   1.3299999703466892E-003   7522.6438886743763     
   1.6633332962294419E-003   7522.5739857532317     
   1.9966666221121949E-003   7522.4886117494207     
   2.3299999479949474E-003   7522.3878251740252     
   2.6633332738777004E-003   7522.2716951011316     
   2.9966665997604534E-003   7522.1403011204966     
   3.3299999256432059E-003   7521.9937332829968     
   3.6633332515259584E-003   7521.8320920389106     
   3.9966665774087114E-003   7521.6554881690809     
   4.3299999032914644E-003   7521.4640427089835     
   4.6633332291742165E-003   7521.2578868657820     
   4.9966665550569694E-003   7521.0371619284015     
   5.3299998809397224E-003   7520.8020191706964     
   5.6633332068224754E-003   7520.5526197477766     
   5.9966665327052283E-003   7520.2891345855587     
   6.3299998585879804E-003   7520.0117442636210     
   6.6633331844707334E-003   7519.7206388914447     
   6.9966665103534864E-003   7519.4160179781220     
   7.3299998362362385E-003   7519.0980902956226     
   7.6633331621189914E-003   7518.7670737357121     
   7.9966664880017444E-003   7518.4231951606171     
   8.3299998138844974E-003   7518.0666902475496     
   8.6633331397672503E-003   7517.6978033271835     
   8.9966664656500033E-003   7517.3167872162012     
   9.3299997915327545E-003   7516.9239030440267     
   9.6633331174155075E-003   7516.5194200738633     
   9.9966664432982605E-003   7516.1036155181482     
   1.0329999769181013E-002   7515.6767743485707     
   1.0663333095063766E-002   7515.2391891007637     
   1.0996666420946519E-002   7514.7911596738140     
   1.1329999746829272E-002   7514.3329931247290     
   1.1663333072712025E-002   7513.8650034579932     
   1.1996666398594778E-002   7513.3875114103648     
   1.2329999724477530E-002   7512.9008442310605     
   1.2663333050360282E-002   7512.4053354574744     
   1.2996666376243035E-002   7511.9013246865870     
   1.3329999702125788E-002   7511.3891573422243     
   1.3663333028008541E-002   7510.8691844383193     
   1.3996666353891294E-002   7510.3417623383484     
   1.4329999679774047E-002   7509.8072525110938     
   1.4663333005656799E-002   7509.2660212829105     
   1.4996666331539552E-002   7508.7184395866689     
   1.5329999657422304E-002   7508.1648827075323     
   1.5663332983305057E-002   7507.6057300257562     
   1.5996666309187810E-002   7507.0413647566793     
   1.6329999635070563E-002   7506.4721736880874     
   1.6663332960953316E-002   7505.8985469151294     
   1.6996666286836069E-002   7505.3208775729636     
   1.7329999612718822E-002   7504.7395615673249     
   1.7663332938601575E-002   7504.1549973031879     
   1.7996666264484328E-002   7503.5675854117217     
   1.8329999590367081E-002   7502.9777284757174     
   1.8663332916249831E-002   7502.3858307536775     
   1.8996666242132584E-002   7501.7922979027571     
   1.9329999568015337E-002   7501.1975367007472     
   1.9663332893898090E-002   7500.6019547672895     
   1.9996666219780843E-002   7500.0059602845131     
   2.0329999545663596E-002   7499.4099617172906     
   2.0663332871546349E-002   7498.8143675332904     
   2.0996666197429101E-002   7498.2195859230387     
   2.1329999523311854E-002   7497.6260245201638     
   2.1663332849194607E-002   7497.0340901220243     
   2.1996666175077360E-002   7496.4441884109128     
   2.2329999500960113E-002   7495.8567236760173     
   2.2663332826842866E-002   7495.2720985363458     
   2.2996666152725619E-002   7494.6907136647869     
   2.3329999478608372E-002   7494.1129675135153     
   2.3663332804491125E-002   7493.5392560409045     
   2.3996666130373878E-002   7492.9699724401626     
   2.4329999456256628E-002   7492.4055068698544     
   2.4663332782139381E-002   7491.8462461865083     
   2.4996666108022134E-002   7491.2925736794823     
   2.5329999433904887E-002   7490.7448688082768     
   2.5663332759787640E-002   7490.2035069424737     
   2.5996666085670393E-002   7489.6688591044740     
   2.6329999411553145E-002   7489.1412917152211     
   2.6663332737435898E-002   7488.6211663430695     
   2.6996666063318651E-002   7488.1088394559902     
   2.7329999389201404E-002   7487.6046621772575     
   2.7663332715084157E-002   7487.1089800448153     
   2.7996666040966910E-002   7486.6221327744561     
   2.8329999366849663E-002   7486.1444540269977     
   2.8663332692732416E-002   7485.6762711796118     
   2.8996666018615169E-002   7485.2179051014537     
   2.9329999344497919E-002   7484.7696699337557     
   2.9663332670380672E-002   7484.3318728745271     
   2.9996665996263425E-002   7483.9048139680226     
   3.0329999322146178E-002   7483.4887858991005     
   3.0663332648028931E-002   7483.0840737926328     
   3.0996665973911684E-002   7482.6909550180981     
   3.1329999299794437E-002   7482.3096989994820     
   3.1663332625677193E-002   7481.9405670306305     
   3.1996665951559942E-002   7481.5838120961707     
   3.2329999277442692E-002   7481.2396786981271     
   3.2663332603325448E-002   7480.9084026883547     
   3.2996665929208198E-002   7480.5902111068963     
   3.3329999255090954E-002   7480.2853220263787     
   3.3663332580973704E-002   7479.9939444025604     
   3.3996665906856460E-002   7479.7162779311211     
   3.4329999232739210E-002   7479.4525129108015     
   3.4663332558621966E-002   7479.2028301129803     
   3.4996665884504716E-002   7478.9674006577852     
   3.5329999210387472E-002   7478.7463858968149     
   3.5663332536270222E-002   7478.5399373025530     
   3.5996665862152978E-002   7478.3481963645636     
   3.6329999188035728E-002   7478.1712944925139     
   3.6663332513918484E-002   7478.0093529261176     
   3.6996665839801234E-002   7477.8624826520409     
   3.7329999165683983E-002   7477.7307843278404     
   3.7663332491566739E-002   7477.6143482129719     
   3.7996665817449489E-002   7477.5132541069388     
   3.8329999143332245E-002   7477.4275712945946     
   3.8663332469214995E-002   7477.3573584986625     
   3.8996665795097751E-002   7477.3026638394876     
   3.9329999120980501E-002   7477.2635248020606     
   3.9663332446863257E-002   7477.2399682103223     
   3.9996665772746007E-002   7477.2320102087870     
