   3.3333331843217230E-006   31350.767863349130     
   3.2999999269843104E-004   29728.188787321709     
   6.6333331858118379E-004   24961.225587651083     
   9.9666664446393643E-004   17539.412692959471     
   1.3299999703466892E-003   8226.9731111805158     
   1.6633332962294419E-003  -2012.8451600759327     
   1.9966666221121949E-003  -12113.270276754141     
   2.3299999479949474E-003  -21010.002143302212     
   2.6633332738777004E-003  -27747.324963269752     
   2.9966665997604534E-003  -31573.935590422032     
   3.3299999256432059E-003  -32019.076179061016     
   3.6633332515259584E-003  -28941.466619595543     
   3.9966665774087114E-003  -22546.171376574679     
   4.3299999032914644E-003  -13367.650243667595     
   4.6633332291742165E-003  -2220.5305690165460     
   4.9966665550569694E-003   9877.2197554598788     
   5.3299998809397224E-003   21801.349008055149     
   5.6633332068224754E-003   32429.261091818393     
   5.9966665327052283E-003   40748.418188006282     
   6.3299998585879804E-003   45954.723491102413     
   6.6633331844707334E-003   47531.352530906624     
   6.9966665103534864E-003   45300.376109081742     
   7.3299998362362385E-003   39442.133539778544     
   7.6633331621189914E-003   30480.418190273849     
   7.9966664880017444E-003   19234.827709366276     
   8.3299998138844974E-003   6744.7904089854210     
   8.6633331397672503E-003  -5827.4982928148529     
   8.9966664656500033E-003  -17305.972285437700     
   9.3299997915327545E-003  -26611.037576995306     
   9.6633331174155075E-003  -32860.847124843654     
   9.9966664432982605E-003  -35453.877346992020     
   1.0329999769181013E-002  -34124.984487929178     
   1.0663333095063766E-002  -28969.675211827442     
   1.0996666420946519E-002  -20434.380954827033     
   1.1329999746829272E-002  -9273.7833231130408     
   1.1663333072712025E-002   3520.6169392345787     
   1.1996666398594778E-002   16813.765396541181     
   1.2329999724477530E-002   29433.179956012333     
   1.2663333050360282E-002   40277.784874259385     
   1.2996666376243035E-002   48419.104329099639     
   1.3329999702125788E-002   53185.268584930120     
   1.3663333028008541E-002   54220.001872352441     
   1.3996666353891294E-002   51511.220879835353     
   1.4329999679774047E-002   45386.833818313367     
   1.4663333005656799E-002   36478.502428877531     
   1.4996666331539552E-002   25657.204018789740     
   1.5329999657422304E-002   13947.109696646447     
   1.5663332983305057E-002   2426.3206171177262     
   1.5996666309187810E-002  -7875.8164690055128     
   1.6329999635070563E-002  -16074.868799808544     
   1.6663332960953316E-002  -21511.752863232774     
   1.6996666286836069E-002  -23809.882508424707     
   1.7329999612718822E-002  -22903.827697755525     
   1.7663332938601575E-002  -19037.129744476573     
   1.7996666264484328E-002  -12729.971366419339     
   1.8329999590367081E-002  -4720.3553338516022     
   1.8663332916249831E-002   4114.9863138041437     
   1.8996666242132584E-002   12851.800016923366     
   1.9329999568015337E-002   20612.376363134390     
   1.9663332893898090E-002   26653.035821097579     
   1.9996666219780843E-002   30436.357279570366     
   2.0329999545663596E-002   31681.090703765891     
   2.0663332871546349E-002   30385.005724719216     
   2.0996666197429101E-002   26818.696453843604     
   2.1329999523311854E-002   21491.310795310776     
   2.1663332849194607E-002   15092.004772800688     
   2.1996666175077360E-002   8413.3562179741057     
   2.2329999500960113E-002   2264.7655049007553     
   2.2663332826842866E-002  -2615.1536678585398     
   2.2996666152725619E-002  -5638.1285940256894     
   2.3329999478608372E-002  -6429.5177405526520     
   2.3663332804491125E-002  -4868.8129296796214     
   2.3996666130373878E-002  -1103.1741639548163     
   2.4329999456256628E-002   4467.4151011661015     
   2.4663332782139381E-002   11231.873362469325     
   2.4996666108022134E-002   18432.366545289264     
   2.5329999433904887E-002   25244.679061862254     
   2.5663332759787640E-002   30866.345923535704     
   2.5996666085670393E-002   34603.445075909767     
   2.6329999411553145E-002   35947.033306448109     
   2.6663332737435898E-002   34631.208528276489     
   2.6996666063318651E-002   30666.599113724296     
   2.7329999389201404E-002   24345.538139399996     
   2.7663332715084157E-002   16218.033169884457     
   2.7996666040966910E-002   7040.6062192196177     
   2.8329999366849663E-002  -2297.1429824335592     
   2.8663332692732416E-002  -10861.084069778144     
   2.8996666018615169E-002  -17767.434016551138     
   2.9329999344497919E-002  -22274.439975716879     
   2.9663332670380672E-002  -23861.542087149654     
   2.9996665996263425E-002  -22287.827633977122     
   3.0329999322146178E-002  -17623.553863159257     
   3.0663332648028931E-002  -10251.123890070816     
   3.0996665973911684E-002  -834.89510093872741     
   3.1329999299794437E-002   9737.7110588235792     
   3.1663332625677193E-002   20438.449876778868     
   3.1996665951559942E-002   30196.114119329202     
   3.2329999277442692E-002   38000.637409579402     
   3.2663332603325448E-002   43003.320772003266     
   3.2996665929208198E-002   44603.306265605075     
   3.3329999255090954E-002   42511.635393690973     
   3.3663332580973704E-002   36786.303775207365     
   3.3996665906856460E-002   27834.462105057100     
   3.4329999232739210E-002   16381.055121827141     
   3.4663332558621966E-002   3406.4324245476582     
   3.4996665884504716E-002  -9941.5069777098961     
   3.5329999210387472E-002  -22452.556246458582     
   3.5663332536270222E-002  -32966.987828794110     
   3.5996665862152978E-002  -40485.218780888848     
   3.6329999188035728E-002  -44263.880389654958     
   3.6663332513918484E-002  -43889.019838155567     
   3.6996665839801234E-002  -39319.262051104117     
   3.7329999165683983E-002  -30894.562082988850     
   3.7663332491566739E-002  -19309.416902577417     
   3.7996665817449489E-002  -5552.7713854588555     
   3.8329999143332245E-002   9179.9755686164899     
   3.8663332469214995E-002   23594.787368862402     
   3.8996665795097751E-002   36416.636880381920     
   3.9329999120980501E-002   46506.021502842428     
   3.9663332446863257E-002   52963.450597397554     
   3.9996665772746007E-002   55212.111618618248     
