   3.3333331843217230E-006   14347.932812711399     
   3.2999999269843104E-004   14335.245468038494     
   6.6333331858118379E-004   14297.282615291157     
   9.9666664446393643E-004   14234.796092800687     
   1.3299999703466892E-003   14149.055896654081     
   1.6633332962294419E-003   14041.620125536294     
   1.9966666221121949E-003   13914.054986375348     
   2.3299999479949474E-003   13767.690378578040     
   2.6633332738777004E-003   13603.480196672046     
   2.9966665997604534E-003   13422.001771566855     
   3.3299999256432059E-003   13223.583378244755     
   3.6633332515259584E-003   13008.508296989250     
   3.9966665774087114E-003   12777.222351203327     
   4.3299999032914644E-003   12530.475935106242     
   4.6633332291742165E-003   12269.358703722048     
   4.9966665550569694E-003   11995.224640890790     
   5.3299998809397224E-003   11709.542623751651     
   5.6633332068224754E-003   11413.730006014121     
   5.9966665327052283E-003   11109.027538559685     
   6.3299998585879804E-003   10796.454730234245     
   6.6633331844707334E-003   10476.854075213312     
   6.9966665103534864E-003   10151.002205815585     
   7.3299998362362385E-003   9819.7463709535459     
   7.6633331621189914E-003   9484.1211108244424     
   7.9966664880017444E-003   9145.4116849705715     
   8.3299998138844974E-003   8805.1516331215535     
   8.6633331397672503E-003   8465.0634910759782     
   8.9966664656500033E-003   8126.9669395020028     
   9.3299997915327545E-003   7792.6838389433979     
   9.6633331174155075E-003   7463.9652024528850     
   9.9966664432982605E-003   7142.4548422061853     
   1.0329999769181013E-002   6829.6929703656551     
   1.0663333095063766E-002   6527.1542475185106     
   1.0996666420946519E-002   6236.3102610564074     
   1.1329999746829272E-002   5958.7055337338406     
   1.1663333072712025E-002   5696.0369472469574     
   1.1996666398594778E-002   5450.2269766343034     
   1.2329999724477530E-002   5223.4805136520999     
   1.2663333050360282E-002   5018.3138843123297     
   1.2996666376243035E-002   4837.5444981605642     
   1.3329999702125788E-002   4684.2320242945880     
   1.3663333028008541E-002   4561.9000668007720     
   1.3996666353891294E-002   4473.6474272768492     
   1.4329999679774047E-002   4421.7908763819569     
   1.4663333005656799E-002   4408.2996007505444     
   1.4996666331539552E-002   4434.7022589384287     
   1.5329999657422304E-002   4502.0090235678990     
   1.5663332983305057E-002   4610.6535079581390     
   1.5996666309187810E-002   4760.4575924735673     
   1.6329999635070563E-002   4950.6201463037642     
   1.6663332960953316E-002   5179.7286872669793     
   1.6996666286836069E-002   5445.7913397554721     
   1.7329999612718822E-002   5746.2851846334270     
   1.7663332938601575E-002   6078.2163258371620     
   1.7996666264484328E-002   6438.1867458263023     
   1.8329999590367081E-002   6822.4632515639933     
   1.8663332916249831E-002   7227.0444482700896     
   1.8996666242132584E-002   7647.7226152744188     
   1.9329999568015337E-002   8080.1384773709469     
   1.9663332893898090E-002   8519.8280439905866     
   1.9996666219780843E-002   8962.2618130413284     
   2.0329999545663596E-002   9402.8776082678451     
   2.0663332871546349E-002   9837.1090619292881     
   2.0996666197429101E-002   10260.412216498287     
   2.1329999523311854E-002   10668.292873161823     
   2.1663332849194607E-002   11056.337158534843     
   2.1996666175077360E-002   11420.247333668156     
   2.2329999500960113E-002   11755.884170318006     
   2.2663332826842866E-002   12059.316325009608     
   2.2996666152725619E-002   12326.876123137659     
   2.3329999478608372E-002   12555.220107188636     
   2.3663332804491125E-002   12741.391698436208     
   2.3996666130373878E-002   12882.882468220319     
   2.4329999456256628E-002   12977.687909760756     
   2.4663332782139381E-002   13024.353331492017     
   2.4996666108022134E-002   13022.005626506278     
   2.5329999433904887E-002   12970.367249816960     
   2.5663332759787640E-002   12869.749758496208     
   2.5996666085670393E-002   12721.025697891848     
   2.6329999411553145E-002   12525.579360965650     
   2.6663332737435898E-002   12285.238870922749     
   2.6996666063318651E-002   12002.563503534884     
   2.7329999389201404E-002   11680.607576447299     
   2.7663332715084157E-002   11322.276839464419     
   2.7996666040966910E-002   10930.488855828318     
   2.8329999366849663E-002   10508.103973680823     
   2.8663332692732416E-002   10057.898547744304     
   2.8996666018615169E-002   9582.5783669342254     
   2.9329999344497919E-002   9084.8230691463796     
   2.9663332670380672E-002   8567.3469532450363     
   2.9996665996263425E-002   8032.9591447858247     
   3.0329999322146178E-002   7484.6070997038114     
   3.0663332648028931E-002   6925.3917546301836     
   3.0996665973911684E-002   6358.5493242608281     
   3.1329999299794437E-002   5787.4023154399147     
   3.1663332625677193E-002   5215.2890579715586     
   3.1996665951559942E-002   4645.4854096709087     
   3.2329999277442692E-002   4081.1333093421326     
   3.2663332603325448E-002   3525.1883780082258     
   3.2996665929208198E-002   2980.3935283684918     
   3.3329999255090954E-002   2449.2789491572362     
   3.3663332580973704E-002   1934.1826179687614     
   3.3996665906856460E-002   1437.2812443415760     
   3.4329999232739210E-002   960.62024347720126     
   3.4663332558621966E-002   506.13310784631585     
   3.4996665884504716E-002   75.644599863591793     
   3.5329999210387472E-002  -329.14289433311160     
   3.5663332536270222E-002  -706.67634836804973     
   3.5996665862152978E-002  -1055.5867738514598     
   3.6329999188035728E-002  -1374.7263002519976     
   3.6663332513918484E-002  -1663.2046833063032     
   3.6996665839801234E-002  -1920.4251980480312     
   3.7329999165683983E-002  -2146.1216817470295     
   3.7663332491566739E-002  -2340.3977532859190     
   3.7996665817449489E-002  -2503.7654701787496     
   3.8329999143332245E-002  -2637.1747496775652     
   3.8663332469214995E-002  -2742.0189077165492     
   3.8996665795097751E-002  -2820.0984985730447     
   3.9329999120980501E-002  -2873.5278598357518     
   3.9663332446863257E-002  -2904.5776495902060     
   3.9996665772746007E-002  -2915.4613296808539     
