   3.3333331843217230E-006  -146265.50928522454     
   3.2999999269843104E-004  -133678.55553681921     
   6.6333331858118379E-004  -95075.085888441594     
   9.9666664446393643E-004  -38369.805336550053     
   1.3299999703466892E-003   24256.037432648784     
   1.6633332962294419E-003   79692.946784027343     
   1.9966666221121949E-003   117517.73074959146     
   2.3299999479949474E-003   132701.36998316052     
   2.6633332738777004E-003   126501.15677058045     
   2.9966665997604534E-003   105276.69686810373     
   3.3299999256432059E-003   77725.148316956504     
   3.6633332515259584E-003   51603.479466397301     
   3.9966665774087114E-003   31170.701296800373     
   4.3299999032914644E-003   16275.020178068247     
   4.6633332291742165E-003   3350.0498769205788     
   4.9966665550569694E-003  -12169.671013212621     
   5.3299998809397224E-003  -33055.132667464059     
   5.6633332068224754E-003  -58288.265316941244     
   5.9966665327052283E-003  -82715.573244883737     
   6.3299998585879804E-003  -98542.568841104658     
   6.6633331844707334E-003  -98135.892723887548     
   6.9966665103534864E-003  -77085.901034861279     
   7.3299998362362385E-003  -36371.495306513098     
   7.6633331621189914E-003   17207.237941665062     
   7.9966664880017444E-003   72538.052134366182     
   8.3299998138844974E-003   117170.93518073985     
   8.6633331397672503E-003   140785.85835866700     
   8.9966664656500033E-003   138043.37937798054     
   9.3299997915327545E-003   109953.81857780361     
   9.6633331174155075E-003   63419.940706557660     
   9.9966664432982605E-003   9201.5287579867800     
   1.0329999769181013E-002  -40988.506955675723     
   1.0663333095063766E-002  -77357.686285254764     
   1.0996666420946519E-002  -94092.629319738873     
   1.1329999746829272E-002  -90160.529738775804     
   1.1663333072712025E-002  -68839.108974971547     
   1.1996666398594778E-002  -36323.699172301072     
   1.2329999724477530E-002   47.973687624522427     
   1.2663333050360282E-002   33423.488883124613     
   1.2996666376243035E-002   58557.726715213466     
   1.3329999702125788E-002   72314.739522091288     
   1.3663333028008541E-002   73555.899467235577     
   1.3996666353891294E-002   62806.735474236644     
   1.4329999679774047E-002   42486.519349761526     
   1.4663333005656799E-002   16717.779385920265     
   1.4996666331539552E-002  -9287.4650041845380     
   1.5329999657422304E-002  -30199.153724688025     
   1.5663332983305057E-002  -41724.511046566979     
   1.5996666309187810E-002  -41661.783004759673     
   1.6329999635070563E-002  -30537.137306285600     
   1.6663332960953316E-002  -11584.964920099101     
   1.6996666286836069E-002   9999.4246000705589     
   1.7329999612718822E-002   28390.242118839851     
   1.7663332938601575E-002   38706.067070226549     
   1.7996666264484328E-002   38384.907737352965     
   1.8329999590367081E-002   27942.157249153170     
   1.8663332916249831E-002   10855.805663206498     
   1.8996666242132584E-002  -7423.0396348016220     
   1.9329999568015337E-002  -21067.178692898415     
   1.9663332893898090E-002  -25612.751604751629     
   1.9996666219780843E-002  -19316.626254202292     
   2.0329999545663596E-002  -3711.4521971779914     
   2.0663332871546349E-002   16822.436413244875     
   2.0996666197429101E-002   36347.856349789850     
   2.1329999523311854E-002   49136.489022038979     
   2.1663332849194607E-002   51373.984143943875     
   2.1996666175077360E-002   42288.876229087946     
   2.2329999500960113E-002   24370.479627285848     
   2.2663332826842866E-002   2623.6395527108907     
   2.2996666152725619E-002  -16898.243152171159     
   2.3329999478608372E-002  -28829.011291527197     
   2.3663332804491125E-002  -29976.099856324956     
   2.3996666130373878E-002  -20134.971477998879     
   2.4329999456256628E-002  -2029.1125624691867     
   2.4663332782139381E-002   19557.733841015972     
   2.4996666108022134E-002   39158.364733065384     
   2.5329999433904887E-002   52083.560226603542     
   2.5663332759787640E-002   55555.323179913918     
   2.5996666085670393E-002   49232.820003953428     
   2.6329999411553145E-002   35055.540816356101     
   2.6663332737435898E-002   16531.905796160489     
   2.6996666063318651E-002  -2322.8860529241720     
   2.7329999389201404E-002  -17909.385354903556     
   2.7663332715084157E-002  -27460.863207654169     
   2.7996666040966910E-002  -29443.824537093333     
   2.8329999366849663E-002  -23741.104354069932     
   2.8663332692732416E-002  -11621.349961159995     
   2.8996666018615169E-002   4485.9406321310889     
   2.9329999344497919E-002   21383.258763900347     
   2.9663332670380672E-002   35630.176425256403     
   2.9996665996263425E-002   44148.313896438849     
   3.0329999322146178E-002   44829.186719967154     
   3.0663332648028931E-002   37042.303365474072     
   3.0996665973911684E-002   21926.521428301250     
   3.1329999299794437E-002   2358.0505662908909     
   3.1663332625677193E-002  -17467.309148006942     
   3.1996665951559942E-002  -32822.567945582778     
   3.2329999277442692E-002  -39495.413076190584     
   3.2663332603325448E-002  -34883.928977987249     
   3.2996665929208198E-002  -18873.843760766198     
   3.3329999255090954E-002   5770.5159002937435     
   3.3663332580973704E-002   33692.501770350093     
   3.3996665906856460E-002   57949.423085585157     
   3.4329999232739210E-002   71590.459277595568     
   3.4663332558621966E-002   69471.508736944961     
   3.4996665884504716E-002   49847.182261811060     
   3.5329999210387472E-002   15265.575503542015     
   3.5663332536270222E-002  -27587.229450075160     
   3.5996665862152978E-002  -69199.955915185303     
   3.6329999188035728E-002  -99493.922572682917     
   3.6663332513918484E-002  -110504.41153747050     
   3.6996665839801234E-002  -98761.004216808447     
   3.7329999165683983E-002  -66625.549413878907     
   3.7663332491566739E-002  -22053.512883105781     
   3.7996665817449489E-002   23350.257163714130     
   3.8329999143332245E-002   57599.128504409309     
   3.8663332469214995E-002   72058.746749455197     
   3.8996665795097751E-002   64509.384405982317     
   3.9329999120980501E-002   40434.862130382309     
   3.9663332446863257E-002   11836.470036983461     
   3.9996665772746007E-002  -6428.0698350567327     
