   3.3333331843217230E-006   15007.475399488116     
   3.2999999269843104E-004   15038.413529962669     
   6.6333331858118379E-004   15128.773416745669     
   9.9666664446393643E-004   15270.864782393459     
   1.3299999703466892E-003   15452.244726781737     
   1.6633332962294419E-003   15656.638770966943     
   1.9966666221121949E-003   15865.237923422021     
   2.3299999479949474E-003   16058.253386469158     
   2.6633332738777004E-003   16216.573425754183     
   2.9966665997604534E-003   16323.327329986716     
   3.3299999256432059E-003   16365.146158021480     
   3.6633332515259584E-003   16332.933943451730     
   3.9966665774087114E-003   16222.035183175287     
   4.3299999032914644E-003   16031.800741529922     
   4.6633332291742165E-003   15764.692671463468     
   4.9966665550569694E-003   15425.189709934821     
   5.3299998809397224E-003   15018.812828141172     
   5.6633332068224754E-003   14551.548279986775     
   5.9966665327052283E-003   14029.799157663161     
   6.3299998585879804E-003   13460.784429807012     
   6.6633331844707334E-003   12853.104543194775     
   6.9966665103534864E-003   12217.094529161377     
   7.3299998362362385E-003   11564.649151766998     
   7.6633331621189914E-003   10908.423158809659     
   7.9966664880017444E-003   10260.599272609843     
   8.3299998138844974E-003   9631.6456458482407     
   8.6633331397672503E-003   9029.5349867423320     
   8.9966664656500033E-003   8459.7283699536547     
   9.3299997915327545E-003   7925.9038417215324     
   9.6633331174155075E-003   7431.0808168258282     
   9.9966664432982605E-003   6978.6131192843786     
   1.0329999769181013E-002   6572.5822346986179     
   1.0663333095063766E-002   6217.3877980314701     
   1.0996666420946519E-002   5916.6753146249866     
   1.1329999746829272E-002   5672.0017865190757     
   1.1663333072712025E-002   5481.7087350819156     
   1.1996666398594778E-002   5340.3389301445541     
   1.2329999724477530E-002   5238.6816452701105     
   1.2663333050360282E-002   5164.2877762315602     
   1.2996666376243035E-002   5102.1649538770271     
   1.3329999702125788E-002   5035.3821309756695     
   1.3663333028008541E-002   4945.4497095966090     
   1.3996666353891294E-002   4812.5179998045533     
   1.4329999679774047E-002   4615.5739684636574     
   1.4663333005656799E-002   4332.8645816840180     
   1.4996666331539552E-002   3942.7282915633023     
   1.5329999657422304E-002   3424.9033853045235     
   1.5663332983305057E-002   2762.2482122806096     
   1.5996666309187810E-002   1942.6955303953587     
   1.6329999635070563E-002   961.19722582493205     
   1.6663332960953316E-002  -178.59682376548881     
   1.6996666286836069E-002  -1463.1493281836192     
   1.7329999612718822E-002  -2868.4975537594601     
   1.7663332938601575E-002  -4360.4549186345002     
   1.7996666264484328E-002  -5895.5678480899596     
   1.8329999590367081E-002  -7422.7798463774543     
   1.8663332916249831E-002  -8885.7030075494040     
   1.8996666242132584E-002  -10225.357293078339     
   1.9329999568015337E-002  -11383.208436857038     
   1.9663332893898090E-002  -12304.314962568133     
   1.9996666219780843E-002  -12940.383035911043     
   2.0329999545663596E-002  -13252.525374548211     
   2.0663332871546349E-002  -13213.528911413308     
   2.0996666197429101E-002  -12809.457819946823     
   2.1329999523311854E-002  -12040.456530205560     
   2.1663332849194607E-002  -10920.673423318269     
   2.1996666175077360E-002  -9477.2997774535615     
   2.2329999500960113E-002  -7748.8061460953986     
   2.2663332826842866E-002  -5782.5500806759192     
   2.2996666152725619E-002  -3632.0093516982233     
   2.3329999478608372E-002  -1353.9436448019110     
   2.3663332804491125E-002   994.21438712449526     
   2.3996666130373878E-002   3356.5023379771601     
   2.4329999456256628E-002   5679.9911260901663     
   2.4663332782139381E-002   7915.8061740794838     
   2.4996666108022134E-002   10019.781695049349     
   2.5329999433904887E-002   11952.990480615628     
   2.5663332759787640E-002   13682.351192756634     
   2.5996666085670393E-002   15181.367362733106     
   2.6329999411553145E-002   16430.849090074349     
   2.6663332737435898E-002   17419.303362048828     
   2.6996666063318651E-002   18142.650701861818     
   2.7329999389201404E-002   18603.087030551564     
   2.7663332715084157E-002   18807.225186324627     
   2.7996666040966910E-002   18763.994286548630     
   2.8329999366849663E-002   18482.976792012607     
   2.8663332692732416E-002   17973.791702931954     
   2.8996666018615169E-002   17246.774494727782     
   2.9329999344497919E-002   16314.691366257064     
   2.9663332670380672E-002   15194.783225055440     
   2.9996665996263425E-002   13910.276671328256     
   3.0329999322146178E-002   12490.713917754969     
   3.0663332648028931E-002   10970.953376266618     
   3.0996665973911684E-002   9389.2517514789270     
   3.1329999299794437E-002   7785.2033471455279     
   3.1663332625677193E-002   6198.3245043445368     
   3.1996665951559942E-002   4667.7383050904773     
   3.2329999277442692E-002   3232.8966216417784     
   3.2663332603325448E-002   1934.8005624218904     
   3.2996665929208198E-002   816.93511800362285     
   3.3329999255090954E-002  -74.805137201463367     
   3.3663332580973704E-002  -693.60696437292609     
   3.3996665906856460E-002  -994.62153988804494     
   3.4329999232739210E-002  -938.82212750054623     
   3.4663332558621966E-002  -497.17835578653921     
   3.4996665884504716E-002   345.55688897075925     
   3.5329999210387472E-002   1588.0298751547834     
   3.5663332536270222E-002   3210.7974247943284     
   3.5996665862152978E-002   5176.2813420303137     
   3.6329999188035728E-002   7430.0711324581907     
   3.6663332513918484E-002   9903.3402216318518     
   3.6996665839801234E-002   12516.073919097018     
   3.7329999165683983E-002   15180.799127855211     
   3.7663332491566739E-002   17806.534176853143     
   3.7996665817449489E-002   20302.721429561549     
   3.8329999143332245E-002   22582.951309861768     
   3.8663332469214995E-002   24568.327685717857     
   3.8996665795097751E-002   26190.360957597426     
   3.9329999120980501E-002   27393.309745330895     
   3.9663332446863257E-002   28135.927954404564     
   3.9996665772746007E-002   28392.612264597388     
