   3.3333331843217230E-006   42868.264384607508     
   3.2999999269843104E-004   42308.535875734669     
   6.6333331858118379E-004   40651.747945395036     
   9.9666664446393643E-004   37973.166515451296     
   1.3299999703466892E-003   34398.511570636962     
   1.6633332962294419E-003   30096.642495840784     
   1.9966666221121949E-003   25268.508665219728     
   2.3299999479949474E-003   20133.297487782478     
   2.6633332738777004E-003   14912.951864460991     
   2.9966665997604534E-003   9816.6645797157616     
   3.3299999256432059E-003   5027.2380655446887     
   3.6633332515259584E-003   691.18058227840083     
   3.9966665774087114E-003  -3086.0211665974293     
   4.3299999032914644E-003  -6238.8829069567073     
   4.6633332291742165E-003  -8735.7766442312804     
   4.9966665550569694E-003  -10569.505919709940     
   5.3299998809397224E-003  -11747.327875570048     
   5.6633332068224754E-003  -12283.293916064771     
   5.9966665327052283E-003  -12194.998977183783     
   6.3299998585879804E-003  -11505.247702337196     
   6.6633331844707334E-003  -10247.254086179379     
   6.9966665103534864E-003  -8470.5097297013272     
   7.3299998362362385E-003  -6244.0523941372248     
   7.6633331621189914E-003  -3654.8289137684133     
   7.9966664880017444E-003  -800.87765491871141     
   8.3299998138844974E-003   2218.6699253754286     
   8.6633331397672503E-003   5313.2668186076962     
   8.9966664656500033E-003   8406.7988080689302     
   9.3299997915327545E-003   11437.636840576975     
   9.6633331174155075E-003   14353.337369250501     
   9.9966664432982605E-003   17102.620667384137     
   1.0329999769181013E-002   19628.246148130962     
   1.0663333095063766E-002   21863.816349487162     
   1.0996666420946519E-002   23735.746862413140     
   1.1329999746829272E-002   25169.527112666361     
   1.1663333072712025E-002   26097.906414771096     
   1.1996666398594778E-002   26468.316764980998     
   1.2329999724477530E-002   26247.641393397083     
   1.2663333050360282E-002   25423.828901594163     
   1.2996666376243035E-002   24005.147408707962     
   1.3329999702125788E-002   22018.553065491978     
   1.3663333028008541E-002   19508.553847333555     
   1.3996666353891294E-002   16537.273251903280     
   1.4329999679774047E-002   13185.542004913614     
   1.4663333005656799E-002   9554.1460393732305     
   1.4996666331539552E-002   5764.0637811080142     
   1.5329999657422304E-002   1954.6684678851589     
   1.5663332983305057E-002  -1720.6687298979341     
   1.5996666309187810E-002  -5101.5521955000113     
   1.6329999635070563E-002  -8029.5547417072521     
   1.6663332960953316E-002  -10358.306937297455     
   1.6996666286836069E-002  -11963.604267119248     
   1.7329999612718822E-002  -12752.488090856883     
   1.7663332938601575E-002  -12670.427565878443     
   1.7996666264484328E-002  -11705.976046046630     
   1.8329999590367081E-002  -9892.5451325608774     
   1.8663332916249831E-002  -7307.1977161668819     
   1.8996666242132584E-002  -4066.5897648149139     
   1.9329999568015337E-002  -320.38301789923025     
   1.9663332893898090E-002   3757.3926579445915     
   1.9996666219780843E-002   7978.4256609941831     
   2.0329999545663596E-002   12150.966258398887     
   2.0663332871546349E-002   16090.680821583896     
   2.0996666197429101E-002   19630.755576735319     
   2.1329999523311854E-002   22630.523741467103     
   2.1663332849194607E-002   24981.985371017763     
   2.1996666175077360E-002   26613.754585996292     
   2.2329999500960113E-002   27492.206274135395     
   2.2663332826842866E-002   27619.891409270494     
   2.2996666152725619E-002   27031.613141744467     
   2.3329999478608372E-002   25788.848031202622     
   2.3663332804491125E-002   23973.385800253993     
   2.3996666130373878E-002   21681.078066600294     
   2.4329999456256628E-002   19016.395662954135     
   2.4663332782139381E-002   16088.121457691199     
   2.4996666108022134E-002   13006.053434233732     
   2.5329999433904887E-002   9878.2230817789732     
   2.5663332759787640E-002   6808.0139693536548     
   2.5996666085670393E-002   3890.7875448238347     
   2.6329999411553145E-002   1210.1357852193814     
   2.6663332737435898E-002  -1165.5305264806466     
   2.6996666063318651E-002  -3184.9921350169679     
   2.7329999389201404E-002  -4813.9012485653730     
   2.7663332715084157E-002  -6031.8897715340281     
   2.7996666040966910E-002  -6827.8733425963874     
   2.8329999366849663E-002  -7195.1941272658169     
   2.8663332692732416E-002  -7128.5142941190243     
   2.8996666018615169E-002  -6623.8004712029324     
   2.9329999344497919E-002  -5681.4971254067950     
   2.9663332670380672E-002  -4311.6077636227074     
   2.9996665996263425E-002  -2538.5371446052886     
   3.0329999322146178E-002  -403.62784443836608     
   3.0663332648028931E-002   2035.6688162312948     
   3.0996665973911684E-002   4709.5850444861553     
   3.1329999299794437E-002   7541.1556312721350     
   3.1663332625677193E-002   10450.576910004147     
   3.1996665951559942E-002   13357.216691939748     
   3.2329999277442692E-002   16178.857776039187     
   3.2663332603325448E-002   18829.054820226796     
   3.2996665929208198E-002   21214.361008883221     
   3.3329999255090954E-002   23233.327785312340     
   3.3663332580973704E-002   24778.618192302620     
   3.3996665906856460E-002   25742.586974283004     
   3.4329999232739210E-002   26025.657469281450     
   3.4663332558621966E-002   25546.093504891935     
   3.4996665884504716E-002   24249.487423260995     
   3.5329999210387472E-002   22116.448172299642     
   3.5663332536270222E-002   19167.435977998950     
   3.5996665862152978E-002   15464.267128712745     
   3.6329999188035728E-002   11108.343145518153     
   3.6663332513918484E-002   6236.0457298944857     
   3.6996665839801234E-002   1011.9539203577324     
   3.7329999165683983E-002  -4379.3941128756096     
   3.7663332491566739E-002  -9742.5070175637375     
   3.7996665817449489E-002  -14880.112141118860     
   3.8329999143332245E-002  -19601.991724426854     
   3.8663332469214995E-002  -23733.077884881634     
   3.8996665795097751E-002  -27120.489811039348     
   3.9329999120980501E-002  -29639.283975258164     
   3.9663332446863257E-002  -31196.780674477592     
   3.9996665772746007E-002  -31735.429619094208     
