   3.3333331843217230E-006  -201179.91236849502     
   3.2999999269843104E-004  -188333.39823688671     
   6.6333331858118379E-004  -151522.01773721844     
   9.9666664446393643E-004  -97129.525310738070     
   1.3299999703466892E-003  -34428.594145248870     
   1.6633332962294419E-003   26231.122463581269     
   1.9966666221121949E-003   75435.567487123888     
   2.3299999479949474E-003   106517.01447502966     
   2.6633332738777004E-003   116798.57140658144     
   2.9966665997604534E-003   108018.82004182140     
   3.3299999256432059E-003   85845.297892478586     
   3.6633332515259584E-003   58568.121144065262     
   3.9966665774087114E-003   35232.225380403223     
   4.3299999032914644E-003   23585.299763498246     
   4.6633332291742165E-003   28264.263489840960     
   4.9966665550569694E-003   49605.564045250649     
   5.3299998809397224E-003   83349.137515392678     
   5.6633332068224754E-003   121333.27345464926     
   5.9966665327052283E-003   153080.15613301430     
   6.3299998585879804E-003   167987.43457470683     
   6.6633331844707334E-003   157706.24171700265     
   6.9966665103534864E-003   118228.58767508692     
   7.3299998362362385E-003   51240.904705570079     
   7.6633331621189914E-003  -35577.437276711978     
   7.9966664880017444E-003  -129441.71534570394     
   8.3299998138844974E-003  -214442.20552121656     
   8.6633331397672503E-003  -274306.74967516540     
   8.9966664656500033E-003  -295466.56621959148     
   9.3299997915327545E-003  -269860.66922573140     
   9.6633331174155075E-003  -196931.04135649593     
   9.9966664432982605E-003  -84381.212317516387     
   1.0329999769181013E-002   52522.862015199207     
   1.0663333095063766E-002   193073.32692532387     
   1.0996666420946519E-002   314362.88057881052     
   1.1329999746829272E-002   395128.85482680151     
   1.1663333072712025E-002   419542.42751565797     
   1.1996666398594778E-002   380263.25475754519     
   1.2329999724477530E-002   280178.45867407240     
   1.2663333050360282E-002   132452.50530921581     
   1.2996666376243035E-002  -41202.030063972576     
   1.3329999702125788E-002  -213811.45417477240     
   1.3663333028008541E-002  -357479.78774263128     
   1.3996666353891294E-002  -448067.57494100637     
   1.4329999679774047E-002  -469411.01733549242     
   1.4663333005656799E-002  -416331.95629685605     
   1.4996666331539552E-002  -295873.28240865318     
   1.5329999657422304E-002  -126484.27732192172     
   1.5663332983305057E-002   64771.484099151858     
   1.5996666309187810E-002   246566.20747591092     
   1.6329999635070563E-002   388512.01212016208     
   1.6663332960953316E-002   466345.08565708215     
   1.6996666286836069E-002   466193.38064652670     
   1.7329999612718822E-002   387164.94379153592     
   1.7663332938601575E-002   241764.68260628328     
   1.7996666264484328E-002   54011.727342235157     
   1.8329999590367081E-002  -144473.63635590978     
   1.8663332916249831E-002  -319783.78100594215     
   1.8996666242132584E-002  -441548.15021585510     
   1.9329999568015337E-002  -488266.22195602895     
   1.9663332893898090E-002  -451207.23683899152     
   1.9996666219780843E-002  -336161.43037397368     
   2.0329999545663596E-002  -162685.12821297679     
   2.0663332871546349E-002   39088.266076714033     
   2.0996666197429101E-002   233570.87001146076     
   2.1329999523311854E-002   385923.66433679784     
   2.1663332849194607E-002   468275.27506245894     
   2.1996666175077360E-002   464859.27880727802     
   2.2329999500960113E-002   375132.86685856566     
   2.2663332826842866E-002   214268.23134816749     
   2.2996666152725619E-002   10852.694099507120     
   2.3329999478608372E-002  -197879.96230284756     
   2.3663332804491125E-002  -372519.98435422219     
   2.3996666130373878E-002  -478563.15654463152     
   2.4329999456256628E-002  -492869.42659003352     
   2.4663332782139381E-002  -408332.73891918967     
   2.4996666108022134E-002  -235869.89404687029     
   2.5329999433904887E-002  -3274.5464643649175     
   2.5663332759787640E-002   248985.52610619745     
   2.5996666085670393E-002   474413.13966814720     
   2.6329999411553145E-002   628505.05499682925     
   2.6663332737435898E-002   676810.22084264201     
   2.6996666063318651E-002   601620.73105202301     
   2.7329999389201404E-002   406074.13036272459     
   2.7663332715084157E-002   114842.64238329028     
   2.7996666040966910E-002  -228862.77073905047     
   2.8329999366849663E-002  -569626.91207909677     
   2.8663332692732416E-002  -848574.75340976869     
   2.8996666018615169E-002  -1013151.5170157751     
   2.9329999344497919E-002  -1026334.8977011838     
   2.9663332670380672E-002  -873708.40807915968     
   2.9996665996263425E-002  -567122.04076463822     
   3.0329999322146178E-002  -144186.83371409430     
   3.0663332648028931E-002   336486.55880672741     
   3.0996665973911684E-002   803694.74152732885     
   3.1329999299794437E-002   1184461.2226959493     
   3.1663332625677193E-002   1415597.6467645860     
   3.1996665951559942E-002   1454158.1669981538     
   3.2329999277442692E-002   1285058.8579500909     
   3.2663332603325448E-002   924540.20250250981     
   3.2996665929208198E-002   418783.45111756946     
   3.3329999255090954E-002  -162246.71322925223     
   3.3663332580973704E-002  -734891.33062067931     
   3.3996665906856460E-002  -1214323.9820206440     
   3.4329999232739210E-002  -1527594.4167415218     
   3.4663332558621966E-002  -1625140.8793072617     
   3.4996665884504716E-002  -1488921.7743243997     
   3.5329999210387472E-002  -1135816.2103320095     
   3.5663332536270222E-002  -615667.09782214474     
   3.5996665862152978E-002  -4177.2753872431640     
   3.6329999188035728E-002   608313.88494418934     
   3.6663332513918484E-002   1130479.9837863208     
   3.6996665839801234E-002   1483983.5083205600     
   3.7329999165683983E-002   1615600.0693661044     
   3.7663332491566739E-002   1505578.7815485823     
   3.7996665817449489E-002   1170898.1124395072     
   3.8329999143332245E-002   662865.60224554758     
   3.8663332469214995E-002   59392.869396179136     
   3.8996665795097751E-002  -546885.35294813011     
   3.9329999120980501E-002  -1062821.0427939128     
   3.9663332446863257E-002  -1409090.5817581625     
   3.9996665772746007E-002  -1532430.5534171453     
