   3.3333331843217230E-006  -3532809.6951639387     
   3.2999999269843104E-004  -3214354.9750567498     
   6.6333331858118379E-004  -2305281.2207544940     
   9.9666664446393643E-004  -974150.93047106022     
   1.3299999703466892E-003   532503.02243521414     
   1.6633332962294419E-003   1936227.6772395703     
   1.9966666221121949E-003   2978584.3036303748     
   2.3299999479949474E-003   3469218.0290574287     
   2.6633332738777004E-003   3321057.6892245188     
   2.9966665997604534E-003   2566080.0553673906     
   3.3299999256432059E-003   1348744.0299688280     
   3.6633332515259584E-003  -101591.65146393061     
   3.9966665774087114E-003  -1514005.0263941234     
   4.3299999032914644E-003  -2626895.2611877401     
   4.6633332291742165E-003  -3236821.2414627052     
   4.9966665550569694E-003  -3236128.3067354495     
   5.3299998809397224E-003  -2632351.7530118520     
   5.6633332068224754E-003  -1545854.0725935167     
   5.9966665327052283E-003  -186274.07088903344     
   6.3299998585879804E-003   1187641.8945428040     
   6.6633331844707334E-003   2317147.6021437556     
   6.9966665103534864E-003   2992223.2069344167     
   7.3299998362362385E-003   3090728.9148894446     
   7.6633331621189914E-003   2600661.4615621693     
   7.9966664880017444E-003   1621430.0057371655     
   8.3299998138844974E-003   344062.78080408467     
   8.6633331397672503E-003  -985756.87326045893     
   8.9966664656500033E-003  -2114702.1856764071     
   9.3299997915327545E-003  -2829884.8829154484     
   9.6633331174155075E-003  -2998888.6585466918     
   9.9966664432982605E-003  -2594224.0026501352     
   1.0329999769181013E-002  -1697680.6041318555     
   1.0663333095063766E-002  -483898.54213691386     
   1.0996666420946519E-002   813571.95430181280     
   1.1329999746829272E-002   1947150.5522865299     
   1.1663333072712025E-002   2702442.7541926014     
   1.1996666398594778E-002   2938802.8985261340     
   1.2329999724477530E-002   2615580.2954601673     
   1.2663333050360282E-002   1799156.4848714378     
   1.2996666376243035E-002   649564.45754699002     
   1.3329999702125788E-002  -610631.20361927315     
   1.3663333028008541E-002  -1739160.9473921154     
   1.3996666353891294E-002  -2520366.1875277436     
   1.4329999679774047E-002  -2806177.3639977905     
   1.4663333005656799E-002  -2543997.7167547424     
   1.4996666331539552E-002  -1786272.7107479642     
   1.5329999657422304E-002  -680035.22316026385     
   1.5663332983305057E-002   561472.57849535171     
   1.5996666309187810E-002   1699613.5987247068     
   1.6329999635070563E-002   2515797.1661541141     
   1.6663332960953316E-002   2852912.3735842775     
   1.6996666286836069E-002   2644934.2560934746     
   1.7329999612718822E-002   1929173.7541695214     
   1.7663332938601575E-002   838961.24001766928     
   1.7996666264484328E-002  -421735.77532485453     
   1.8329999590367081E-002  -1616862.7303160261     
   1.8663332916249831E-002  -2522653.6174483406     
   1.8996666242132584E-002  -2969452.0141965700     
   1.9329999568015337E-002  -2873148.8246591669     
   1.9663332893898090E-002  -2250428.8381038141     
   1.9996666219780843E-002  -1215112.0981288117     
   2.0329999545663596E-002   43551.927028400009     
   2.0663332871546349E-002   1296407.9013607844     
   2.0996666197429101E-002   2316968.2804769385     
   2.1329999523311854E-002   2923032.3556578355     
   2.1663332849194607E-002   3009626.0880399551     
   2.1996666175077360E-002   2567262.3918299805     
   2.2329999500960113E-002   1682345.2908587374     
   2.2663332826842866E-002   519917.50571068551     
   2.2996666152725619E-002  -707763.65404522186     
   2.3329999478608372E-002  -1780758.7487867242     
   2.3663332804491125E-002  -2511624.7303187638     
   2.3996666130373878E-002  -2778799.9403154822     
   2.4329999456256628E-002  -2547169.9076692238     
   2.4663332782139381E-002  -1872300.8437123492     
   2.4996666108022134E-002  -887944.48681236350     
   2.5329999433904887E-002   220460.06952190492     
   2.5663332759787640E-002   1251022.4712094944     
   2.5996666085670393E-002   2022618.2704149506     
   2.6329999411553145E-002   2407142.9626779193     
   2.6663332737435898E-002   2350979.5102504706     
   2.6996666063318651E-002   1882040.5087020248     
   2.7329999389201404E-002   1101553.8365897359     
   2.7663332715084157E-002   162643.24792345939     
   2.7996666040966910E-002  -759835.67080159485     
   2.8329999366849663E-002  -1502252.4832221479     
   2.8663332692732416E-002  -1941683.4874595858     
   2.8996666018615169E-002  -2016532.7624675550     
   2.9329999344497919E-002  -1734785.0854977577     
   2.9663332670380672E-002  -1168864.3799206093     
   2.9996665996263425E-002  -438660.74366214126     
   3.0329999322146178E-002   313515.20376420836     
   3.0663332648028931E-002   950900.63056558440     
   3.0996665973911684E-002   1367676.8026351605     
   3.1329999299794437E-002   1507032.0405326362     
   3.1663332625677193E-002   1368761.2428579866     
   3.1996665951559942E-002   1005451.0491533849     
   3.2329999277442692E-002   508579.99772880459     
   3.2663332603325448E-002  -12208.330856929068     
   3.2996665929208198E-002  -452193.44834631449     
   3.3329999255090954E-002  -732289.68506459123     
   3.3663332580973704E-002  -813329.78515082854     
   3.3996665906856460E-002  -701342.67519217567     
   3.4329999232739210E-002  -443187.05755461974     
   3.4663332558621966E-002  -113900.22294418933     
   3.4996665884504716E-002   201229.48773571756     
   3.5329999210387472E-002   425882.96408823039     
   3.5663332536270222E-002   509117.80525693553     
   3.5996665862152978E-002   435589.38531901687     
   3.6329999188035728E-002   227623.46910582599     
   3.6663332513918484E-002  -61040.159933057148     
   3.6996665839801234E-002  -358241.18896471709     
   3.7329999165683983E-002  -590143.31426109886     
   3.7663332491566739E-002  -698011.20055277762     
   3.7996665817449489E-002  -651370.99869799777     
   3.8329999143332245E-002  -454748.75538314297     
   3.8663332469214995E-002  -146607.64196083829     
   3.8996665795097751E-002   209194.64684818621     
   3.9329999120980501E-002   537495.96390586265     
   3.9663332446863257E-002   768353.89487052476     
   3.9996665772746007E-002   852386.71989545808     
