   3.3333331843217230E-006  -306472.04829392326     
   3.2999999269843104E-004  -256058.36807948851     
   6.6333331858118379E-004  -118580.66710528985     
   9.9666664446393643E-004   62712.181270873305     
   1.3299999703466892E-003   229961.63592985153     
   1.6633332962294419E-003   328107.43054741330     
   1.9966666221121949E-003   321831.10532759089     
   2.3299999479949474E-003   207095.77159801417     
   2.6633332738777004E-003   13786.733276782375     
   2.9966665997604534E-003  -201592.70708824933     
   3.3299999256432059E-003  -371419.63701652735     
   3.6633332515259584E-003  -436514.66677856701     
   3.9966665774087114E-003  -364343.43631438003     
   4.3299999032914644E-003  -160599.27600535349     
   4.6633332291742165E-003   129459.77177492477     
   4.9966665550569694E-003   430855.22844189737     
   5.3299998809397224E-003   657795.52218072140     
   5.6633332068224754E-003   736927.43500769534     
   5.9966665327052283E-003   628784.34359647427     
   6.3299998585879804E-003   341456.51975886239     
   6.6633331844707334E-003  -67701.882111372848     
   6.9966665103534864E-003  -503521.57874804741     
   7.3299998362362385E-003  -855364.92161162768     
   7.6633331621189914E-003  -1025099.3070541134     
   7.9966664880017444E-003  -953660.40224737267     
   8.3299998138844974E-003  -639165.95777142548     
   8.6633331397672503E-003  -141376.04978710922     
   8.9966664656500033E-003   429431.87358097039     
   9.3299997915327545E-003   937181.61010435817     
   9.6633331174155075E-003   1252729.0377163300     
   9.9966664432982605E-003   1286701.8787430055     
   1.0329999769181013E-002   1014136.2501680625     
   1.0663333095063766E-002   484282.79484786326     
   1.0996666420946519E-002  -187610.64203574133     
   1.1329999746829272E-002  -845349.21207540890     
   1.1663333072712025E-002  -1328218.1183863299     
   1.1996666398594778E-002  -1510258.2662560770     
   1.2329999724477530E-002  -1332795.8152098400     
   1.2663333050360282E-002  -821908.78216217249     
   1.2996666376243035E-002  -85901.267008700626     
   1.3329999702125788E-002   707413.75813378568     
   1.3663333028008541E-002   1368872.6103209411     
   1.3996666353891294E-002   1732853.5698616556     
   1.4329999679774047E-002   1698239.7855240442     
   1.4663333005656799E-002   1255371.2258104014     
   1.4996666331539552E-002   491963.68581375515     
   1.5329999657422304E-002  -424164.45980891789     
   1.5663332983305057E-002  -1282182.1981210592     
   1.5996666309187810E-002  -1876894.9628120579     
   1.6329999635070563E-002  -2057666.7178130057     
   1.6663332960953316E-002  -1765934.6843473571     
   1.6996666286836069E-002  -1052038.7929628517     
   1.7329999612718822E-002  -66777.559184535872     
   1.7663332938601575E-002   970993.47980589652     
   1.7996666264484328E-002   1823673.3857618044     
   1.8329999590367081E-002   2289907.5632206332     
   1.8663332916249831E-002   2252427.6966532236     
   1.8996666242132584E-002   1707320.6123911152     
   1.9329999568015337E-002   767455.81133516831     
   1.9663332893898090E-002  -361249.34704903251     
   1.9996666219780843E-002  -1425679.1900346139     
   2.0329999545663596E-002  -2183151.0823186538     
   2.0663332871546349E-002  -2457561.9015631545     
   2.0996666197429101E-002  -2180929.2259299341     
   2.1329999523311854E-002  -1410441.4935654630     
   2.1663332849194607E-002  -316731.77352834580     
   2.1996666175077360E-002   854235.04450591293     
   2.2329999500960113E-002   1837081.3380160539     
   2.2663332826842866E-002   2407917.5129355416     
   2.2996666152725619E-002   2436118.6050829901     
   2.3329999478608372E-002   1914880.5599084548     
   2.3663332804491125E-002   963316.15851127496     
   2.3996666130373878E-002  -200564.68727896461     
   2.4329999456256628E-002  -1309864.5720913827     
   2.4663332782139381E-002  -2110283.7648163941     
   2.4996666108022134E-002  -2418840.7720705615     
   2.5329999433904887E-002  -2166177.3534675729     
   2.5663332759787640E-002  -1412577.8655744302     
   2.5996666085670393E-002  -333932.26927557314     
   2.6329999411553145E-002   819130.14308885997     
   2.6663332737435898E-002   1779449.0296052720     
   2.6996666063318651E-002   2325340.7113785353     
   2.7329999389201404E-002   2331966.1472298889     
   2.7663332715084157E-002   1800097.1192942110     
   2.7996666040966910E-002   855593.65942164720     
   2.8329999366849663E-002  -280253.75347583264     
   2.8663332692732416E-002  -1342558.5830408244     
   2.8996666018615169E-002  -2084714.4878448604     
   2.9329999344497919E-002  -2335844.0583951846     
   2.9663332670380672E-002  -2040403.8494064778     
   2.9996665996263425E-002  -1270722.5746112484     
   3.0329999322146178E-002  -209598.05076898559     
   3.0663332648028931E-002   892906.50854567555     
   3.0996665973911684E-002   1778289.8138742018     
   3.1329999299794437E-002   2240242.8594204718     
   3.1663332625677193E-002   2172863.0935107749     
   3.1996665951559942E-002   1595169.5177229790     
   3.2329999277442692E-002   646214.80984706222     
   3.2663332603325448E-002  -447999.56597117201     
   3.2996665929208198E-002  -1427981.3152840675     
   3.3329999255090954E-002  -2061981.0233194898     
   3.3663332580973704E-002  -2200593.9473340251     
   3.3996665906856460E-002  -1811896.8692489553     
   3.4329999232739210E-002  -988873.86753313849     
   3.4663332558621966E-002   72595.397015141250     
   3.4996665884504716E-002   1119990.7960433178     
   3.5329999210387472E-002   1903759.8848630246     
   3.5663332536270222E-002   2236253.1749742180     
   3.5996665862152978E-002   2036120.5181287467     
   3.6329999188035728E-002   1347718.9635466468     
   3.6663332513918484E-002   330952.23278485652     
   3.6996665839801234E-002  -776093.14599905163     
   3.7329999165683983E-002  -1712959.9572530980     
   3.7663332491566739E-002  -2257989.6537634935     
   3.7996665817449489E-002  -2280493.1757483138     
   3.8329999143332245E-002  -1771670.4542398162     
   3.8663332469214995E-002  -847003.37964306318     
   3.8996665795097751E-002   280467.95031471801     
   3.9329999120980501E-002   1349750.6378543670     
   3.9663332446863257E-002   2112785.5043345359     
   3.9996665772746007E-002   2392366.2092743702     
