   3.3333331843217230E-006  -40868.281973823869     
   3.2999999269843104E-004  -39253.752929745802     
   6.6333331858118379E-004  -34542.790089122624     
   9.9666664446393643E-004  -27071.603705695605     
   1.3299999703466892E-003  -17377.700993637318     
   1.6633332962294419E-003  -6159.7805768773269     
   1.9966666221121949E-003   5777.1954246474006     
   2.3299999479949474E-003   17586.981725385893     
   2.6633332738777004E-003   28451.904264473720     
   2.9966665997604534E-003   37651.192061642068     
   3.3299999256432059E-003   44620.515172015133     
   3.6633332515259584E-003   48995.336169602699     
   3.9966665774087114E-003   50631.762875760505     
   4.3299999032914644E-003   49601.175984649657     
   4.6633332291742165E-003   46158.939511643839     
   4.9966665550569694E-003   40692.397704515868     
   5.3299998809397224E-003   33657.990341788733     
   5.6633332068224754E-003   25520.232996291648     
   5.9966665327052283E-003   16705.207579489415     
   6.3299998585879804E-003   7577.5084183541203     
   6.6633331844707334E-003  -1557.1171600411976     
   6.9966665103534864E-003  -10429.066032467257     
   7.3299998362362385E-003  -18774.161384141305     
   7.6633331621189914E-003  -26309.460866839760     
   7.9966664880017444E-003  -32727.465883218087     
   8.3299998138844974E-003  -37713.472273735009     
   8.6633331397672503E-003  -40981.753176012557     
   8.9966664656500033E-003  -42318.788991670284     
   9.3299997915327545E-003  -41618.836844260251     
   9.6633331174155075E-003  -38899.925394734790     
   9.9966664432982605E-003  -34295.679668514007     
   1.0329999769181013E-002  -28027.196504406573     
   1.0663333095063766E-002  -20365.970054413643     
   1.0996666420946519E-002  -11601.076998299055     
   1.1329999746829272E-002  -2020.9299750421051     
   1.1663333072712025E-002   8086.6034258584732     
   1.1996666398594778E-002   18419.303144492518     
   1.2329999724477530E-002   28640.010672899509     
   1.2663333050360282E-002   38361.344668360347     
   1.2996666376243035E-002   47144.791628438681     
   1.3329999702125788E-002   54518.621707018014     
   1.3663333028008541E-002   60013.546024422387     
   1.3996666353891294E-002   63210.328303118804     
   1.4329999679774047E-002   63790.828083491040     
   1.4663333005656799E-002   61583.515232050784     
   1.4996666331539552E-002   56595.992059995660     
   1.5329999657422304E-002   49029.731754861859     
   1.5663332983305057E-002   39275.265378398457     
   1.5996666309187810E-002   27888.774817163739     
   1.6329999635070563E-002   15553.108371256898     
   1.6663332960953316E-002   3027.5304300413118     
   1.6996666286836069E-002  -8908.8692626304110     
   1.7329999612718822E-002  -19515.086640930625     
   1.7663332938601575E-002  -28142.684325272661     
   1.7996666264484328E-002  -34282.620903971911     
   1.8329999590367081E-002  -37600.941596121513     
   1.8663332916249831E-002  -37960.761748282668     
   1.8996666242132584E-002  -35429.052423437417     
   1.9329999568015337E-002  -30267.924998566203     
   1.9663332893898090E-002  -22911.326477758514     
   1.9996666219780843E-002  -13929.193601939074     
   2.0329999545663596E-002  -3982.0659193153733     
   2.0663332871546349E-002   6230.1555090770617     
   2.0996666197429101E-002   16021.235819556330     
   2.1329999523311854E-002   24769.272594165512     
   2.1663332849194607E-002   31961.041357913804     
   2.1996666175077360E-002   37226.482242574442     
   2.2329999500960113E-002   40360.430751937405     
   2.2663332826842866E-002   41329.579494312507     
   2.2996666152725619E-002   40263.831523787587     
   2.3329999478608372E-002   37432.699256193548     
   2.3663332804491125E-002   33209.166472943019     
   2.3996666130373878E-002   28025.276231725729     
   2.4329999456256628E-002   22325.281797697178     
   2.4663332782139381E-002   16523.027192153982     
   2.4996666108022134E-002   10969.842348770693     
   2.5329999433904887E-002   5937.3822348422582     
   2.5663332759787640E-002   1616.6506172562913     
   2.5996666085670393E-002  -1869.4192796195712     
   2.6329999411553145E-002  -4445.9168022764170     
   2.6663332737435898E-002  -6066.3705092911077     
   2.6996666063318651E-002  -6700.9143474375851     
   2.7329999389201404E-002  -6336.2807775367583     
   2.7663332715084157E-002  -4986.8672767612625     
   2.7996666040966910E-002  -2711.4013915932392     
   2.8329999366849663E-002   372.98445003737834     
   2.8663332692732416E-002   4086.9253444975402     
   2.8996666018615169E-002   8199.1768860124284     
   2.9329999344497919E-002   12449.606645520251     
   2.9663332670380672E-002   16578.321300349187     
   2.9996665996263425E-002   20352.081452089988     
   3.0329999322146178E-002   23580.407597888770     
   3.0663332648028931E-002   26118.046478587832     
   3.0996665973911684E-002   27855.891905811448     
   3.1329999299794437E-002   28706.776985407490     
   3.1663332625677193E-002   28594.110461929900     
   3.1996665951559942E-002   27449.706451152837     
   3.2329999277442692E-002   25223.236643030814     
   3.2663332603325448E-002   21901.179046267214     
   3.2996665929208198E-002   17529.625491271781     
   3.3329999255090954E-002   12233.895419630240     
   3.3663332580973704E-002   6228.7439442861651     
   3.3996665906856460E-002  -184.56247320789498     
   3.4329999232739210E-002  -6634.8952728659724     
   3.4663332558621966E-002  -12709.406026090701     
   3.4996665884504716E-002  -17989.040892597324     
   3.5329999210387472E-002  -22086.551572739914     
   3.5663332536270222E-002  -24682.351468750458     
   3.5996665862152978E-002  -25554.427007130336     
   3.6329999188035728E-002  -24599.648183820511     
   3.6663332513918484E-002  -21844.956760441630     
   3.6996665839801234E-002  -17447.904231474677     
   3.7329999165683983E-002  -11686.836464012453     
   3.7663332491566739E-002  -4941.7117451960785     
   3.7996665817449489E-002   2332.8637230076147     
   3.8329999143332245E-002   9640.2803532529651     
   3.8663332469214995E-002   16477.734725695067     
   3.8996665795097751E-002   22372.439855134784     
   3.9329999120980501E-002   26915.447218441033     
   3.9663332446863257E-002   29790.528597443277     
   3.9996665772746007E-002   30796.055430266035     
