   3.3333331843217230E-006  -5036765.7007831484     
   3.2999999269843104E-004  -4586128.1300636344     
   6.6333331858118379E-004  -3307952.3185465517     
   9.9666664446393643E-004  -1433614.6548842331     
   1.3299999703466892E-003   696743.75932564377     
   1.6633332962294419E-003   2695690.6953271898     
   1.9966666221121949E-003   4199960.0519153532     
   2.3299999479949474E-003   4938329.9694354171     
   2.6633332738777004E-003   4782688.6019771891     
   2.9966665997604534E-003   3772000.0985536398     
   3.3299999256432059E-003   2104082.0598072223     
   3.6633332515259584E-003   96551.451681928243     
   3.9966665774087114E-003  -1875361.7016909383     
   4.3299999032914644E-003  -3451595.6806162121     
   4.6633332291742165E-003  -4355881.5441112630     
   4.9966665550569694E-003  -4446414.4510819837     
   5.3299998809397224E-003  -3738716.7677416978     
   5.6633332068224754E-003  -2396868.7908774791     
   5.9966665327052283E-003  -696007.09038721677     
   6.3299998585879804E-003   1035139.5148959581     
   6.6633331844707334E-003   2479194.9994476456     
   6.9966665103534864E-003   3389263.3957738928     
   7.3299998362362385E-003   3631017.0065642004     
   7.6633331621189914E-003   3200805.2397565404     
   7.9966664880017444E-003   2218172.5189171182     
   8.3299998138844974E-003   896269.64558050712     
   8.6633331397672503E-003  -502557.70699168346     
   8.9966664656500033E-003  -1716820.6997266337     
   9.3299997915327545E-003  -2532460.0597159425     
   9.6633331174155075E-003  -2818453.2297206311     
   9.9966664432982605E-003  -2546526.1188502461     
   1.0329999769181013E-002  -1792863.9796515000     
   1.0663333095063766E-002  -722329.09657434991     
   1.0996666420946519E-002   442124.08991549595     
   1.1329999746829272E-002   1460392.2891388037     
   1.1663333072712025E-002   2120665.8951413962     
   1.1996666398594778E-002   2282410.6280258726     
   1.2329999724477530E-002   1909298.3149373105     
   1.2663333050360282E-002   1084695.6892794438     
   1.2996666376243035E-002   3810.8140352617484     
   1.3329999702125788E-002  -1060242.4068420890     
   1.3663333028008541E-002  -1804009.4469464421     
   1.3996666353891294E-002  -1981040.1160974451     
   1.4329999679774047E-002  -1515840.6792045685     
   1.4663333005656799E-002  -542984.44222485577     
   1.4996666331539552E-002   620388.30805765383     
   1.5329999657422304E-002   1572170.5244976645     
   1.5663332983305057E-002   1964376.2019154069     
   1.5996666309187810E-002   1634935.0668793081     
   1.6329999635070563E-002   680489.52873013867     
   1.6663332960953316E-002  -563672.50610197778     
   1.6996666286836069E-002  -1636732.9702515861     
   1.7329999612718822E-002  -2121474.8314536503     
   1.7663332938601575E-002  -1806861.3948182669     
   1.7996666264484328E-002  -779434.40469093295     
   1.8329999590367081E-002   596815.44846688281     
   1.8663332916249831E-002   1809960.1824583597     
   1.8996666242132584E-002   2392705.0343068880     
   1.9329999568015337E-002   2104184.3061590912     
   1.9663332893898090E-002   1028644.9295572676     
   1.9996666219780843E-002  -450182.58607548848     
   2.0329999545663596E-002  -1791353.1495597989     
   2.0663332871546349E-002  -2501138.8522130470     
   2.0996666197429101E-002  -2319832.3452186696     
   2.1329999523311854E-002  -1318000.8051504348     
   2.1663332849194607E-002   134408.45498144208     
   2.1996666175077360E-002   1511996.7371750511     
   2.2329999500960113E-002   2332599.7701208796     
   2.2663332826842866E-002   2332708.4212062210     
   2.2996666152725619E-002   1553580.7813866385     
   2.3329999478608372E-002   309668.43843801133     
   2.3663332804491125E-002  -942019.38011634233     
   2.3996666130373878E-002  -1776023.0248656708     
   2.4329999456256628E-002  -1947642.8542128275     
   2.4663332782139381E-002  -1463689.3399969197     
   2.4996666108022134E-002  -555574.51553081209     
   2.5329999433904887E-002   425772.34534200444     
   2.5663332759787640E-002   1146284.7021850038     
   2.5996666085670393E-002   1402999.6743663913     
   2.6329999411553145E-002   1177267.3029578663     
   2.6663332737435898E-002   615548.69184231875     
   2.6996666063318651E-002  -45561.417720253812     
   2.7329999389201404E-002  -583638.08085931791     
   2.7663332715084157E-002  -854771.33328246791     
   2.7996666040966910E-002  -819340.06011889200     
   2.8329999366849663E-002  -536987.46660527319     
   2.8663332692732416E-002  -133201.51738006866     
   2.8996666018615169E-002   248275.81360928516     
   2.9329999344497919E-002   491251.72301559895     
   2.9663332670380672E-002   538149.47008793475     
   2.9996665996263425E-002   399534.41669970570     
   3.0329999322146178E-002   142382.26251731976     
   3.0663332648028931E-002  -136682.89386940491     
   3.0996665973911684E-002  -343595.53619794338     
   3.1329999299794437E-002  -414669.22990399471     
   3.1663332625677193E-002  -332677.58278940886     
   3.1996665951559942E-002  -127994.53378009144     
   3.2329999277442692E-002   133920.92902571434     
   3.2663332603325448E-002   373825.83735520893     
   3.2996665929208198E-002   522056.63160184561     
   3.3329999255090954E-002   537378.43723007373     
   3.3663332580973704E-002   416612.08613102394     
   3.3996665906856460E-002   193237.29730934533     
   3.4329999232739210E-002  -73747.303223734591     
   3.4663332558621966E-002  -316974.69816482347     
   3.4996665884504716E-002  -478875.56831735338     
   3.5329999210387472E-002  -525998.30548969866     
   3.5663332536270222E-002  -455992.80312002695     
   3.5996665862152978E-002  -295931.69804310100     
   3.6329999188035728E-002  -92997.144053101190     
   3.6663332513918484E-002   99497.149018088850     
   3.6996665839801234E-002   236714.27982010238     
   3.7329999165683983E-002   293537.22907590820     
   3.7663332491566739E-002   269540.21034826874     
   3.7996665817449489E-002   186612.55655720923     
   3.8329999143332245E-002   80243.527376923710     
   3.8663332469214995E-002  -12736.294230021769     
   3.8996665795097751E-002  -66151.961634526902     
   3.9329999120980501E-002  -72475.274163564434     
   3.9663332446863257E-002  -44219.340320622083     
   3.9996665772746007E-002  -8122.5193190420978     
