   3.3333331843217230E-006  -10963031.138429832     
   3.2999999269843104E-004  -9783990.7087338977     
   6.6333331858118379E-004  -6462237.6964073461     
   9.9666664446393643E-004  -1736706.5233413037     
   1.3299999703466892E-003   3343907.0935619562     
   1.6633332962294419E-003   7657132.7114311159     
   1.9966666221121949E-003   10258374.718412559     
   2.3299999479949474E-003   10591128.584795294     
   2.6633332738777004E-003   8608365.8378286976     
   2.9966665997604534E-003   4778191.3504101317     
   3.3299999256432059E-003  -26583.876031220891     
   3.6633332515259584E-003  -4728869.3853779119     
   3.9966665774087114E-003  -8291370.1649348401     
   4.3299999032914644E-003  -9948480.2920212038     
   4.6633332291742165E-003  -9373562.8654324543     
   4.9966665550569694E-003  -6744553.0141140539     
   5.3299998809397224E-003  -2694502.2910217191     
   5.6633332068224754E-003   1839867.5452059130     
   5.9966665327052283E-003   5835439.7620328693     
   6.3299998585879804E-003   8415185.2491001785     
   6.6633331844707334E-003   9042619.1230008826     
   6.9966665103534864E-003   7634664.2401655465     
   7.3299998362362385E-003   4568877.8991919728     
   7.6633331621189914E-003   585707.56525363214     
   7.9966664880017444E-003  -3389465.8507521166     
   8.3299998138844974E-003  -6461829.8961412385     
   8.6633331397672503E-003  -7969832.5628934130     
   8.9966664656500033E-003  -7628830.9510307284     
   9.3299997915327545E-003  -5584203.4016686222     
   9.6633331174155075E-003  -2364144.9751962111     
   9.9966664432982605E-003   1254152.2531702099     
   1.0329999769181013E-002   4431498.1630312242     
   1.0663333095063766E-002   6461986.6161022466     
   1.0996666420946519E-002   6930971.4163730927     
   1.1329999746829272E-002   5800133.3659111708     
   1.1663333072712025E-002   3402102.8342225291     
   1.1996666398594778E-002   348805.35738518741     
   1.2329999724477530E-002  -2622167.2621754687     
   1.2663333050360282E-002  -4825006.3859922886     
   1.2996666376243035E-002  -5784353.1829766966     
   1.3329999702125788E-002  -5338346.8385748658     
   1.3663333028008541E-002  -3663569.3835104615     
   1.3996666353891294E-002  -1218694.9258634388     
   1.4329999679774047E-002   1376849.4825715660     
   1.4663333005656799E-002   3497870.7863621805     
   1.4996666331539552E-002   4663628.0236002728     
   1.5329999657422304E-002   4647241.8268333133     
   1.5663332983305057E-002   3519268.0339898369     
   1.5996666309187810E-002   1617171.4645375812     
   1.6329999635070563E-002  -549261.24184671044     
   1.6663332960953316E-002  -2431178.9007576862     
   1.6996666286836069E-002  -3578474.6630843040     
   1.7329999612718822E-002  -3747902.8631217564     
   1.7663332938601575E-002  -2955570.8890106478     
   1.7996666264484328E-002  -1462388.3674590392     
   1.8329999590367081E-002   301936.68723316025     
   1.8663332916249831E-002   1855522.8071143748     
   1.8996666242132584E-002   2790998.2483655941     
   1.9329999568015337E-002   2879780.8842146024     
   1.9663332893898090E-002   2127770.3479045713     
   1.9996666219780843E-002   769029.42350057035     
   2.0329999545663596E-002  -800004.09661049023     
   2.0663332871546349E-002  -2128106.8010876626     
   2.0996666197429101E-002  -2830489.7179201134     
   2.1329999523311854E-002  -2692197.9179501128     
   2.1663332849194607E-002  -1726950.6686690114     
   2.1996666175077360E-002  -176154.77381120331     
   2.2329999500960113E-002   1551862.5320279582     
   2.2663332826842866E-002   2987065.0523227770     
   2.2996666152725619E-002   3720609.6185661489     
   2.3329999478608372E-002   3514010.5428548418     
   2.3663332804491125E-002   2366390.5334164463     
   2.3996666130373878E-002   522022.57751892786     
   2.4329999456256628E-002  -1584702.2090773329     
   2.4663332782139381E-002  -3433983.4499858855     
   2.4996666108022134E-002  -4549440.8290570499     
   2.5329999433904887E-002  -4619128.0326046580     
   2.5663332759787640E-002  -3578323.4302902678     
   2.5996666085670393E-002  -1632798.6180910699     
   2.6329999411553145E-002   784249.55639114080     
   2.6663332737435898E-002   3112103.3638543058     
   2.6996666063318651E-002   4795635.3708527731     
   2.7329999389201404E-002   5419549.3649235163     
   2.7663332715084157E-002   4811025.1207430810     
   2.7996666040966910E-002   3085402.2932787500     
   2.8329999366849663E-002   623157.80603688641     
   2.8663332692732416E-002  -2016984.5599493030     
   2.8996666018615169E-002  -4228455.8024220709     
   2.9329999344497919E-002  -5499733.4904544000     
   2.9663332670380672E-002  -5535507.7421711292     
   2.9996665996263425E-002  -4326984.2957385648     
   3.0329999322146178E-002  -2154332.5640903357     
   3.0663332648028931E-002   479431.06237494969     
   3.0996665973911684E-002   2967353.5626959126     
   3.1329999299794437E-002   4741790.4455696670     
   3.1663332625677193E-002   5407705.5968076373     
   3.1996665951559942E-002   4834198.4636530653     
   3.2329999277442692E-002   3182558.0054890150     
   3.2663332603325448E-002   864482.63609719381     
   3.2996665929208198E-002  -1559064.2343738154     
   3.3329999255090954E-002  -3513650.4458240881     
   3.3663332580973704E-002  -4548896.9586989433     
   3.3996665906856460E-002  -4444585.8264927305     
   3.4329999232739210E-002  -3260024.8320984519     
   3.4663332558621966E-002  -1315247.2137941287     
   3.4996665884504716E-002   890771.03252634080     
   3.5329999210387472E-002   2804439.6274638972     
   3.5663332536270222E-002   3953791.3173376839     
   3.5996665862152978E-002   4063305.3425800637     
   3.6329999188035728E-002   3119444.5098524177     
   3.6663332513918484E-002   1371254.8892406796     
   3.6996665839801234E-002  -733641.53308428789     
   3.7329999165683983E-002  -2661509.3480965942     
   3.7663332491566739E-002  -3925471.3240713784     
   3.7996665817449489E-002  -4206147.4397326019     
   3.8329999143332245E-002  -3430297.6350534298     
   3.8663332469214995E-002  -1788251.7442829465     
   3.8996665795097751E-002   313956.28766968480     
   3.9329999120980501E-002   2355738.1166799692     
   3.9663332446863257E-002   3831270.7653391659     
   3.9996665772746007E-002   4374975.9604892842     
