   3.3333331843217230E-006  -4720663.2004293054     
   3.2999999269843104E-004  -4125460.6842511334     
   6.6333331858118379E-004  -2587838.7361327643     
   9.9666664446393643E-004  -486434.55876237265     
   1.3299999703466892E-003   1693799.4892632836     
   1.6633332962294419E-003   3475970.2538959170     
   1.9966666221121949E-003   4493820.4092490524     
   2.3299999479949474E-003   4559389.2903141445     
   2.6633332738777004E-003   3686056.4637227780     
   2.9966665997604534E-003   2069424.0648286119     
   3.3299999256432059E-003   37002.730750077928     
   3.6633332515259584E-003  -2018927.9008455016     
   3.9966665774087114E-003  -3711897.3354588221     
   4.3299999032914644E-003  -4725180.8156269304     
   4.6633332291742165E-003  -4862407.2480253037     
   4.9966665550569694E-003  -4080253.7112474963     
   5.3299998809397224E-003  -2499413.4040768803     
   5.6633332068224754E-003  -390562.63667428296     
   5.9966665327052283E-003   1866145.0474210852     
   6.3299998585879804E-003   3845509.4198808037     
   6.6633331844707334E-003   5157165.1252481528     
   6.9966665103534864E-003   5526339.2777775591     
   7.3299998362362385E-003   4857218.7985026846     
   7.6633331621189914E-003   3261718.1057585124     
   7.9966664880017444E-003   1043140.7258309316     
   8.3299998138844974E-003  -1364678.1285701531     
   8.6633331397672503E-003  -3489901.4822814730     
   8.9966664656500033E-003  -4924706.0982299224     
   9.3299997915327545E-003  -5411517.1648063678     
   9.6633331174155075E-003  -4892586.7260616077     
   9.9966664432982605E-003  -3512450.5059800707     
   1.0329999769181013E-002  -1575697.1537066572     
   1.0663333095063766E-002   526319.43425041949     
   1.0996666420946519E-002   2399956.8193328232     
   1.1329999746829272E-002   3725038.6367934337     
   1.1663333072712025E-002   4307161.6667657308     
   1.1996666398594778E-002   4099763.5554101528     
   1.2329999724477530E-002   3196983.3870334369     
   1.2663333050360282E-002   1803895.5567928148     
   1.2996666376243035E-002   193095.64277214999     
   1.3329999702125788E-002  -1343717.2238710076     
   1.3663333028008541E-002  -2542351.5881705903     
   1.3996666353891294E-002  -3206090.6856978489     
   1.4329999679774047E-002  -3235396.1045079939     
   1.4663333005656799E-002  -2644090.7455913350     
   1.4996666331539552E-002  -1558898.3316930642     
   1.5329999657422304E-002  -200107.26377400663     
   1.5663332983305057E-002   1156446.5252197178     
   1.5996666309187810E-002   2231858.8723156080     
   1.6329999635070563E-002   2802167.1108542401     
   1.6663332960953316E-002   2749260.9110524398     
   1.6996666286836069E-002   2091274.0427765474     
   1.7329999612718822E-002   982378.26231574547     
   1.7663332938601575E-002  -320811.93447598279     
   1.7996666264484328E-002  -1519631.5926943035     
   1.8329999590367081E-002  -2345528.4385928372     
   1.8663332916249831E-002  -2624621.9056847612     
   1.8996666242132584E-002  -2316932.7772454219     
   1.9329999568015337E-002  -1519971.4267839266     
   1.9663332893898090E-002  -437109.36779587553     
   1.9996666219780843E-002   678519.70187263261     
   2.0329999545663596E-002   1587478.5569189531     
   2.0663332871546349E-002   2117260.4706196617     
   2.0996666197429101E-002   2192771.2685343758     
   2.1329999523311854E-002   1839777.4756597634     
   2.1663332849194607E-002   1165257.1158373819     
   2.1996666175077360E-002   324040.38336353982     
   2.2329999500960113E-002  -517474.23212243570     
   2.2663332826842866E-002  -1211971.7960730935     
   2.2996666152725619E-002  -1651873.4668958343     
   2.3329999478608372E-002  -1779737.6686511394     
   2.3663332804491125E-002  -1590659.2334418227     
   2.3996666130373878E-002  -1129275.8348066523     
   2.4329999456256628E-002  -482735.93218553695     
   2.4663332782139381E-002   230677.77955783950     
   2.4996666108022134E-002   878341.72368904599     
   2.5329999433904887E-002   1335651.5439464466     
   2.5663332759787640E-002   1511587.1851870774     
   2.5996666085670393E-002   1372056.7527472388     
   2.6329999411553145E-002   953594.96537009487     
   2.6663332737435898E-002   360584.59729245910     
   2.6996666063318651E-002  -256996.00795153156     
   2.7329999389201404E-002  -741983.85953042598     
   2.7663332715084157E-002  -974658.45610485459     
   2.7996666040966910E-002  -909546.89886800456     
   2.8329999366849663E-002  -591102.81437854888     
   2.8663332692732416E-002  -141055.02535519795     
   2.8996666018615169E-002   280106.67816001223     
   2.9329999344497919E-002   525421.53857591236     
   2.9663332670380672E-002   509842.12597972923     
   2.9996665996263425E-002   237979.18967335729     
   3.0329999322146178E-002  -198216.54375624435     
   3.0663332648028931E-002  -650466.03361116769     
   3.0996665973911684E-002  -962525.74184148805     
   3.1329999299794437E-002  -1019219.1599946606     
   3.1663332625677193E-002  -780432.37474651216     
   3.1996665951559942E-002  -290709.87589662930     
   3.2329999277442692E-002   336153.55160932295     
   3.2663332603325448E-002   950400.21149244870     
   3.2996665929208198E-002   1406148.3663798680     
   3.3329999255090954E-002   1596503.6311380935     
   3.3663332580973704E-002   1476003.2373863095     
   3.3996665906856460E-002   1067192.9038174953     
   3.4329999232739210E-002   452419.78259334835     
   3.4663332558621966E-002  -245357.26819191343     
   3.4996665884504716E-002  -887936.19352479419     
   3.5329999210387472E-002  -1348769.5543945015     
   3.5663332536270222E-002  -1537293.5130658217     
   3.5996665862152978E-002  -1417053.6409809948     
   3.6329999188035728E-002  -1014392.8732647920     
   3.6663332513918484E-002  -415238.28449151851     
   3.6996665839801234E-002   250838.88641271228     
   3.7329999165683983E-002   837480.66105488874     
   3.7663332491566739E-002   1214372.9084364369     
   3.7996665817449489E-002   1298530.6628696513     
   3.8329999143332245E-002   1075721.7787073085     
   3.8663332469214995E-002   605468.61295864149     
   3.8996665795097751E-002   7231.3963198743586     
   3.9329999120980501E-002  -569227.97224685538     
   3.9663332446863257E-002  -981502.05680595944     
   3.9996665772746007E-002  -1129948.8992112656     
