   3.3333331843217230E-006   12664.718220577111     
   3.2999999269843104E-004   12656.608688685930     
   6.6333331858118379E-004   12632.293375007714     
   9.9666664446393643E-004   12592.326672019877     
   1.3299999703466892E-003   12537.635949778138     
   1.6633332962294419E-003   12469.326906808903     
   1.9966666221121949E-003   12388.454146551861     
   2.3299999479949474E-003   12295.829825921872     
   2.6633332738777004E-003   12191.928521725571     
   2.9966665997604534E-003   12076.913771295543     
   3.3299999256432059E-003   11950.770482465996     
   3.6633332515259584E-003   11813.492388475468     
   3.9966665774087114E-003   11665.257402916051     
   4.3299999032914644E-003   11506.531509327788     
   4.6633332291742165E-003   11338.070105857083     
   4.9966665550569694E-003   11160.823495602543     
   5.3299998809397224E-003   10975.786407419468     
   5.6633332068224754E-003   10783.848361847206     
   5.9966665327052283E-003   10585.697317065087     
   6.3299998585879804E-003   10381.806443929325     
   6.6633331844707334E-003   10172.502635988607     
   6.9966665103534864E-003   9958.0873999371779     
   7.3299998362362385E-003   9738.9657647926251     
   7.6633331621189914E-003   9515.7407924949403     
   7.9966664880017444E-003   9289.2475706216192     
   8.3299998138844974E-003   9060.5237118741261     
   8.6633331397672503E-003   8830.7343365874094     
   8.9966664656500033E-003   8601.0812747160635     
   9.3299997915327545E-003   8372.7261749801492     
   9.6633331174155075E-003   8146.7474592323661     
   9.9966664432982605E-003   7924.1369096315393     
   1.0329999769181013E-002   7705.8290631126420     
   1.0663333095063766E-002   7492.7496734344786     
   1.0996666420946519E-002   7285.8693429860550     
   1.1329999746829272E-002   7086.2531158137490     
   1.1663333072712025E-002   6895.1028179920413     
   1.1996666398594778E-002   6713.7928605919087     
   1.2329999724477530E-002   6543.9003448622734     
   1.2663333050360282E-002   6387.2270775922843     
   1.2996666376243035E-002   6245.8066952061918     
   1.3329999702125788E-002   6121.8872644474632     
   1.3663333028008541E-002   6018.1713168794986     
   1.3996666353891294E-002   5937.1684756232480     
   1.4329999679774047E-002   5880.8721328886941     
   1.4663333005656799E-002   5851.1113328136425     
   1.4996666331539552E-002   5849.4752787453635     
   1.5329999657422304E-002   5877.2427991530185     
   1.5663332983305057E-002   5935.3220368584416     
   1.5996666309187810E-002   6024.2043864539564     
   1.6329999635070563E-002   6143.9351151472219     
   1.6663332960953316E-002   6294.1013845996240     
   1.6996666286836069E-002   6473.8367750535999     
   1.7329999612718822E-002   6681.8400764946327     
   1.7663332938601575E-002   6916.4051713460003     
   1.7996666264484328E-002   7175.4583431302226     
   1.8329999590367081E-002   7456.5993028280345     
   1.8663332916249831E-002   7757.1425802102294     
   1.8996666242132584E-002   8074.1565984837607     
   1.9329999568015337E-002   8404.4986340835476     
   1.9663332893898090E-002   8744.8448484111887     
   1.9996666219780843E-002   9091.7155568696307     
   2.0329999545663596E-002   9441.4967764700505     
   2.0663332871546349E-002   9790.4597882205489     
   2.0996666197429101E-002   10134.780907498267     
   2.1329999523311854E-002   10470.563840498216     
   2.1663332849194607E-002   10793.866905940782     
   2.1996666175077360E-002   11100.737027876219     
   2.2329999500960113E-002   11387.251786291567     
   2.2663332826842866E-002   11649.569993391764     
   2.2996666152725619E-002   11883.990306677966     
   2.3329999478608372E-002   12087.016370812265     
   2.3663332804491125E-002   12255.425985343223     
   2.3996666130373878E-002   12386.340918355894     
   2.4329999456256628E-002   12477.293322022982     
   2.4663332782139381E-002   12526.284343637357     
   2.4996666108022134E-002   12531.830538473989     
   2.5329999433904887E-002   12492.994127264590     
   2.5663332759787640E-002   12409.394015517719     
   2.5996666085670393E-002   12281.195777117562     
   2.6329999411553145E-002   12109.080427143022     
   2.6663332737435898E-002   11894.193648307866     
   2.6996666063318651E-002   11638.414797929992     
   2.7329999389201404E-002   11344.160467203195     
   2.7663332715084157E-002   11013.797955504864     
   2.7996666040966910E-002   10649.780919553123     
   2.8329999366849663E-002   10254.579254017704     
   2.8663332692732416E-002   9830.6464497398520     
   2.8996666018615169E-002   9380.4240430180253     
   2.9329999344497919E-002   8906.3758924052509     
   2.9663332670380672E-002   8411.0396033055586     
   2.9996665996263425E-002   7897.0795870379607     
   3.0329999322146178E-002   7367.3266241612801     
   3.0663332648028931E-002   6824.7923439823444     
   3.0996665973911684E-002   6272.6529626282918     
   3.1329999299794437E-002   5714.2036089425437     
   3.1663332625677193E-002   5152.7910167146001     
   3.1996665951559942E-002   4591.7367972854499     
   3.2329999277442692E-002   4034.2649377611669     
   3.2663332603325448E-002   3483.4453489043563     
   3.2996665929208198E-002   2942.1607793656649     
   3.3329999255090954E-002   2413.0984559384151     
   3.3663332580973704E-002   1898.7619803947257     
   3.3996665906856460E-002   1401.4947983963305     
   3.4329999232739210E-002   923.50493540528510     
   3.4663332558621966E-002   466.88186877559474     
   3.4996665884504716E-002   33.599749598826534     
   3.5329999210387472E-002  -374.49453760326395     
   3.5663332536270222E-002  -755.70622834263168     
   3.5996665862152978E-002  -1108.5261042971676     
   3.6329999188035728E-002  -1431.6681842230539     
   3.6663332513918484E-002  -1724.1090952850950     
   3.6996665839801234E-002  -1985.1287601714466     
   3.7329999165683983E-002  -2214.3532230911837     
   3.7663332491566739E-002  -2411.7993431748332     
   3.7996665817449489E-002  -2577.9173291958405     
   3.8329999143332245E-002  -2713.6215234110259     
   3.8663332469214995E-002  -2820.2944777648545     
   3.8996665795097751E-002  -2899.7468489505063     
   3.9329999120980501E-002  -2954.1183534047468     
   3.9663332446863257E-002  -2985.7140867127814     
   3.9996665772746007E-002  -2996.7850107395661     
