   3.3333331843217230E-006   6167.4288555466137     
   3.2999999269843104E-004   6575.5727904923897     
   6.6333331858118379E-004   7783.8408602930740     
   9.9666664446393643E-004   9695.3621550959324     
   1.3299999703466892E-003   12156.740798356575     
   1.6633332962294419E-003   14970.138804249791     
   1.9966666221121949E-003   17908.836196371420     
   2.3299999479949474E-003   20735.023721083504     
   2.6633332738777004E-003   23218.408026895573     
   2.9966665997604534E-003   25154.149046778643     
   3.3299999256432059E-003   26378.709100217075     
   3.6633332515259584E-003   26782.367660232463     
   3.9966665774087114E-003   26317.430144692706     
   4.3299999032914644E-003   25001.510665301859     
   4.6633332291742165E-003   22915.668322145029     
   4.9966665550569694E-003   20197.591456457543     
   5.3299998809397224E-003   17030.420264274933     
   5.6633332068224754E-003   13628.143047515563     
   5.9966665327052283E-003   10218.767246567219     
   6.3299998585879804E-003   7026.6320535737123     
   6.6633331844707334E-003   4255.2820554176324     
   6.9966665103534864E-003   2072.2576413351635     
   7.3299998362362385E-003   596.98413825128955     
   7.6633331621189914E-003  -107.32680008086027     
   7.9966664880017444E-003  -37.189982753574441     
   8.3299998138844974E-003   752.41735181011791     
   8.6633331397672503E-003   2153.8944541764076     
   8.9966664656500033E-003   4016.8584387088258     
   9.3299997915327545E-003   6161.0983052840875     
   9.6633331174155075E-003   8391.5134502368746     
   9.9966664432982605E-003   10513.768228684301     
   1.0329999769181013E-002   12349.362498609556     
   1.0663333095063766E-002   13748.896377595956     
   1.0996666420946519E-002   14602.487612734027     
   1.1329999746829272E-002   14846.565336629394     
   1.1663333072712025E-002   14466.590761475103     
   1.1996666398594778E-002   13495.614699116961     
   1.2329999724477530E-002   12008.942285993515     
   1.2663333050360282E-002   10115.505696073873     
   1.2996666376243035E-002   7946.8175527480862     
   1.3329999702125788E-002   5644.5681051326383     
   1.3663333028008541E-002   3348.0221921271022     
   1.3996666353891294E-002   1182.3603799117445     
   1.4329999679774047E-002  -751.00554458324950     
   1.4663333005656799E-002  -2381.3182462482591     
   1.4996666331539552E-002  -3672.0152885548441     
   1.5329999657422304E-002  -4620.7029345203264     
   1.5663332983305057E-002  -5255.6841051161418     
   1.5996666309187810E-002  -5629.4896043443223     
   1.6329999635070563E-002  -5810.1461532322619     
   1.6663332960953316E-002  -5871.1292452363186     
   1.6996666286836069E-002  -5881.0734476874331     
   1.7329999612718822E-002  -5894.3356277288467     
   1.7663332938601575E-002  -5943.4248844414578     
   1.7996666264484328E-002  -6034.1333609175836     
   1.8329999590367081E-002  -6143.9401618336287     
   1.8663332916249831E-002  -6223.9395281740108     
   1.8996666242132584E-002  -6204.1931079331880     
   1.9329999568015337E-002  -6002.0566774003710     
   1.9663332893898090E-002  -5532.7164590280172     
   1.9996666219780843E-002  -4720.9192030817412     
   2.0329999545663596E-002  -3512.7182167526744     
   2.0663332871546349E-002  -1886.0018288748761     
   2.0996666197429101E-002   141.37047880434420     
   2.1329999523311854E-002   2506.8277558118789     
   2.1663332849194607E-002   5102.4747174060758     
   2.1996666175077360E-002   7778.9868023430590     
   2.2329999500960113E-002   10353.992012150124     
   2.2663332826842866E-002   12624.500464177054     
   2.2996666152725619E-002   14382.544938539493     
   2.3329999478608372E-002   15432.854241800096     
   2.3663332804491125E-002   15611.128089162925     
   2.3996666130373878E-002   14801.342922477737     
   2.4329999456256628E-002   12950.509133988198     
   2.4663332782139381E-002   10079.427408296393     
   2.4996666108022134E-002   6288.2497483560446     
   2.5329999433904887E-002   1756.0223668242343     
   2.5663332759787640E-002  -3266.1540025494724     
   2.5996666085670393E-002  -8468.2008567892644     
   2.6329999411553145E-002  -13499.709286153749     
   2.6663332737435898E-002  -17993.002409241581     
   2.6996666063318651E-002  -21589.041648663424     
   2.7329999389201404E-002  -23964.300100578141     
   2.7663332715084157E-002  -24856.559797155554     
   2.7996666040966910E-002  -24087.580663954526     
   2.8329999366849663E-002  -21580.743571870556     
   2.8663332692732416E-002  -17372.081141437877     
   2.8996666018615169E-002  -11613.558104301741     
   2.9329999344497919E-002  -4568.0167361842077     
   2.9663332670380672E-002   3404.1784880717205     
   2.9996665996263425E-002   11866.126204541348     
   3.0329999322146178E-002   20331.727488974186     
   3.0663332648028931E-002   28297.577965239816     
   3.0996665973911684E-002   35277.209199044330     
   3.1329999299794437E-002   40835.231206745862     
   3.1663332625677193E-002   44618.863787123344     
   3.1996665951559942E-002   46384.470174716342     
   3.2329999277442692E-002   46017.016958006214     
   3.2663332603325448E-002   43540.859565127364     
   3.2996665929208198E-002   39120.859958333684     
   3.3329999255090954E-002   33053.538708447748     
   3.3663332580973704E-002   25748.695936803051     
   3.3996665906856460E-002   17702.649572528477     
   3.4329999232739210E-002   9464.8803268591419     
   3.4663332558621966E-002   1600.3908224463378     
   3.4996665884504716E-002  -5349.5598040270379     
   3.5329999210387472E-002  -10905.524043410229     
   3.5663332536270222E-002  -14683.962939092527     
   3.5996665862152978E-002  -16424.853101975503     
   3.6329999188035728E-002  -16010.731169547498     
   3.6663332513918484E-002  -13475.708513520292     
   3.6996665839801234E-002  -9003.7100253383633     
   3.7329999165683983E-002  -2915.9743750056832     
   3.7663332491566739E-002   4351.3590088283690     
   3.7996665817449489E-002   12278.017910402419     
   3.8329999143332245E-002   20296.538971564765     
   3.8663332469214995E-002   27832.736304077585     
   3.8996665795097751E-002   34346.778233779507     
   3.9329999120980501E-002   39371.895867604922     
   3.9663332446863257E-002   42547.909610147319     
   3.9996665772746007E-002   43647.130781763160     
