   3.3333331843217230E-006  -880.23113178821222     
   3.2999999269843104E-004  -812.96855958965307     
   6.6333331858118379E-004  -614.21542415339354     
   9.9666664446393643E-004  -289.22262402079241     
   1.3299999703466892E-003   153.26893492705040     
   1.6633332962294419E-003   701.36099620948607     
   1.9966666221121949E-003   1340.5673643995879     
   2.3299999479949474E-003   2054.5362582808921     
   2.6633332738777004E-003   2825.8548428779732     
   2.9966665997604534E-003   3636.8412388548932     
   3.3299999256432059E-003   4470.2209957735704     
   3.6633332515259584E-003   5309.6005002765814     
   3.9966665774087114E-003   6139.6902242670167     
   4.3299999032914644E-003   6946.2880913947465     
   4.6633332291742165E-003   7716.0919936124637     
   4.9966665550569694E-003   8436.4525961732415     
   5.3299998809397224E-003   9095.1891660382080     
   5.6633332068224754E-003   9680.5679845770355     
   5.9966665327052283E-003   10181.492191672369     
   6.3299998585879804E-003   10587.889830338623     
   6.6633331844707334E-003   10891.232567962988     
   6.9966665103534864E-003   11085.086270903317     
   7.3299998362362385E-003   11165.592555799578     
   7.6633331621189914E-003   11131.803752905980     
   7.9966664880017444E-003   10985.831242489799     
   8.3299998138844974E-003   10732.805776327603     
   8.6633331397672503E-003   10380.678401953026     
   8.9966664656500033E-003   9939.9083706335568     
   9.3299997915327545E-003   9423.0919413921674     
   9.6633331174155075E-003   8844.5876189294231     
   9.9966664432982605E-003   8220.1917198853971     
   1.0329999769181013E-002   7566.9117768246615     
   1.0663333095063766E-002   6902.8691823856025     
   1.0996666420946519E-002   6247.3316324077759     
   1.1329999746829272E-002   5620.8299392090539     
   1.1663333072712025E-002   5045.2601949717300     
   1.1996666398594778E-002   4543.8265231428286     
   1.2329999724477530E-002   4140.6610543356983     
   1.2663333050360282E-002   3859.9824750423713     
   1.2996666376243035E-002   3724.7283134172621     
   1.3329999702125788E-002   3754.7098691088995     
   1.3663333028008541E-002   3963.5397563489842     
   1.3996666353891294E-002   4355.4528723258227     
   1.4329999679774047E-002   4926.0155237670442     
   1.4663333005656799E-002   5661.5729554519057     
   1.4996666331539552E-002   6539.1928918012600     
   1.5329999657422304E-002   7527.2411372538354     
   1.5663332983305057E-002   8586.5854108339263     
   1.5996666309187810E-002   9672.3734873177636     
   1.6329999635070563E-002   10736.286080386562     
   1.6663332960953316E-002   11729.127251890492     
   1.6996666286836069E-002   12603.588093355916     
   1.7329999612718822E-002   13317.004676256267     
   1.7663332938601575E-002   13833.929496634693     
   1.7996666264484328E-002   14128.346581535141     
   1.8329999590367081E-002   14185.382939609179     
   1.8663332916249831E-002   14002.401242285541     
   1.8996666242132584E-002   13589.398056834036     
   1.9329999568015337E-002   12968.675786281467     
   1.9663332893898090E-002   12173.801713711391     
   1.9996666219780843E-002   11247.911268370011     
   2.0329999545663596E-002   10241.452150235626     
   2.0663332871546349E-002   9209.4990019629367     
   2.0996666197429101E-002   8208.7931554883271     
   2.1329999523311854E-002   7294.6774304051287     
   2.1663332849194607E-002   6518.1014220762117     
   2.1996666175077360E-002   5922.8681267924867     
   2.2329999500960113E-002   5543.2785268057587     
   2.2663332826842866E-002   5402.3077365054978     
   2.2996666152725619E-002   5510.4156965875745     
   2.3329999478608372E-002   5865.0587308403319     
   2.3663332804491125E-002   6450.9273904952652     
   2.3996666130373878E-002   7240.8930235342905     
   2.4329999456256628E-002   8197.6027776675328     
   2.4663332782139381E-002   9275.6227972990491     
   2.4996666108022134E-002   10423.994780950008     
   2.5329999433904887E-002   11589.044302271810     
   2.5663332759787640E-002   12717.262561146841     
   2.5996666085670393E-002   13758.078242423719     
   2.6329999411553145E-002   14666.343974866322     
   2.6663332737435898E-002   15404.382729547871     
   2.6996666063318651E-002   15942.885342264562     
   2.7329999389201404E-002   16263.325183743620     
   2.7663332715084157E-002   16358.491547864969     
   2.7996666040966910E-002   16230.659710683052     
   2.8329999366849663E-002   15890.212566079028     
   2.8663332692732416E-002   15353.974813312128     
   2.8996666018615169E-002   14643.515834990896     
   2.9329999344497919E-002   13783.637112077844     
   2.9663332670380672E-002   12801.182633577224     
   2.9996665996263425E-002   11724.212994702993     
   3.0329999322146178E-002   10581.487007510948     
   3.0663332648028931E-002   9402.1201436825468     
   3.0996665973911684E-002   8215.2538743923706     
   3.1329999299794437E-002   7049.5821771038445     
   3.1663332625677193E-002   5932.6383124846825     
   3.1996665951559942E-002   4889.8326293016617     
   3.2329999277442692E-002   3943.3285517144222     
   3.2663332603325448E-002   3110.9236185353557     
   3.2996665929208198E-002   2405.1428613284925     
   3.3329999255090954E-002   1832.7390784306963     
   3.3663332580973704E-002   1394.7278544141145     
   3.3996665906856460E-002   1086.9779661875345     
   3.4329999232739210E-002   901.25558190645415     
   3.4663332558621966E-002   826.51517563988318     
   3.4996665884504716E-002   850.17148119268904     
   3.5329999210387472E-002   959.09521907923363     
   3.5663332536270222E-002   1140.1542923901266     
   3.5996665862152978E-002   1380.2558017646693     
   3.6329999188035728E-002   1665.9995042909777     
   3.6663332513918484E-002   1983.1871784524214     
   3.6996665839801234E-002   2316.5026669424842     
   3.7329999165683983E-002   2649.6551784065641     
   3.7663332491566739E-002   2966.1580154679200     
   3.7996665817449489E-002   3250.7187740366526     
   3.8329999143332245E-002   3490.9936481954965     
   3.8663332469214995E-002   3679.2719904192413     
   3.8996665795097751E-002   3813.5714747826614     
   3.9329999120980501E-002   3897.6836248868553     
   3.9663332446863257E-002   3939.9230667001912     
   3.9996665772746007E-002   3950.6662088731919     
