   3.3333331843217230E-006   3297.1449488859294     
   3.2999999269843104E-004   3298.0330356263999     
   6.6333331858118379E-004   3300.8443342162204     
   9.9666664446393643E-004   3305.9119589393722     
   1.3299999703466892E-003   3313.7838738997489     
   1.6633332962294419E-003   3325.2099302116449     
   1.9966666221121949E-003   3341.1240515403651     
   2.3299999479949474E-003   3362.6219156612765     
   2.6633332738777004E-003   3390.9345682853882     
   2.9966665997604534E-003   3427.3984859513976     
   3.3299999256432059E-003   3473.4226758169143     
   3.6633332515259584E-003   3530.4534603743664     
   3.9966665774087114E-003   3599.9376433429939     
   4.3299999032914644E-003   3683.2847883346953     
   4.6633332291742165E-003   3781.8293636767889     
   4.9966665550569694E-003   3896.7935145604188     
   5.3299998809397224E-003   4029.2512172829965     
   5.6633332068224754E-003   4180.0945498351439     
   5.9966665327052283E-003   4350.0027787705521     
   6.3299998585879804E-003   4539.4149147636199     
   6.6633331844707334E-003   4748.5063293172398     
   6.9966665103534864E-003   4977.1699537697605     
   7.3299998362362385E-003   5225.0025003124292     
   7.6633331621189914E-003   5491.2960545987044     
   7.9966664880017444E-003   5775.0352922989277     
   8.3299998138844974E-003   6074.9004693549423     
   8.6633331397672503E-003   6389.2762295502098     
   8.9966664656500033E-003   6716.2661652332317     
   9.3299997915327545E-003   7053.7129595549823     
   9.6633331174155075E-003   7399.2238333470596     
   9.9966664432982605E-003   7750.2009186878149     
   1.0329999769181013E-002   8103.8760861255887     
   1.0663333095063766E-002   8457.3496651995647     
   1.0996666420946519E-002   8807.6324199394476     
   1.1329999746829272E-002   9151.6900738963777     
   1.1663333072712025E-002   9486.4896242354353     
   1.1996666398594778E-002   9809.0466425738377     
   1.2329999724477530E-002   10116.472732419184     
   1.2663333050360282E-002   10406.022299846440     
   1.2996666376243035E-002   10675.137795793717     
   1.3329999702125788E-002   10921.492605135503     
   1.3663333028008541E-002   11143.030789323677     
   1.3996666353891294E-002   11338.002935424754     
   1.4329999679774047E-002   11504.997424123005     
   1.4663333005656799E-002   11642.966501755494     
   1.4996666331539552E-002   11751.246625519154     
   1.5329999657422304E-002   11829.572645253655     
   1.5663332983305057E-002   11878.085488082632     
   1.5996666309187810E-002   11897.333121954134     
   1.6329999635070563E-002   11888.264688893019     
   1.6663332960953316E-002   11852.217816597666     
   1.6996666286836069E-002   11790.899235849871     
   1.7329999612718822E-002   11706.358948998104     
   1.7663332938601575E-002   11600.958309463789     
   1.7996666264484328E-002   11477.332481791442     
   1.8329999590367081E-002   11338.347854275929     
   1.8663332916249831E-002   11187.055069822465     
   1.8996666242132584E-002   11026.638423738375     
   1.9329999568015337E-002   10860.362448102351     
   1.9663332893898090E-002   10691.516559888003     
   1.9996666219780843E-002   10523.358693037773     
   2.0329999545663596E-002   10359.058862336567     
   2.0663332871546349E-002   10201.643618626333     
   2.0996666197429101E-002   10053.942350307349     
   2.1329999523311854E-002   9918.5363651409825     
   2.1663332849194607E-002   9797.7116493317517     
   2.1996666175077360E-002   9693.4161482315703     
   2.2329999500960113E-002   9607.2223455517706     
   2.2663332826842866E-002   9540.2958367235369     
   2.2996666152725619E-002   9493.3704982892195     
   2.3329999478608372E-002   9466.7307504319160     
   2.3663332804491125E-002   9460.2012956503677     
   2.3996666130373878E-002   9473.1445950213783     
   2.4329999456256628E-002   9504.4662164606216     
   2.4663332782139381E-002   9552.6280589976377     
   2.4996666108022134E-002   9615.6693254936636     
   2.5329999433904887E-002   9691.2349856567307     
   2.5663332759787640E-002   9776.6113438470402     
   2.5996666085670393E-002   9868.7682041762037     
   2.6329999411553145E-002   9964.4070108665037     
   2.6663332737435898E-002   10060.014236717861     
   2.6996666063318651E-002   10151.919198649823     
   2.7329999389201404E-002   10236.355398284190     
   2.7663332715084157E-002   10309.524418844108     
   2.7996666040966910E-002   10367.661358468917     
   2.8329999366849663E-002   10407.100745328707     
   2.8663332692732416E-002   10424.341862345611     
   2.8996666018615169E-002   10416.112409285744     
   2.9329999344497919E-002   10379.429447580209     
   2.9663332670380672E-002   10311.656608276808     
   2.9996665996263425E-002   10210.556595535640     
   3.0329999322146178E-002   10074.338086296566     
   3.0663332648028931E-002   9901.6962101272238     
   3.0996665973911684E-002   9691.8458905126317     
   3.1329999299794437E-002   9444.5474384425688     
   3.1663332625677193E-002   9160.1239093496388     
   3.1996665951559942E-002   8839.4698633271000     
   3.2329999277442692E-002   8484.0513040362384     
   3.2663332603325448E-002   8095.8967116080685     
   3.2996665929208198E-002   7677.5792268801952     
   3.3329999255090954E-002   7232.1901861723600     
   3.3663332580973704E-002   6763.3043451722951     
   3.3996665906856460E-002   6274.9372650899313     
   3.4329999232739210E-002   5771.4954618277852     
   3.4663332558621966E-002   5257.7200374005606     
   3.4996665884504716E-002   4738.6246202555149     
   3.5329999210387472E-002   4219.4285357085382     
   3.5663332536270222E-002   3705.4862078412339     
   3.5996665862152978E-002   3202.2138585517109     
   3.6329999188035728E-002   2715.0146169286354     
   3.6663332513918484E-002   2249.2031819038061     
   3.6996665839801234E-002   1809.9311927091821     
   3.7329999165683983E-002   1402.1144547851372     
   3.7663332491566739E-002   1030.3631435331399     
   3.7996665817449489E-002   698.91606504731385     
   3.8329999143332245E-002   411.57999236571823     
   3.8663332469214995E-002   171.67501880550230     
   3.8996665795097751E-002  -18.013222191967316     
   3.9329999120980501E-002  -155.27372710682744     
   3.9663332446863257E-002  -238.50205649838608     
   3.9996665772746007E-002  -266.72353541420034     
