   3.3333331843217230E-006   1418051.0279222291     
   3.2999999269843104E-004   1290520.6762021910     
   6.6333331858118379E-004   925249.54565002595     
   9.9666664446393643E-004   386595.77535010257     
   1.3299999703466892E-003  -230306.59558195254     
   1.6633332962294419E-003  -816024.29917338642     
   1.9966666221121949E-003  -1265810.0247194595     
   2.3299999479949474E-003  -1497831.0671206841     
   2.6633332738777004E-003  -1467502.9559802623     
   2.9966665997604534E-003  -1175454.2879282646     
   3.3299999256432059E-003  -667738.10153307568     
   3.6633332515259584E-003  -28232.277677715872     
   3.9966665774087114E-003   635490.50349148642     
   4.3299999032914644E-003   1210422.7288903501     
   4.6633332291742165E-003   1597401.1089744275     
   4.9966665550569694E-003   1728114.7530160870     
   5.3299998809397224E-003   1576935.1633914406     
   5.6633332068224754E-003   1165539.8247064762     
   5.9966665327052283E-003   559526.45886810101     
   6.3299998585879804E-003  -142422.67603097908     
   6.6633331844707334E-003  -825000.15839017252     
   6.9966665103534864E-003  -1375574.5303991595     
   7.3299998362362385E-003  -1703069.3901496232     
   7.6633331621189914E-003  -1753229.9789390457     
   7.9966664880017444E-003  -1517701.9348317320     
   8.3299998138844974E-003  -1035398.1445527360     
   8.6633331397672503E-003  -385937.23183530691     
   8.9966664656500033E-003   323721.81235175714     
   9.3299997915327545E-003   977178.04810289247     
   9.6633331174155075E-003   1467991.7486705501     
   9.9966664432982605E-003   1717322.5734585728     
   1.0329999769181013E-002   1686846.5575819719     
   1.0663333095063766E-002   1384808.4752306137     
   1.0996666420946519E-002   864237.59516095789     
   1.1329999746829272E-002   213684.11177954180     
   1.1663333072712025E-002  -457906.13519493362     
   1.1996666398594778E-002  -1039583.3917806777     
   1.2329999724477530E-002  -1436926.2770592701     
   1.2663333050360282E-002  -1587592.2447268404     
   1.2996666376243035E-002  -1471296.9953814680     
   1.3329999702125788E-002  -1112601.6188997556     
   1.3663333028008541E-002  -576120.77311156632     
   1.3996666353891294E-002   44946.305701347243     
   1.4329999679774047E-002   644937.83707362018     
   1.4663333005656799E-002   1123714.2288390617     
   1.4996666331539552E-002   1403432.4869430715     
   1.5329999657422304E-002   1441281.7278735894     
   1.5663332983305057E-002   1236075.6655285473     
   1.5996666309187810E-002   827673.39620677591     
   1.6329999635070563E-002   289438.22939890786     
   1.6663332960953316E-002  -284868.53101566178     
   1.6996666286836069E-002  -797429.40299830516     
   1.7329999612718822E-002  -1163098.2505938150     
   1.7663332938601575E-002  -1323640.1920739592     
   1.7996666264484328E-002  -1257082.3994553310     
   1.8329999590367081E-002  -980654.09684519889     
   1.8663332916249831E-002  -546924.84170536930     
   1.8996666242132584E-002  -33933.061797677074     
   1.9329999568015337E-002   468874.04540111759     
   1.9663332893898090E-002   876369.81120180152     
   1.9996666219780843E-002   1122377.3031166806     
   2.0329999545663596E-002   1170666.1159600511     
   2.0663332871546349E-002   1020461.1571668515     
   2.0996666197429101E-002   705600.84803239745     
   2.1329999523311854E-002   287613.70456952683     
   2.1663332849194607E-002  -155948.11085884320     
   2.1996666175077360E-002  -545759.78533669456     
   2.2329999500960113E-002  -814973.06041922781     
   2.2663332826842866E-002  -920913.52836107579     
   2.2996666152725619E-002  -852165.72527635633     
   2.3329999478608372E-002  -629838.47546032409     
   2.3663332804491125E-002  -302864.14996485354     
   2.3996666130373878E-002   61735.479018618993     
   2.4329999456256628E-002   391780.22300889262     
   2.4663332782139381E-002   623655.02108190919     
   2.4996666108022134E-002   714290.84368091170     
   2.5329999433904887E-002   649196.09181187907     
   2.5663332759787640E-002   445059.58350103279     
   2.5996666085670393E-002   146442.69932033139     
   2.6329999411553145E-002  -182836.01651742891     
   2.6663332737435898E-002  -472041.14019431546     
   2.6996666063318651E-002  -657307.00769386115     
   2.7329999389201404E-002  -694306.84114975482     
   2.7663332715084157E-002  -567419.80200146581     
   2.7996666040966910E-002  -293626.56490541075     
   2.8329999366849663E-002   79692.050962406211     
   2.8663332692732416E-002   482772.88726819528     
   2.8996666018615169E-002   835953.41979761561     
   2.9329999344497919E-002   1064425.9636723190     
   2.9663332670380672E-002   1112608.8570560811     
   2.9996665996263425E-002   955490.29946975526     
   3.0329999322146178E-002   604786.00840464968     
   3.0663332648028931E-002   108633.82642001938     
   3.0996665973911684E-002  -455323.55577084166     
   3.1329999299794437E-002  -992438.52845019416     
   3.1663332625677193E-002  -1407091.4731480272     
   3.1996665951559942E-002  -1619527.0914987097     
   3.2329999277442692E-002  -1580551.0260717426     
   3.2663332603325448E-002  -1281442.3043940470     
   3.2996665929208198E-002  -757204.99926661828     
   3.3329999255090954E-002  -82394.015457672649     
   3.3663332580973704E-002   639982.17638547544     
   3.3996665906856460E-002   1294771.9406979035     
   3.4329999232739210E-002   1773557.6674743714     
   3.4663332558621966E-002   1992953.7401668474     
   3.4996665884504716E-002   1909209.4708855022     
   3.5329999210387472E-002   1526564.4775594198     
   3.5663332536270222E-002   897812.08487676515     
   3.5996665862152978E-002   116813.67380974873     
   3.6329999188035728E-002  -695941.86232877034     
   3.6663332513918484E-002  -1412453.0290127005     
   3.6996665839801234E-002  -1917896.1871739943     
   3.7329999165683983E-002  -2129485.2727537677     
   3.7663332491566739E-002  -2010355.3454535732     
   3.7996665817449489E-002  -1576115.4178239526     
   3.8329999143332245E-002  -892908.69638264249     
   3.8663332469214995E-002  -67215.770685554075     
   3.8996665795097751E-002   770994.53299843590     
   3.9329999120980501E-002   1489050.5636724103     
   3.9663332446863257E-002   1972917.3611248508     
   3.9996665772746007E-002   2145600.7120228857     
