   3.3333331843217230E-006   10267.711814091166     
   3.2999999269843104E-004   10057.866440753929     
   6.6333331858118379E-004   9442.0555781947951     
   9.9666664446393643E-004   8458.2268589130381     
   1.3299999703466892E-003   7168.0816631099387     
   1.6633332962294419E-003   5653.0069109236274     
   1.9966666221121949E-003   4008.2775019788951     
   2.3299999479949474E-003   2336.0112962170269     
   2.6633332738777004E-003   737.43615762741842     
   2.9966665997604534E-003  -694.80184486394955     
   3.3299999256432059E-003  -1883.4434454119773     
   3.6633332515259584E-003  -2771.6803642933228     
   3.9966665774087114E-003  -3325.7752964564088     
   4.3299999032914644E-003  -3534.8671838014106     
   4.6633332291742165E-003  -3408.0777154019861     
   4.9966665550569694E-003  -2969.5821783050519     
   5.3299998809397224E-003  -2252.7688475608820     
   5.6633332068224754E-003  -1294.8245935903037     
   5.9966665327052283E-003  -132.93553008558774     
   6.3299998585879804E-003   1197.2260539034419     
   6.6633331844707334E-003   2660.8103361448070     
   6.9966665103534864E-003   4221.7170225983718     
   7.3299998362362385E-003   5840.4156955114586     
   7.6633331621189914E-003   7472.9084205735016     
   7.9966664880017444E-003   9071.5744491797122     
   8.3299998138844974E-003   10587.843686193613     
   8.6633331397672503E-003   11975.896137138487     
   8.9966664656500033E-003   13196.190443761721     
   9.3299997915327545E-003   14217.737763012115     
   9.6633331174155075E-003   15018.581774852835     
   9.9966664432982605E-003   15584.661862771252     
   1.0329999769181013E-002   15907.812397857251     
   1.0663333095063766E-002   15983.869027120061     
   1.0996666420946519E-002   15811.676333032126     
   1.1329999746829272E-002   15393.353356469242     
   1.1663333072712025E-002   14735.687763711718     
   1.1996666398594778E-002   13852.180053829306     
   1.2329999724477530E-002   12765.129314016873     
   1.2663333050360282E-002   11507.216740400781     
   1.2996666376243035E-002   10122.214022444543     
   1.3329999702125788E-002   8664.6287350830025     
   1.3663333028008541E-002   7198.2439007080648     
   1.3996666353891294E-002   5793.6059768662744     
   1.4329999679774047E-002   4524.5856463741675     
   1.4663333005656799E-002   3464.2032071599797     
   1.4996666331539552E-002   2679.9849154816939     
   1.5329999657422304E-002   2229.1900994057651     
   1.5663332983305057E-002   2154.3024359173696     
   1.5996666309187810E-002   2479.1942876143303     
   1.6329999635070563E-002   3206.3411101743577     
   1.6663332960953316E-002   4315.3857576605506     
   1.6996666286836069E-002   5763.2411264485345     
   1.7329999612718822E-002   7485.7894569634745     
   1.7663332938601575E-002   9401.1032839708514     
   1.7996666264484328E-002   11413.989480971697     
   1.8329999590367081E-002   13421.553711609173     
   1.8663332916249831E-002   15319.404398287768     
   1.8996666242132584E-002   17008.066957372204     
   1.9329999568015337E-002   18399.162134015933     
   1.9663332893898090E-002   19420.916174061473     
   1.9996666219780843E-002   20022.612620864744     
   2.0329999545663596E-002   20177.661593949346     
   2.0663332871546349E-002   19885.048021014158     
   2.0996666197429101E-002   19169.021951809671     
   2.1329999523311854E-002   18077.010121949417     
   2.1663332849194607E-002   16675.858188982569     
   2.1996666175077360E-002   15046.656725985518     
   2.2329999500960113E-002   13278.555868869555     
   2.2663332826842866E-002   11462.119327242717     
   2.2996666152725619E-002   9682.8823228822457     
   2.3329999478608372E-002   8015.8234263703444     
   2.3663332804491125E-002   6521.3980244734976     
   2.3996666130373878E-002   5243.5840641355371     
   2.4329999456256628E-002   4210.0620586461318     
   2.4663332782139381E-002   3434.2400343417630     
   2.4996666108022134E-002   2918.4369349772905     
   2.5329999433904887E-002   2657.2807046656962     
   2.5663332759787640E-002   2640.3732895078247     
   2.5996666085670393E-002   2853.5725150401431     
   2.6329999411553145E-002   3278.7814067627442     
   2.6663332737435898E-002   3892.7478999228047     
   2.6996666063318651E-002   4665.8267200144010     
   2.7329999389201404E-002   5561.7345474865406     
   2.7663332715084157E-002   6538.9652885064897     
   2.7996666040966910E-002   7553.8408025578410     
   2.8329999366849663E-002   8564.4340017975792     
   2.8663332692732416E-002   9534.1451297027452     
   2.8996666018615169E-002   10433.761620776459     
   2.9329999344497919E-002   11241.387816713050     
   2.9663332670380672E-002   11940.458816511415     
   2.9996665996263425E-002   12516.790720048164     
   3.0329999322146178E-002   12955.950569042350     
   3.0663332648028931E-002   13242.030639039631     
   3.0996665973911684E-002   13358.302180513369     
   3.1329999299794437E-002   13289.490035065930     
   3.1663332625677193E-002   13024.858940416605     
   3.1996665951559942E-002   12561.122530040677     
   3.2329999277442692E-002   11904.381331964592     
   3.2663332603325448E-002   11070.718272321192     
   3.2996665929208198E-002   10085.522400291016     
   3.3329999255090954E-002   8981.9079740020970     
   3.3663332580973704E-002   7798.6804365061034     
   3.3996665906856460E-002   6578.2074586074505     
   3.4329999232739210E-002   5364.3753851358224     
   3.4663332558621966E-002   4200.6473050053291     
   3.4996665884504716E-002   3128.1519119842269     
   3.5329999210387472E-002   2183.7371072297683     
   3.5663332536270222E-002   1397.9944450124249     
   3.5996665862152978E-002   793.35711589824041     
   3.6329999188035728E-002   382.45416578260301     
   3.6663332513918484E-002   166.94060320218523     
   3.6996665839801234E-002   137.00858686428364     
   3.7329999165683983E-002   271.72557184750053     
   3.7663332491566739E-002   540.25649422164565     
   3.7996665817449489E-002   903.92695748988535     
   3.8329999143332245E-002   1318.9896001592376     
   3.8663332469214995E-002   1739.8791302190466     
   3.8996665795097751E-002   2122.6908873753141     
   3.9329999120980501E-002   2428.5964483773869     
   3.9663332446863257E-002   2626.9167055173079     
   3.9996665772746007E-002   2697.6037099610085     
