   3.3333331843217230E-006  -1243869.9284332150     
   3.2999999269843104E-004  -1133905.8490052018     
   6.6333331858118379E-004  -830546.54336329224     
   9.9666664446393643E-004  -389580.12319900177     
   1.3299999703466892E-003   110458.62374791145     
   1.6633332962294419E-003   582828.85937543167     
   1.9966666221121949E-003   948029.54954388400     
   2.3299999479949474E-003   1147355.2795383299     
   2.6633332738777004E-003   1152441.2954870928     
   2.9966665997604534E-003   969444.25006767630     
   3.3299999256432059E-003   637311.03891014680     
   3.6633332515259584E-003   220380.78877057476     
   3.9966665774087114E-003  -203632.49107623583     
   4.3299999032914644E-003  -558404.35655970732     
   4.6633332291742165E-003  -783882.69906524289     
   4.9966665550569694E-003  -848204.37898718705     
   5.3299998809397224E-003  -753723.20161212620     
   5.6633332068224754E-003  -535251.37542046630     
   5.9966665327052283E-003  -250482.41351894653     
   6.3299998585879804E-003   35146.825109526799     
   6.6633331844707334E-003   264952.21721809654     
   6.9966665103534864E-003   403911.96991701529     
   7.3299998362362385E-003   444048.80172668822     
   7.6633331621189914E-003   400956.81199965125     
   7.9966664880017444E-003   303457.80406675063     
   8.3299998138844974E-003   181002.30081865171     
   8.6633331397672503E-003   54144.681897085589     
   8.9966664656500033E-003  -68217.489607906624     
   9.3299997915327545E-003  -184470.13099035996     
   9.6633331174155075E-003  -291872.18231436325     
   9.9966664432982605E-003  -379153.31009643938     
   1.0329999769181013E-002  -424644.01514728100     
   1.0663333095063766E-002  -401728.85261575080     
   1.0996666420946519E-002  -289798.54777311272     
   1.1329999746829272E-002  -86099.470986841363     
   1.1663333072712025E-002   186809.07368220337     
   1.1996666398594778E-002   481660.08032738219     
   1.2329999724477530E-002   735717.71901477699     
   1.2663333050360282E-002   886025.38115377817     
   1.2996666376243035E-002   886004.84290691069     
   1.3329999702125788E-002   718493.60295359674     
   1.3663333028008541E-002   401666.69874476013     
   1.3996666353891294E-002  -13458.404781333607     
   1.4329999679774047E-002  -452961.89195203263     
   1.4663333005656799E-002  -834799.15802177740     
   1.4996666331539552E-002  -1085080.6348550050     
   1.5329999657422304E-002  -1152613.2845546999     
   1.5663332983305057E-002  -1019104.7814678292     
   1.5996666309187810E-002  -703337.79662098305     
   1.6329999635070563E-002  -258615.59973915841     
   1.6663332960953316E-002   236202.71993148033     
   1.6996666286836069E-002   690739.45895115391     
   1.7329999612718822E-002   1019914.6404072320     
   1.7663332938601575E-002   1160519.4027034561     
   1.7996666264484328E-002   1084254.1683826302     
   1.8329999590367081E-002   804335.67241418583     
   1.8663332916249831E-002   373904.43284997181     
   1.8996666242132584E-002  -123838.73117755751     
   1.9329999568015337E-002  -591956.57308134157     
   1.9663332893898090E-002  -939186.94820928772     
   1.9996666219780843E-002  -1098283.1592193008     
   2.0329999545663596E-002  -1039355.9641616165     
   2.0663332871546349E-002  -775474.78713743039     
   2.0996666197429101E-002  -359575.48712369025     
   2.1329999523311854E-002   126385.13518369074     
   2.1663332849194607E-002   587570.43265054130     
   2.1996666175077360E-002   934404.00016289775     
   2.2329999500960113E-002   1099314.3369243594     
   2.2663332826842866E-002   1049192.3972599765     
   2.2996666152725619E-002   791539.31498376827     
   2.3329999478608372E-002   373309.50131250144     
   2.3663332804491125E-002  -127468.30333730875     
   2.3996666130373878E-002  -616106.24538156739     
   2.4329999456256628E-002  -999415.44704746711     
   2.4663332782139381E-002  -1204323.8040970394     
   2.4996666108022134E-002  -1193072.7769515810     
   2.5329999433904887E-002  -971276.18028241280     
   2.5663332759787640E-002  -586339.51417150674     
   2.5996666085670393E-002  -115991.43428982582     
   2.6329999411553145E-002   350508.34240451508     
   2.6663332737435898E-002   733452.39570302016     
   2.6996666063318651E-002   979943.44249047351     
   2.7329999389201404E-002   1072209.9674600475     
   2.7663332715084157E-002   1024869.9611003002     
   2.7996666040966910E-002   873044.00469949865     
   2.8329999366849663E-002   656616.82250816771     
   2.8663332692732416E-002   407201.64472912304     
   2.8996666018615169E-002   142806.15994751797     
   2.9329999344497919E-002  -128549.51739628408     
   2.9663332670380672E-002  -399258.30736898765     
   2.9996665996263425E-002  -652352.77958838642     
   3.0329999322146178E-002  -857282.62980183773     
   3.0663332648028931E-002  -974264.56046704995     
   3.0996665973911684E-002  -966118.97638458433     
   3.1329999299794437E-002  -812954.79344656621     
   3.1663332625677193E-002  -523631.29107461876     
   3.1996665951559942E-002  -139109.78155908623     
   3.2329999277442692E-002   274086.99443000602     
   3.2663332603325448E-002   638493.22780201002     
   3.2996665929208198E-002   883932.45810786565     
   3.3329999255090954E-002   964040.48263517534     
   3.3663332580973704E-002   866701.15988385282     
   3.3996665906856460E-002   616132.05797971820     
   3.4329999232739210E-002   266749.38722662657     
   3.4663332558621966E-002  -109136.30996611791     
   3.4996665884504716E-002  -436674.17895902030     
   3.5329999210387472E-002  -653554.72276523802     
   3.5663332536270222E-002  -721941.85332336044     
   3.5996665862152978E-002  -635200.88969019044     
   3.6329999188035728E-002  -418369.24902674218     
   3.6663332513918484E-002  -122389.68459956507     
   3.6996665839801234E-002   186795.58524094170     
   3.7329999165683983E-002   442209.11640051054     
   3.7663332491566739E-002   590068.05224308744     
   3.7996665817449489E-002   601261.06031038263     
   3.8329999143332245E-002   477481.86908890208     
   3.8663332469214995E-002   250523.51288371015     
   3.8996665795097751E-002  -25202.889664034134     
   3.9329999120980501E-002  -285225.99317208701     
   3.9663332446863257E-002  -469701.34217852715     
   3.9996665772746007E-002  -536788.93483517412     
