   3.3333331843217230E-006  -643179.92889578803     
   3.2999999269843104E-004  -569429.81142517051     
   6.6333331858118379E-004  -374120.84563366888     
   9.9666664446393643E-004  -101220.60206131599     
   1.3299999703466892E-003   190884.61636505218     
   1.6633332962294419E-003   442049.19417016092     
   1.9966666221121949E-003   602522.72305520647     
   2.3299999479949474E-003   642071.14752990636     
   2.6633332738777004E-003   554664.19767851906     
   2.9966665997604534E-003   358415.69121828850     
   3.3299999256432059E-003   91332.201478842515     
   3.6633332515259584E-003  -196046.41754259559     
   3.9966665774087114E-003  -449800.35001747950     
   4.3299999032914644E-003  -622196.77730767836     
   4.6633332291742165E-003  -680274.72222591867     
   4.9966665550569694E-003  -612069.90327122191     
   5.3299998809397224E-003  -429246.99430593854     
   5.6633332068224754E-003  -165321.66875241869     
   5.9966665327052283E-003   130580.19029681443     
   6.3299998585879804E-003   403446.89427590714     
   6.6633331844707334E-003   603587.57738883095     
   6.9966665103534864E-003   696698.38697809412     
   7.3299998362362385E-003   670280.60741053917     
   7.6633331621189914E-003   534846.05232367164     
   7.9966664880017444E-003   319862.04086947313     
   8.3299998138844974E-003   65941.224474351067     
   8.6633331397672503E-003  -184230.46297444706     
   8.9966664656500033E-003  -393692.30567700253     
   9.3299997915327545E-003  -536067.87844621332     
   9.6633331174155075E-003  -597159.47110209009     
   9.9966664432982605E-003  -574136.92870142695     
   1.0329999769181013E-002  -473709.23355374153     
   1.0663333095063766E-002  -310410.53959132399     
   1.0996666420946519E-002  -105360.94205567369     
   1.1329999746829272E-002   114928.91776545679     
   1.1663333072712025E-002   320509.48195368750     
   1.1996666398594778E-002   481277.21409496776     
   1.2329999724477530E-002   571507.50100561907     
   1.2663333050360282E-002   574805.41772253648     
   1.2996666376243035E-002   488178.66490333062     
   1.3329999702125788E-002   323950.13551473542     
   1.3663333028008541E-002   108698.47854674456     
   1.3996666353891294E-002  -120845.94203951576     
   1.4329999679774047E-002  -324263.78344541515     
   1.4663333005656799E-002  -465010.71398060001     
   1.4996666331539552E-002  -517554.18503511022     
   1.5329999657422304E-002  -472607.39686479483     
   1.5663332983305057E-002  -339326.25356447988     
   1.5996666309187810E-002  -143899.64949099388     
   1.6329999635070563E-002   75334.546374439247     
   1.6663332960953316E-002   275387.89110691723     
   1.6996666286836069E-002   417262.71808107081     
   1.7329999612718822E-002   473923.39681052044     
   1.7663332938601575E-002   435836.38947928854     
   1.7996666264484328E-002   312802.89307898981     
   1.8329999590367081E-002   131642.66659150922     
   1.8663332916249831E-002  -69730.312078574760     
   1.8996666242132584E-002  -250439.44632263706     
   1.9329999568015337E-002  -375091.95209537353     
   1.9663332893898090E-002  -420661.29234072578     
   1.9996666219780843E-002  -380420.95787569997     
   2.0329999545663596E-002  -264345.39319340611     
   2.0663332871546349E-002  -96244.858514158725     
   2.0996666197429101E-002   91438.979787935750     
   2.1329999523311854E-002   263925.90336446342     
   2.1663332849194607E-002   390251.36267775227     
   2.1996666175077360E-002   448324.51612785418     
   2.2329999500960113E-002   428293.01728308247     
   2.2663332826842866E-002   333934.06025027880     
   2.2996666152725619E-002   182002.47674558475     
   2.3329999478608372E-002  -401.34129823885814     
   2.3663332804491125E-002  -180243.52043051101     
   2.3996666130373878E-002  -324320.33937994973     
   2.4329999456256628E-002  -405602.55524845584     
   2.4663332782139381E-002  -409011.64881299634     
   2.4996666108022134E-002  -335239.72486328846     
   2.5329999433904887E-002  -201330.98447298518     
   2.5663332759787640E-002  -37331.682977185992     
   2.5996666085670393E-002   120651.48665633163     
   2.6329999411553145E-002   239434.94625981688     
   2.6663332737435898E-002   297294.29672011512     
   2.6996666063318651E-002   289357.30721665284     
   2.7329999389201404E-002   227941.45387379813     
   2.7663332715084157E-002   137560.28379440462     
   2.7996666040966910E-002   46257.683269233959     
   2.8329999366849663E-002  -23626.660360333131     
   2.8663332692732416E-002  -61879.041825415858     
   2.8996666018615169E-002  -71740.332314777479     
   2.9329999344497919E-002  -65934.918620715209     
   2.9663332670380672E-002  -59359.037460493535     
   2.9996665996263425E-002  -61690.292110176437     
   3.0329999322146178E-002  -73052.857774210628     
   3.0663332648028931E-002  -84410.478815715658     
   3.0996665973911684E-002  -82260.990289477020     
   3.1329999299794437E-002  -55419.954479418913     
   3.1663332625677193E-002  -947.62747317712638     
   3.1996665951559942E-002   73194.067235686263     
   3.2329999277442692E-002   149721.31339536817     
   3.2663332603325448E-002   207139.07622231886     
   3.2996665929208198E-002   226456.82002709672     
   3.3329999255090954E-002   197203.87864472956     
   3.3663332580973704E-002   120896.24723003049     
   3.3996665906856460E-002   11090.392158388146     
   3.4329999232739210E-002  -109755.99827041701     
   3.4663332558621966E-002  -215567.18412722711     
   3.4996665884504716E-002  -282631.81785054860     
   3.5329999210387472E-002  -294873.16822243895     
   3.5663332536270222E-002  -247332.84865509172     
   3.5996665862152978E-002  -147276.03377932357     
   3.6329999188035728E-002  -12824.059537223577     
   3.6663332513918484E-002   130541.87188786727     
   3.6996665839801234E-002   254917.57988177426     
   3.7329999165683983E-002   335431.02044585638     
   3.7663332491566739E-002   355191.97143394902     
   3.7996665817449489E-002   308773.25485998008     
   3.8329999143332245E-002   203501.93539762878     
   3.8663332469214995E-002   58245.396194526707     
   3.8996665795097751E-002  -100117.54939181558     
   3.9329999120980501E-002  -241856.64996859682     
   3.9663332446863257E-002  -340140.11179698579     
   3.9996665772746007E-002  -376209.09539426095     
