   3.3333331843217230E-006  -404697.51837141451     
   3.2999999269843104E-004  -373623.28314574977     
   6.6333331858118379E-004  -275458.42926660314     
   9.9666664446393643E-004  -130086.97169758522     
   1.3299999703466892E-003   31170.048178711251     
   1.6633332962294419E-003   174116.81347161735     
   1.9966666221121949E-003   271160.11099841271     
   2.3299999479949474E-003   308705.90815098770     
   2.6633332738777004E-003   290024.82965977874     
   2.9966665997604534E-003   232670.69519395882     
   3.3299999256432059E-003   161428.42518932748     
   3.6633332515259584E-003   99328.949069526148     
   3.9966665774087114E-003   59921.604184587552     
   4.3299999032914644E-003   43494.081377639333     
   4.6633332291742165E-003   38460.406794835289     
   4.9966665550569694E-003   27243.313771517816     
   5.3299998809397224E-003  -5643.1319760652586     
   5.6633332068224754E-003  -66363.633847551188     
   5.9966665327052283E-003  -148075.03426541464     
   6.3299998585879804E-003  -232147.79697017817     
   6.6633331844707334E-003  -293876.68552931317     
   6.9966665103534864E-003  -310674.09491147485     
   7.3299998362362385E-003  -269905.50391907606     
   7.6633331621189914E-003  -173708.63305938750     
   7.9966664880017444E-003  -39224.418489297939     
   8.3299998138844974E-003   105764.55051774820     
   8.6633331397672503E-003   230307.56349340739     
   8.9966664656500033E-003   308482.94936362613     
   9.3299997915327545E-003   325857.76208544773     
   9.6633331174155075E-003   282463.75094675977     
   9.9966664432982605E-003   191738.96525531617     
   1.0329999769181013E-002   76126.186063983900     
   1.0663333095063766E-002  -39092.906875497705     
   1.0996666420946519E-002  -131850.94359669386     
   1.1329999746829272E-002  -187663.56990769540     
   1.1663333072712025E-002  -201466.70539961889     
   1.1996666398594778E-002  -176929.80335343737     
   1.2329999724477530E-002  -123950.51386868683     
   1.2663333050360282E-002  -55389.273302703383     
   1.2996666376243035E-002   15934.919895562052     
   1.3329999702125788E-002   79306.414593062087     
   1.3663333028008541E-002   127056.80036451959     
   1.3996666353891294E-002   153810.19227181136     
   1.4329999679774047E-002   156645.77468095074     
   1.4663333005656799E-002   135948.41630059938     
   1.4996666331539552E-002   95704.502195776528     
   1.5329999657422304E-002   43223.699756093265     
   1.5663332983305057E-002  -11874.975815215876     
   1.5996666309187810E-002  -59354.548332650957     
   1.6329999635070563E-002  -90428.813711649331     
   1.6663332960953316E-002  -99727.036913286953     
   1.6996666286836069E-002  -86621.233003662055     
   1.7329999612718822E-002  -55492.061477177020     
   1.7663332938601575E-002  -14762.879406387136     
   1.7996666264484328E-002   25135.798883507101     
   1.8329999590367081E-002   54392.823691714970     
   1.8663332916249831E-002   66353.434504583623     
   1.8996666242132584E-002   59268.970657954414     
   1.9329999568015337E-002   36746.653130115323     
   1.9663332893898090E-002   6731.6367803472203     
   1.9996666219780843E-002  -20736.076010027107     
   2.0329999545663596E-002  -36389.981882234264     
   2.0663332871546349E-002  -34434.478849632360     
   2.0996666197429101E-002  -14303.220919053230     
   2.1329999523311854E-002   19038.995993092176     
   2.1663332849194607E-002   56363.359700415764     
   2.1996666175077360E-002   86682.218984966777     
   2.2329999500960113E-002   100307.73130983787     
   2.2663332826842866E-002   91618.513427508093     
   2.2996666152725619E-002   60766.985035691388     
   2.3329999478608372E-002   13853.493768998898     
   2.3663332804491125E-002  -38484.122357323664     
   2.3996666130373878E-002  -83686.928084432991     
   2.4329999456256628E-002  -110402.09568648474     
   2.4663332782139381E-002  -111307.12960117262     
   2.4996666108022134E-002  -84921.502516062465     
   2.5329999433904887E-002  -35984.001692537058     
   2.5663332759787640E-002   25642.772004746672     
   2.5996666085670393E-002   87210.400143254315     
   2.6329999411553145E-002   135877.81159777689     
   2.6663332737435898E-002   161386.19215111434     
   2.6996666063318651E-002   158158.50692588065     
   2.7329999389201404E-002   125889.56405687932     
   2.7663332715084157E-002   69217.280797406362     
   2.7996666040966910E-002  -2894.1970444106882     
   2.8329999366849663E-002  -78583.209912100108     
   2.8663332692732416E-002  -144980.54300210936     
   2.8996666018615169E-002  -190287.45721842931     
   2.9329999344497919E-002  -205736.90023098595     
   2.9663332670380672E-002  -187136.17226057628     
   2.9996665996263425E-002  -135732.37348931603     
   3.0329999322146178E-002  -58226.491645929855     
   3.0663332648028931E-002   34116.687401862757     
   3.0996665973911684E-002   127170.55677470312     
   3.1329999299794437E-002   206220.78319949354     
   3.1663332625677193E-002   258449.14675070674     
   3.1996665951559942E-002   275195.04786529939     
   3.2329999277442692E-002   253567.89998628933     
   3.2663332603325448E-002   197073.45656357912     
   3.2996665929208198E-002   115083.71261610388     
   3.3329999255090954E-002   21197.170308789762     
   3.3663332580973704E-002  -69237.255348956998     
   3.3996665906856460E-002  -141972.07169681351     
   3.4329999232739210E-002  -186525.02465599380     
   3.4663332558621966E-002  -198102.61819019567     
   3.4996665884504716E-002  -178364.03820367987     
   3.5329999210387472E-002  -134839.93117862134     
   3.5663332536270222E-002  -79109.026560115308     
   3.5996665862152978E-002  -24116.464947284781     
   3.6329999188035728E-002   18774.449107761058     
   3.6663332513918484E-002   42323.373360733298     
   3.6996665839801234E-002   44944.006502839562     
   3.7329999165683983E-002   30838.402610165460     
   3.7663332491566739E-002   8667.4447614626697     
   3.7996665817449489E-002  -10955.573932171468     
   3.8329999143332245E-002  -18554.539188318602     
   3.8663332469214995E-002  -8686.1344233536656     
   3.8996665795097751E-002   18142.895919890085     
   3.9329999120980501E-002   55136.186298383604     
   3.9663332446863257E-002   90694.530903702354     
   3.9996665772746007E-002   111527.80711827248     
