   3.3333331843217230E-006   10563.150830045723     
   3.2999999269843104E-004   10569.406896142593     
   6.6333331858118379E-004   10588.306618964194     
   9.9666664446393643E-004   10619.476463935813     
   1.3299999703466892E-003   10662.297862578103     
   1.6633332962294419E-003   10715.915673022133     
   1.9966666221121949E-003   10779.249892982461     
   2.3299999479949474E-003   10851.010481392021     
   2.6633332738777004E-003   10929.715106581692     
   2.9966665997604534E-003   11013.709602687824     
   3.3299999256432059E-003   11101.190882316141     
   3.6633332515259584E-003   11190.232022774271     
   3.9966665774087114E-003   11278.809215768877     
   4.3299999032914644E-003   11364.830246670366     
   4.6633332291742165E-003   11446.164149560778     
   4.9966665550569694E-003   11520.671668536996     
   5.3299998809397224E-003   11586.236144332557     
   5.6633332068224754E-003   11640.794438388972     
   5.9966665327052283E-003   11682.367504142323     
   6.3299998585879804E-003   11709.090217531562     
   6.6633331844707334E-003   11719.240085567726     
   6.9966665103534864E-003   11711.264463161830     
   7.3299998362362385E-003   11683.805924175516     
   7.6633331621189914E-003   11635.725452663832     
   7.9966664880017444E-003   11566.123144306805     
   8.3299998138844974E-003   11474.356135811799     
   8.6633331397672503E-003   11360.053511304999     
   8.9966664656500033E-003   11223.127969070711     
   9.3299997915327545E-003   11063.784069057740     
   9.6633331174155075E-003   10882.522920937958     
   9.9966664432982605E-003   10680.143213729943     
   1.0329999769181013E-002   10457.738530625520     
   1.0663333095063766E-002   10216.690936196144     
   1.0996666420946519E-002   9958.6608671152335     
   1.1329999746829272E-002   9685.5734014105947     
   1.1663333072712025E-002   9399.6010245567813     
   1.1996666398594778E-002   9103.1430529333156     
   1.2329999724477530E-002   8798.8019158253137     
   1.2663333050360282E-002   8489.3565357574644     
   1.2996666376243035E-002   8177.7330830815135     
   1.3329999702125788E-002   7866.9734139581460     
   1.3663333028008541E-002   7560.2015307951624     
   1.3996666353891294E-002   7260.5884304683932     
   1.4329999679774047E-002   6971.3157279434481     
   1.4663333005656799E-002   6695.5384609620505     
   1.4996666331539552E-002   6436.3474950291738     
   1.5329999657422304E-002   6196.7319568590556     
   1.5663332983305057E-002   5979.5421285829570     
   1.5996666309187810E-002   5787.4532343153787     
   1.6329999635070563E-002   5622.9305450990660     
   1.6663332960953316E-002   5488.1962178362646     
   1.6996666286836069E-002   5385.1982686534275     
   1.7329999612718822E-002   5315.5820613797869     
   1.7663332938601575E-002   5280.6646676409082     
   1.7996666264484328E-002   5281.4124267191091     
   1.8329999590367081E-002   5318.4220011042416     
   1.8663332916249831E-002   5391.9051878855671     
   1.8996666242132584E-002   5501.6777071930637     
   1.9329999568015337E-002   5647.1521471972883     
   1.9663332893898090E-002   5827.3352011645547     
   1.9996666219780843E-002   6040.8292862105727     
   2.0329999545663596E-002   6285.8385861950301     
   2.0663332871546349E-002   6560.1795131627714     
   2.0996666197429101E-002   6861.2955333870304     
   2.1329999523311854E-002   7186.2762559343300     
   2.1663332849194607E-002   7531.8806342783200     
   2.1996666175077360E-002   7894.5640853623481     
   2.2329999500960113E-002   8270.5092861596968     
   2.2663332826842866E-002   8655.6603656991865     
   2.2996666152725619E-002   9045.7601711837160     
   2.3329999478608372E-002   9436.3902506731629     
   2.3663332804491125E-002   9823.0131622413501     
   2.3996666130373878E-002   10201.016690922575     
   2.4329999456256628E-002   10565.759530467796     
   2.4663332782139381E-002   10912.617967220234     
   2.4996666108022134E-002   11237.033088532397     
   2.5329999433904887E-002   11534.558028267820     
   2.5663332759787640E-002   11800.904757193663     
   2.5996666085670393E-002   12031.989926552966     
   2.6329999411553145E-002   12223.979278829076     
   2.6663332737435898E-002   12373.330150644919     
   2.6996666063318651E-002   12476.831608785576     
   2.7329999389201404E-002   12531.641781346898     
   2.7663332715084157E-002   12535.321971795891     
   2.7996666040966910E-002   12485.867174027182     
   2.8329999366849663E-002   12381.732641012350     
   2.8663332692732416E-002   12221.856198017038     
   2.8996666018615169E-002   12005.676033213458     
   2.9329999344497919E-002   11733.143743413853     
   2.9663332670380672E-002   11404.732460130024     
   2.9996665996263425E-002   11021.439930732658     
   3.0329999322146178E-002   10584.786480625189     
   3.0663332648028931E-002   10096.807834525422     
   3.0996665973911684E-002   9560.0428276165367     
   3.1329999299794437E-002   8977.5160899327293     
   3.1663332625677193E-002   8352.7158393282443     
   3.1996665951559942E-002   7689.5669691917283     
   3.2329999277442692E-002   6992.3996661707306     
   3.2663332603325448E-002   6265.9138400422089     
   3.2996665929208198E-002   5515.1396920021762     
   3.3329999255090954E-002   4745.3947885802536     
   3.3663332580973704E-002   3962.2380456725659     
   3.3996665906856460E-002   3171.4210604267146     
   3.4329999232739210E-002   2378.8372575470730     
   3.4663332558621966E-002   1590.4693407010359     
   3.4996665884504716E-002   812.33555883602446     
   3.5329999210387472E-002   50.435311145609887     
   3.5663332536270222E-002  -689.30537700016100     
   3.5996665862152978E-002  -1401.0879717291621     
   3.6329999188035728E-002  -2079.2946088959288     
   3.6663332513918484E-002  -2718.5398076854608     
   3.6996665839801234E-002  -3313.7202076945223     
   3.7329999165683983E-002  -3860.0618361629672     
   3.7663332491566739E-002  -4353.1644356941670     
   3.7996665817449489E-002  -4789.0424113328481     
   3.8329999143332245E-002  -5164.1619889655285     
   3.8663332469214995E-002  -5475.4742143360718     
   3.8996665795097751E-002  -5720.4434631421627     
   3.9329999120980501E-002  -5897.0711772715877     
   3.9663332446863257E-002  -6003.9145897903418     
   3.9996665772746007E-002  -6040.1002513131752     
