   3.3333331843217230E-006   138796.36256173524     
   3.2999999269843104E-004   136995.48515990580     
   6.6333331858118379E-004   133363.22287149157     
   9.9666664446393643E-004   129609.62991978248     
   1.3299999703466892E-003   127302.70487206221     
   1.6633332962294419E-003   127291.22522563423     
   1.9966666221121949E-003   129498.86364840956     
   2.3299999479949474E-003   133109.54165304650     
   2.6633332738777004E-003   136988.96672199899     
   2.9966665997604534E-003   140127.20269175438     
   3.3299999256432059E-003   141932.68812313068     
   3.6633332515259584E-003   142311.30942240712     
   3.9966665774087114E-003   141565.26781840561     
   4.3299999032914644E-003   140204.64850918224     
   4.6633332291742165E-003   138768.94833703173     
   4.9966665550569694E-003   137719.70681933616     
   5.3299998809397224E-003   137413.28692704567     
   5.6633332068224754E-003   138118.74258826327     
   5.9966665327052283E-003   140026.33897898346     
   6.3299998585879804E-003   143204.18109409823     
   6.6633331844707334E-003   147498.47387826268     
   6.9966665103534864E-003   152420.65158798132     
   7.3299998362362385E-003   157097.82429557244     
   7.6633331621189914E-003   160359.22541785374     
   7.9966664880017444E-003   160982.59098296074     
   8.3299998138844974E-003   158046.46796650934     
   8.6633331397672503E-003   151264.58848910098     
   8.9966664656500033E-003   141158.16001714795     
   9.3299997915327545E-003   128972.17941394405     
   9.6633331174155075E-003   116346.13757970565     
   9.9966664432982605E-003   104858.05870581132     
   1.0329999769181013E-002   95617.213721849461     
   1.0663333095063766E-002   89054.816641575002     
   1.0996666420946519E-002   84967.899469035576     
   1.1329999746829272E-002   82759.555686179694     
   1.1663333072712025E-002   81745.050902630974     
   1.1996666398594778E-002   81388.957092689729     
   1.2329999724477530E-002   81395.769280722612     
   1.2663333050360282E-002   81658.612427634944     
   1.2996666376243035E-002   82135.170436221568     
   1.3329999702125788E-002   82740.279926719668     
   1.3663333028008541E-002   83318.917217883703     
   1.3996666353891294E-002   83709.936529409926     
   1.4329999679774047E-002   83856.794810079722     
   1.4663333005656799E-002   83890.705421612802     
   1.4996666331539552E-002   84118.034514923304     
   1.5329999657422304E-002   84887.170954394518     
   1.5663332983305057E-002   86375.376267469765     
   1.5996666309187810E-002   88395.251795072210     
   1.6329999635070563E-002   90340.753128195327     
   1.6663332960953316E-002   91351.622761309656     
   1.6996666286836069E-002   90677.167209681793     
   1.7329999612718822E-002   88104.815755505930     
   1.7663332938601575E-002   84248.224283435047     
   1.7996666264484328E-002   80516.861410833648     
   1.8329999590367081E-002   78720.485970198599     
   1.8663332916249831E-002   80441.376350344450     
   1.8996666242132584E-002   86438.684285523850     
   1.9329999568015337E-002   96352.540428478664     
   1.9663332893898090E-002   108839.20006772458     
   1.9996666219780843E-002   122063.25343794959     
   2.0329999545663596E-002   134310.94055720611     
   2.0663332871546349E-002   144455.02905609971     
   2.0996666197429101E-002   152104.38195637768     
   2.1329999523311854E-002   157441.93483561469     
   2.1663332849194607E-002   160896.60325592238     
   2.1996666175077360E-002   162841.13332606145     
   2.2329999500960113E-002   163454.01667148946     
   2.2663332826842866E-002   162775.77723670757     
   2.2996666152725619E-002   160890.16088129848     
   2.3329999478608372E-002   158111.72038768983     
   2.3663332804491125E-002   155071.97578493951     
   2.3996666130373878E-002   152649.05698957585     
   2.4329999456256628E-002   151753.00364853902     
   2.4663332782139381E-002   153037.06896438755     
   2.4996666108022134E-002   156639.32754028740     
   2.5329999433904887E-002   162060.15006383660     
   2.5663332759787640E-002   168245.89080077317     
   2.5996666085670393E-002   173880.72946487801     
   2.6329999411553145E-002   177803.03437890054     
   2.6663332737435898E-002   179391.14294332333     
   2.6996666063318651E-002   178744.86172689233     
   2.7329999389201404E-002   176550.01100935636     
   2.7663332715084157E-002   173645.99907173286     
   2.7996666040966910E-002   170468.54761649916     
   2.8329999366849663E-002   166632.30663626187     
   2.8663332692732416E-002   160887.37570609921     
   2.8996666018615169E-002   151525.17788789410     
   2.9329999344497919E-002   137092.39790378031     
   2.9663332670380672E-002   117109.09099596599     
   2.9996665996263425E-002   92469.503625260666     
   3.0329999322146178E-002   65344.869723910961     
   3.0663332648028931E-002   38632.139298853886     
   3.0996665973911684E-002   15183.790512999019     
   3.1329999299794437E-002  -2879.9454160962750     
   3.1663332625677193E-002  -14550.973040062800     
   3.1996665951559942E-002  -19940.360517029792     
   3.2329999277442692E-002  -20003.016097906791     
   3.2663332603325448E-002  -16151.395236800721     
   3.2996665929208198E-002  -9917.0111306949184     
   3.3329999255090954E-002  -2741.5529874987833     
   3.3663332580973704E-002   4110.5842097054037     
   3.3996665906856460E-002   9585.0522947795253     
   3.4329999232739210E-002   12888.907093009711     
   3.4663332558621966E-002   13594.713228787219     
   3.4996665884504716E-002   11771.097933741456     
   3.5329999210387472E-002   8063.2581083419100     
   3.5663332536270222E-002   3634.2068355879542     
   3.5996665862152978E-002  -84.564983672485823     
   3.6329999188035728E-002  -1804.0905358549462     
   3.6663332513918484E-002  -830.13098398462989     
   3.6996665839801234E-002   2621.4617475471441     
   3.7329999165683983E-002   7407.9619496971764     
   3.7663332491566739E-002   11802.334050932066     
   3.7996665817449489E-002   14103.279754877232     
   3.8329999143332245E-002   13285.771814985710     
   3.8663332469214995E-002   9420.6594571689402     
   3.8996665795097751E-002   3673.5251484005780     
   3.9329999120980501E-002  -2128.4474973576293     
   3.9663332446863257E-002  -6181.4030834872574     
   3.9996665772746007E-002  -7352.6396336570942     
