   3.3333333333333333E-006   17699.697733443601     
   3.3000000000000000E-004   17686.113565535539     
   6.6333333333333327E-004   17644.843889594842     
   9.9666666666666675E-004   17576.001584034460     
   1.3300000000000000E-003   17479.774941774394     
   1.6633333333333333E-003   17356.427154417364     
   1.9966666666666666E-003   17206.295591242018     
   2.3299999999999996E-003   17029.790874989540     
   2.6633333333333331E-003   16827.395756976613     
   2.9966666666666666E-003   16599.663794617554     
   3.3299999999999996E-003   16347.217834979881     
   3.6633333333333331E-003   16070.748308529310     
   3.9966666666666666E-003   15771.011337740225     
   4.3299999999999996E-003   15448.826665755099     
   4.6633333333333327E-003   15105.075410769457     
   4.9966666666666666E-003   14740.697652296649     
   5.3299999999999997E-003   14356.689855927356     
   5.6633333333333327E-003   13954.102143641390     
   5.9966666666666666E-003   13534.035417152643     
   6.3299999999999997E-003   13097.638342170691     
   6.6633333333333327E-003   12646.104201843864     
   6.9966666666666667E-003   12180.667628006944     
   7.3299999999999997E-003   11702.601219191594     
   7.6633333333333328E-003   11213.212054667903     
   7.9966666666666675E-003   10713.838114070362     
   8.3300000000000006E-003   10205.844612420296     
   8.6633333333333336E-003   9690.6202605885537     
   8.9966666666666667E-003   9169.5734614466837     
   9.3299999999999998E-003   8644.1284521308899     
   9.6633333333333345E-003   8115.7214029908318     
   9.9966666666666676E-003   7585.7964839138831     
   1.0330000000000001E-002   7055.8019088049350     
   1.0663333333333334E-002   6527.1859690615547     
   1.0996666666666667E-002   6001.3930669145020     
   1.1330000000000000E-002   5479.8597595038436     
   1.1663333333333333E-002   4964.0108245314987     
   1.1996666666666668E-002   4455.2553582717774     
   1.2330000000000001E-002   3954.9829166328614     
   1.2663333333333334E-002   3464.5597098439539     
   1.2996666666666667E-002   2985.3248611959725     
   1.3330000000000000E-002   2518.5867400879206     
   1.3663333333333333E-002   2065.6193794274268     
   1.3996666666666668E-002   1627.6589872026852     
   1.4330000000000001E-002   1205.9005617848325     
   1.4663333333333334E-002   801.49462023549131     
   1.4996666666666667E-002   415.54404858444013     
   1.5330000000000000E-002   49.101082707945352     
   1.5663333333333331E-002  -296.83557191961063     
   1.5996666666666666E-002  -621.32347370889966     
   1.6329999999999997E-002  -923.47902418401463     
   1.6663333333333332E-002  -1202.4798858892382     
   1.6996666666666663E-002  -1457.5672323496055     
   1.7329999999999998E-002  -1688.0478239210615     
   1.7663333333333333E-002  -1893.2959038431727     
   1.7996666666666664E-002  -2072.7549093002799     
   1.8329999999999999E-002  -2225.9389928039845     
   1.8663333333333330E-002  -2352.4343497297468     
   1.8996666666666665E-002  -2451.9003483718125     
   1.9330000000000000E-002  -2524.0704594218669     
   1.9663333333333331E-002  -2568.7529823266505     
   1.9996666666666666E-002  -2585.8315665365080     
   2.0329999999999997E-002  -2575.2655262190410     
   2.0663333333333332E-002  -2537.0899475781025     
   2.0996666666666663E-002  -2471.4155884869097     
   2.1329999999999998E-002  -2378.4285707131894     
   2.1663333333333333E-002  -2258.3898655828707     
   2.1996666666666664E-002  -2111.6345744949322     
   2.2329999999999999E-002  -1938.5710062623093     
   2.2663333333333330E-002  -1739.6795538107372     
   2.2996666666666665E-002  -1515.5113733171565     
   2.3329999999999997E-002  -1266.6868694110162     
   2.3663333333333331E-002  -993.89399059316384     
   2.3996666666666666E-002  -697.88633954735451     
   2.4329999999999997E-002  -379.48110352659023     
   2.4663333333333332E-002  -39.556810489770214     
   2.4996666666666664E-002   320.94908285830388     
   2.5329999999999998E-002   701.04276450991983     
   2.5663333333333333E-002   1099.6767950239619     
   2.5996666666666664E-002   1515.7529823425484     
   2.6329999999999999E-002   1948.1253956723122     
   2.6663333333333331E-002   2395.6035101669740     
   2.6996666666666665E-002   2856.9554737892704     
   2.7329999999999997E-002   3330.9114873953349     
   2.7663333333333331E-002   3816.1672887746518     
   2.7996666666666666E-002   4311.3877310933512     
   2.8329999999999998E-002   4815.2104459303546     
   2.8663333333333332E-002   5326.2495808637723     
   2.8996666666666664E-002   5843.0996013606546     
   2.9329999999999998E-002   6364.3391465472432     
   2.9663333333333330E-002   6888.5349282889219     
   2.9996666666666665E-002   7414.2456628906475     
   3.0329999999999999E-002   7940.0260246390608     
   3.0663333333333331E-002   8464.4306103479139     
   3.0996666666666665E-002   8986.0179040381609     
   3.1329999999999997E-002   9503.3542308836768     
   3.1663333333333328E-002   10015.017689583397     
   3.1996666666666666E-002   10519.602052379367     
   3.2329999999999998E-002   11015.720622029365     
   3.2663333333333329E-002   11502.010035160572     
   3.2996666666666667E-002   11977.134001577753     
   3.3329999999999999E-002   12439.786969275236     
   3.3663333333333330E-002   12888.697705105471     
   3.3996666666666661E-002   13322.632781288303     
   3.4329999999999999E-002   13740.399958203159     
   3.4663333333333331E-002   14140.851454190741     
   3.4996666666666662E-002   14522.887093400745     
   3.5330000000000000E-002   14885.457323056055     
   3.5663333333333332E-002   15227.566091862220     
   3.5996666666666663E-002   15548.273581671667     
   3.6330000000000001E-002   15846.698784914021     
   3.6663333333333332E-002   16122.021920727213     
   3.6996666666666664E-002   16373.486683165913     
   3.7329999999999995E-002   16600.402315324191     
   3.7663333333333333E-002   16802.145503686730     
   3.7996666666666665E-002   16978.162087515466     
   3.8329999999999996E-002   17127.968578585831     
   3.8663333333333334E-002   17251.153487106436     
   3.8996666666666666E-002   17347.378450187487     
   3.9329999999999997E-002   17416.379159764554     
   3.9663333333333328E-002   17457.966087433841     
   3.9996666666666666E-002   17472.025004212031     
