   3.3333331843217230E-006   4778.8458360979766     
   3.2999999269843104E-004   5381.1185860958940     
   6.6333331858118379E-004   7174.3670421068682     
   9.9666664446393643E-004   9865.3446106486481     
   1.3299999703466892E-003   13012.970084588540     
   1.6633332962294419E-003   16154.628701396368     
   1.9966666221121949E-003   18933.877067004261     
   2.3299999479949474E-003   21179.799610522747     
   2.6633332738777004E-003   22906.585965433009     
   2.9966665997604534E-003   24235.309141370515     
   3.3299999256432059E-003   25273.854368399265     
   3.6633332515259584E-003   26010.465472599764     
   3.9966665774087114E-003   26272.152781330526     
   4.3299999032914644E-003   25772.093915903737     
   4.6633332291742165E-003   24231.170197571970     
   4.9966665550569694E-003   21524.569968438562     
   5.3299998809397224E-003   17790.071350129041     
   5.6633332068224754E-003   13447.085558431731     
   5.9966665327052283E-003   9110.2707212206424     
   6.3299998585879804E-003   5424.3191564428553     
   6.6633331844707334E-003   2879.5001053620813     
   6.9966665103534864E-003   1676.7669522345532     
   7.3299998362362385E-003   1692.6566856830837     
   7.6633331621189914E-003   2555.3461241799855     
   7.9966664880017444E-003   3799.9666523170108     
   8.3299998138844974E-003   5041.1538666208307     
   8.6633331397672503E-003   6095.7459692258535     
   8.9966664656500033E-003   7010.0969143345183     
   9.3299997915327545E-003   7985.4651635530618     
   9.6633331174155075E-003   9235.5217822816794     
   9.9966664432982605E-003   10836.240903810711     
   1.0329999769181013E-002   12630.567397642182     
   1.0663333095063766E-002   14228.328496971857     
   1.0996666420946519E-002   15105.127328229713     
   1.1329999746829272E-002   14766.825683511819     
   1.1663333072712025E-002   12922.429852952122     
   1.1996666398594778E-002   9605.6977419923151     
   1.2329999724477530E-002   5204.2495831357073     
   1.2663333050360282E-002   386.55382407974344     
   1.2996666376243035E-002  -4049.9547950640995     
   1.3329999702125788E-002  -7363.3973478351418     
   1.3663333028008541E-002  -9039.2893359954978     
   1.3996666353891294E-002  -8892.2234389808418     
   1.4329999679774047E-002  -7052.8414042213426     
   1.4663333005656799E-002  -3928.4563980216376     
   1.4996666331539552E-002  -126.83609210874582     
   1.5329999657422304E-002   3647.5558458976598     
   1.5663332983305057E-002   6708.6055876091232     
   1.5996666309187810E-002   8498.0925434696564     
   1.6329999635070563E-002   8674.1655695304817     
   1.6663332960953316E-002   7166.1076323352618     
   1.6996666286836069E-002   4187.2151542980746     
   1.7329999612718822E-002   203.31584922396064     
   1.7663332938601575E-002  -4139.1911453218972     
   1.7996666264484328E-002  -8115.6674727896661     
   1.8329999590367081E-002  -11040.700800195838     
   1.8663332916249831E-002  -12382.354996783197     
   1.8996666242132584E-002  -11854.500276249939     
   1.9329999568015337E-002  -9471.2394752457567     
   1.9663332893898090E-002  -5553.0412504876649     
   1.9996666219780843E-002  -681.89498054683941     
   2.0329999545663596E-002   4388.6164013112693     
   2.0663332871546349E-002   8854.4667626302526     
   2.0996666197429101E-002   11993.838794177362     
   2.1329999523311854E-002   13288.961920633645     
   2.1663332849194607E-002   12516.098601774293     
   2.1996666175077360E-002   9787.6854303312557     
   2.2329999500960113E-002   5538.6214891592108     
   2.2663332826842866E-002   458.22680608011387     
   2.2996666152725619E-002  -4621.2404720807008     
   2.3329999478608372E-002  -8861.1080575255128     
   2.3663332804491125E-002  -11555.139949504661     
   2.3996666130373878E-002  -12247.620555577874     
   2.4329999456256628E-002  -10811.143615400832     
   2.4663332782139381E-002  -7471.3730449226405     
   2.4996666108022134E-002  -2774.8069486451432     
   2.5329999433904887E-002   2495.2461137115965     
   2.5663332759787640E-002   7441.2162051525302     
   2.5996666085670393E-002   11193.394993208836     
   2.6329999411553145E-002   13050.097833059517     
   2.6663332737435898E-002   12595.014382821126     
   2.6996666063318651E-002   9772.7565240697677     
   2.7329999389201404E-002   4922.4809154018549     
   2.7663332715084157E-002  -1242.9777780998738     
   2.7996666040966910E-002  -7731.7549746893374     
   2.8329999366849663E-002  -13422.407376408013     
   2.8663332692732416E-002  -17246.933638678034     
   2.8996666018615169E-002  -18375.672766628508     
   2.9329999344497919E-002  -16368.903314838502     
   2.9663332670380672E-002  -11263.783827287811     
   2.9996665996263425E-002  -3576.4393773815741     
   3.0329999322146178E-002   5784.2701847864810     
   3.0663332648028931E-002   15675.880133653585     
   3.0996665973911684E-002   24922.269396343439     
   3.1329999299794437E-002   32512.231491238348     
   3.1663332625677193E-002   37753.993435409742     
   3.1996665951559942E-002   40353.054744379922     
   3.2329999277442692E-002   40399.456272314987     
   3.2663332603325448E-002   38273.645808369954     
   3.2996665929208198E-002   34501.499188520720     
   3.3329999255090954E-002   29602.691846133515     
   3.3663332580973704E-002   23978.037642867817     
   3.3996665906856460E-002   17869.283176679979     
   3.4329999232739210E-002   11401.719567979078     
   3.4663332558621966E-002   4692.0017789294725     
   3.4996665884504716E-002  -2020.9178321936083     
   3.5329999210387472E-002  -8276.5925522619091     
   3.5663332536270222E-002  -13375.939277397822     
   3.5996665862152978E-002  -16473.879222081228     
   3.6329999188035728E-002  -16773.809193958961     
   3.6663332513918484E-002  -13777.161387063177     
   3.6996665839801234E-002  -7511.9674804116121     
   3.7329999165683983E-002   1344.0698984768901     
   3.7663332491566739E-002   11511.490720645515     
   3.7996665817449489E-002   21348.528161887865     
   3.8329999143332245E-002   29242.135785265476     
   3.8663332469214995E-002   34051.979007327791     
   3.8996665795097751E-002   35472.042146536740     
   3.9329999120980501E-002   34176.229175161687     
   3.9663332446863257E-002   31661.432106951128     
   3.9996665772746007E-002   29787.122052444727     
