   3.3333331843217230E-006   6811.5376768207861     
   3.2999999269843104E-004   6919.8674004382328     
   6.6333331858118379E-004   7243.8566636945452     
   9.9666664446393643E-004   7767.3580452832975     
   1.3299999703466892E-003   8464.3162191037809     
   1.6633332962294419E-003   9300.1163114805167     
   1.9966666221121949E-003   10233.371147446556     
   2.3299999479949474E-003   11218.051207963612     
   2.6633332738777004E-003   12205.842860257864     
   2.9966665997604534E-003   13148.608440079221     
   3.3299999256432059E-003   14000.816708619463     
   3.6633332515259584E-003   14721.814346078925     
   3.9966665774087114E-003   15277.818348889970     
   4.3299999032914644E-003   15643.524948643988     
   4.6633332291742165E-003   15803.252086935079     
   4.9966665550569694E-003   15751.558368645115     
   5.3299998809397224E-003   15493.310337922729     
   5.6633332068224754E-003   15043.200271728561     
   5.9966665327052283E-003   14424.746784130231     
   6.3299998585879804E-003   13668.838715984617     
   6.6633331844707334E-003   12811.907493714280     
   6.9966665103534864E-003   11893.833017324941     
   7.3299998362362385E-003   10955.702092041936     
   7.6633331621189914E-003   10037.545691351796     
   7.9966664880017444E-003   9176.1815460536836     
   8.3299998138844974E-003   8403.2817023623902     
   8.6633331397672503E-003   7743.7711835556011     
   8.9966664656500033E-003   7214.6444960329663     
   9.3299997915327545E-003   6824.2625410990076     
   9.6633331174155075E-003   6572.1648931849541     
   9.9966664432982605E-003   6449.4029379433305     
   1.0329999769181013E-002   6439.3696866859391     
   1.0663333095063766E-002   6519.0738641095650     
   1.0996666420946519E-002   6660.7806882996492     
   1.1329999746829272E-002   6833.9210383021446     
   1.1663333072712025E-002   7007.1555974070852     
   1.1996666398594778E-002   7150.4719166371679     
   1.2329999724477530E-002   7237.1906469622654     
   1.2663333050360282E-002   7245.7625347090852     
   1.2996666376243035E-002   7161.2498613775751     
   1.3329999702125788E-002   6976.4041567532058     
   1.3663333028008541E-002   6692.2752020200805     
   1.3996666353891294E-002   6318.3132626540137     
   1.4329999679774047E-002   5871.9556330216883     
   1.4663333005656799E-002   5377.7182929839973     
   1.4996666331539552E-002   4865.8420937056408     
   1.5329999657422304E-002   4370.5687866459302     
   1.5663332983305057E-002   3928.1439174186967     
   1.5996666309187810E-002   3574.6598881460045     
   1.6329999635070563E-002   3343.8624132273999     
   1.6663332960953316E-002   3265.0465740010936     
   1.6996666286836069E-002   3361.1645254423570     
   1.7329999612718822E-002   3647.2558302558928     
   1.7663332938601575E-002   4129.2939888128831     
   1.7996666264484328E-002   4803.5199502358646     
   1.8329999590367081E-002   5656.3064876294857     
   1.8663332916249831E-002   6664.5677908790258     
   1.8996666242132584E-002   7796.6981176277804     
   1.9329999568015337E-002   9013.9935518583552     
   1.9663332893898090E-002   10272.483520686328     
   1.9996666219780843E-002   11525.075256877664     
   2.0329999545663596E-002   12723.896196758111     
   2.0663332871546349E-002   13822.707411553360     
   2.0996666197429101E-002   14779.256278271541     
   2.1329999523311854E-002   15557.439010288534     
   2.1663332849194607E-002   16129.153288560719     
   2.1996666175077360E-002   16475.737561229671     
   2.2329999500960113E-002   16588.915736749692     
   2.2663332826842866E-002   16471.192780466099     
   2.2996666152725619E-002   16135.676671835241     
   2.3329999478608372E-002   15605.333642782667     
   2.3663332804491125E-002   14911.714859863179     
   2.3996666130373878E-002   14093.222001996477     
   2.4329999456256628E-002   13193.004890949551     
   2.4663332782139381E-002   12256.605014725803     
   2.4996666108022134E-002   11329.473278196878     
   2.5329999433904887E-002   10454.497792073775     
   2.5663332759787640E-002   9669.6775268759557     
   2.5996666085670393E-002   9006.0701798362898     
   2.6329999411553145E-002   8486.1280105407423     
   2.6663332737435898E-002   8122.5144707488589     
   2.6996666063318651E-002   7917.4683133604722     
   2.7329999389201404E-002   7862.7519347915968     
   2.7663332715084157E-002   7940.1886184686518     
   2.7996666040966910E-002   8122.7608641644765     
   2.8329999366849663E-002   8376.2108963718274     
   2.8663332692732416E-002   8661.0564627711447     
   2.8996666018615169E-002   8934.9117142081559     
   2.9329999344497919E-002   9154.9856026861853     
   2.9663332670380672E-002   9280.6198225663647     
   2.9996665996263425E-002   9275.7254530703649     
   3.0329999322146178E-002   9110.9823254200910     
   3.0663332648028931E-002   8765.6774995279211     
   3.0996665973911684E-002   8229.0784445924110     
   3.1329999299794437E-002   7501.2615486555333     
   3.1663332625677193E-002   6593.3460846257003     
   3.1996665951559942E-002   5527.1161351357650     
   3.2329999277442692E-002   4334.0464637332370     
   3.2663332603325448E-002   3053.7810864624130     
   3.2996665929208198E-002   1732.1435504247208     
   3.3329999255090954E-002   418.78400074049694     
   3.3663332580973704E-002  -835.41142591351229     
   3.3996665906856460E-002  -1981.0096420581849     
   3.4329999232739210E-002  -2972.6726721596724     
   3.4663332558621966E-002  -3771.6090428724838     
   3.4996665884504716E-002  -4347.7003485439418     
   3.5329999210387472E-002  -4681.1857129498549     
   3.5663332536270222E-002  -4763.8101778107202     
   3.5996665862152978E-002  -4599.3715469935578     
   3.6329999188035728E-002  -4203.6323691422913     
   3.6663332513918484E-002  -3603.5978149306043     
   3.6996665839801234E-002  -2836.1943540238412     
   3.7329999165683983E-002  -1946.4165090627707     
   3.7663332491566739E-002  -985.03780041672735     
   3.7996665817449489E-002  -6.0057259358699184     
   3.8329999143332245E-002   936.34205094275967     
   3.8663332469214995E-002   1790.0931533803889     
   3.8996665795097751E-002   2508.4583573998443     
   3.9329999120980501E-002   3052.2085981120999     
   3.9663332446863257E-002   3391.7215093195591     
   3.9996665772746007E-002   3508.5285426046867     
