3.3333333333333333E-6     0.020552781345429594
3.3E-4                    0.020530963730323037
6.633333333333333E-4      0.02047777075375734
9.966666666666668E-4      0.020402093714892544
0.00133                   0.020308277687490772
0.0016633333333333333     0.02019946360121594
0.0019966666666666666     0.020078097269617956
0.0023299999999999996     0.019946155221532536
0.002663333333333333      0.019805309711387054
0.0029966666666666666     0.019657046913835075
0.0033299999999999996     0.019502662366846835
0.003663333333333333      0.019343299145873516
0.003996666666666667      0.01917997462646781
0.00433                   0.019013588855727903
0.004663333333333333      0.018844940166218294
0.004996666666666667      0.018674774668454575
0.00533                   0.018503764287913782
0.005663333333333333      0.018332515111524117
0.005996666666666667      0.018161574802888936
0.00633                   0.01799143582883289
0.006663333333333333      0.01782252975164056
0.006996666666666667      0.017655264858660757
0.00733                   0.017490008632137233
0.007663333333333333      0.017327091468985145
0.007996666666666668      0.017166810449964487
0.00833                   0.01700943362345697
0.008663333333333334      0.016855187808687333
0.008996666666666667      0.016704288664698197
0.00933                   0.016556927835097213
0.009663333333333335      0.016413275133231764
0.009996666666666668      0.01627348092011971
0.01033                   0.016137680995598203
0.010663333333333334      0.016005982816409414
0.010996666666666667      0.01587848928755875
0.01133                   0.015755289557148444
0.011663333333333333      0.015636460407847608
0.011996666666666668      0.015522067846063692
0.01233                   0.015412171912714712
0.012663333333333334      0.015306813349297954
0.012996666666666667      0.015206032294258875
0.01333                   0.015109861683640702
0.013663333333333333      0.015018328136761738
0.013996666666666668      0.014931453019926266
0.01433                   0.014849256790569143
0.014663333333333334      0.014771746847770828
0.014996666666666667      0.014698932383794272
0.01533                   0.014630819499075187
0.01566333333333333       0.014567411741666092
0.015996666666666666      0.01450871080419347
0.016329999999999997      0.014454720284390987
0.016663333333333332      0.014405434765080827
0.016996666666666663      0.014360852032893945
0.017329999999999998      0.014320969194614008
0.017663333333333333      0.014285782966453553
0.017996666666666664      0.014255290114817853
0.01833                   0.014229490692798663
0.01866333333333333       0.014208378004923361
0.018996666666666665      0.014191949292467143
0.01933                   0.01418020228743444
0.01966333333333333       0.014173135312717022
0.019996666666666666      0.014170747530272365
0.020329999999999997      0.014173041847357126
0.020663333333333332      0.014180015160775383
0.020996666666666663      0.014191668476598807
0.02133                   0.014208003461078533
0.021663333333333333      0.014229022371807787
0.021996666666666664      0.014254728147079732
0.02233                   0.014285127279038079
0.02266333333333333       0.014320219530702616
0.022996666666666665      0.01436000832524087
0.023329999999999997      0.014404496950305656
0.02366333333333333       0.014453688306844015
0.023996666666666666      0.014507584831960685
0.024329999999999997      0.01456619176553886
0.024663333333333332      0.014629505318850988
0.024996666666666664      0.014697524044720467
0.02533                   0.01477024443420305
0.025663333333333333      0.014847660431087206
0.025996666666666664      0.014929763151371844
0.02633                   0.015016545114633573
0.02666333333333333       0.015107985620886666
0.026996666666666665      0.015204063647388466
0.027329999999999997      0.015304752674239808
0.02766333333333333       0.015410019875105263
0.027996666666666666      0.01551982554838105
0.028329999999999998      0.0156341290932005
0.028663333333333332      0.015752870102630823
0.028996666666666664      0.015875983061164334
0.02933                   0.016003391383549115
0.02966333333333333       0.016135006135527874
0.029996666666666665      0.01627072503515592
0.03033                   0.016410441194409486
0.03066333333333333       0.016554018213753352
0.030996666666666665      0.016701306434413254
0.03133                   0.01685213639387939
0.03166333333333333       0.017006316825870726
0.031996666666666666      0.01716363295196288
0.03233                   0.01732385928619351
0.03266333333333333       0.01748672679224228
0.03299666666666667       0.01765193939030496
0.03333                   0.017819167281118098
0.03366333333333333       0.01798804362442752
0.03399666666666666       0.01815816137946058
0.03433                   0.018329091667226294
0.03466333333333333       0.01850034044628046
0.03499666666666666       0.018671361522137886
0.03533                   0.018841549862827378
0.03566333333333333       0.01901023469088159
0.03599666666666666       0.01917667178264537
0.03633                   0.01934006814104805
0.03666333333333333       0.019499521406714848
0.036996666666666664      0.01965401680206469
0.037329999999999995      0.01980241360496393
0.03766333333333333       0.01994341910847197
0.037996666666666665      0.02007555155296359
0.038329999999999996      0.02019715058958127
0.038663333333333334      0.020306241233129185
0.038996666666666666      0.02040039114734782
0.03933                   0.02047646839537265
0.03966333333333333       0.020530150107049394
0.039996666666666666      0.020552791844522744
