0                         198.4379503509956
3.333333333333333E-4      198.24232820121557
6.666666666666666E-4      197.7837242196419
0.001                     197.14434935495024
0.0013333333333333333     196.3635899451872
0.0016666666666666666     195.4694778111205
0.002                     194.4836903720884
0.002333333333333333      193.42403142563188
0.0026666666666666666     192.30545836650992
0.003                     191.14097728704905
0.003333333333333333      189.94163729172436
0.0036666666666666666     188.71642175025033
0.004                     187.4721801330693
0.004333333333333333      186.21351495157074
0.004666666666666666      184.94269941197877
0.005                     183.65964393642508
0.005333333333333333      182.36196582388425
0.005666666666666666      181.04527797687166
0.006                     179.70339672376082
0.006333333333333333      178.3287394626434
0.006666666666666666      176.91289030830882
0.007                     175.44727937947664
0.007333333333333333      173.92397991625404
0.007666666666666666      172.33652306288508
0.008                     170.68072644815976
0.008333333333333333      168.9550648686423
0.008666666666666666      167.16097886615267
0.009                     165.30334507589373
0.009333333333333332      163.39040922692755
0.009666666666666667      161.4334310404464
0.01                      159.44629720137215
0.010333333333333333      157.44413797259654
0.010666666666666666      155.4436965938596
0.011                     153.46228141653847
0.011333333333333332      151.51701871756654
0.011666666666666665      149.62424473019735
0.012                     147.79899514064863
0.012333333333333333      146.0545947209933
0.012666666666666666      144.4023715598812
0.013                     142.8515604179222
0.013333333333333332      141.40873570154957
0.013666666666666666      140.07850971257278
0.014                     138.86340637292506
0.014333333333333333      137.76412848841687
0.014666666666666666      136.77992259564076
0.015                     135.90899455342617
0.015333333333333332      135.1489336550673
0.015666666666666666      134.49723300903275
0.016                     133.95189640741717
0.01633333333333333       133.5115005560151
0.016666666666666666      133.17533360144455
0.016999999999999998      132.94343296037653
0.017333333333333333      132.8163882536773
0.017666666666666667      132.7951873909144
0.018                     132.880714565949
0.018333333333333333      133.07316766705168
0.018666666666666665      133.37175799913575
0.019                     133.7743204742323
0.019333333333333334      134.27699519604357
0.019666666666666666      134.8739966463982
0.02                      135.55746754447944
0.02033333333333333       136.3177310875103
0.020666666666666667      137.14272396402657
0.020999999999999998      138.01866174436987
0.021333333333333333      138.93021138622748
0.021666666666666667      139.86090257066564
0.022                     140.79367347575118
0.022333333333333334      141.71148385554187
0.022666666666666665      142.59817791324747
0.023                     143.43945766348583
0.02333333333333333       144.22332396822816
0.023666666666666666      144.9406379339132
0.024                     145.58596538894597
0.024333333333333332      146.1579659416363
0.024666666666666667      146.65950429029084
0.024999999999999998      147.09717068118852
0.025333333333333333      147.48057694865133
0.025666666666666667      147.82223851456962
0.026                     148.13662418383166
0.026333333333333334      148.43927914436733
0.026666666666666665      148.7459536254549
0.027                     149.0718921693416
0.02733333333333333       149.43125517640368
0.027666666666666666      149.83672147159172
0.028                     150.29892854002298
0.028333333333333332      150.82669473714657
0.028666666666666667      151.42675229912658
0.028999999999999998      152.10380373584638
0.029333333333333333      152.86069041587194
0.029666666666666664      153.69865387186928
0.03                      154.6176655883047
0.030333333333333334      155.6168173754972
0.030666666666666665      156.69463728228766
0.031                     157.84964187890898
0.03133333333333333       159.0807205100777
0.03166666666666666       160.387302194891
0.032                     161.7695001204807
0.03233333333333333       163.2280755112571
0.03266666666666666       164.764183159401
0.033                     166.37930022897717
0.03333333333333333       168.07445100768047
0.033666666666666664      169.8497067233372
0.033999999999999996      171.70364786389428
0.034333333333333334      173.63284676916652
0.034666666666666665      175.63144900058154
0.034999999999999996      177.69112156896796
0.035333333333333335      179.8004034808551
0.035666666666666666      181.9448178783366
0.036                     184.1070869169357
0.036333333333333336      186.26727392598156
0.03666666666666667       188.40307814472203
0.037                     190.49020675848396
0.03733333333333333       192.5027462508947
0.03766666666666667       194.4135170403436
0.038                     196.19461945245047
0.03833333333333333       197.81747778311535
0.03866666666666667       199.25197423303644
0.039                     200.4658292031486
0.03933333333333333       201.42206908920042
0.03966666666666666       202.07501184897973
0.04                      202.33696682627993
