3.3333333333333333E-6     11233.228068987231
3.3E-4                    11233.614505820853
6.633333333333333E-4      11234.79126414108
9.966666666666668E-4      11236.763476116743
0.00133                   11239.539767193612
0.0016633333333333333     11243.13263810203
0.0019966666666666666     11247.558544481053
0.0023299999999999996     11252.837200605387
0.002663333333333333      11258.993164668409
0.0029966666666666666     11266.056020007894
0.0033299999999999996     11274.060864040464
0.003663333333333333      11283.048993792072
0.003996666666666667      11293.068741934025
0.00433                   11304.174229147477
0.004663333333333333      11316.428998019237
0.004996666666666667      11329.907796218165
0.00533                   11344.697937729165
0.005663333333333333      11360.901945339927
0.005996666666666667      11378.641067151604
0.00633                   11398.054034704988
0.006663333333333333      11419.308115582218
0.006996666666666667      11442.60878346697
0.00733                   11468.210203876422
0.007663333333333333      11496.434507044405
0.007996666666666668      11527.704085558053
0.00833                   11562.566883646588
0.008663333333333334      11601.800587471529
0.008996666666666667      11646.598133624095
0.00933                   11698.995458134325
0.009663333333333335      11738.716873759775
0.009996666666666668      8938.748446022017
0.01033                   6009.809752564913
0.010663333333333334      6008.386443469976
0.010996666666666667      6035.370387495288
0.01133                   6058.631858095894
0.011663333333333333      6079.174263788851
0.011996666666666668      6097.577260122828
0.01233                   6114.211302203901
0.012663333333333334      6129.3346902099765
0.012996666666666667      6143.139400847818
0.01333                   6155.76576423726
0.013663333333333333      6167.3180720046075
0.013996666666666668      6177.873591233946
0.01433                   6187.4877068785445
0.014663333333333334      6196.198576067542
0.014996666666666667      6204.029881306122
0.01533                   6210.990149159128
0.01566333333333333       6217.073180994197
0.015996666666666666      6222.257586951569
0.016329999999999997      6226.507613450594
0.016663333333333332      6229.769681859376
0.016996666666666663      6231.968262562681
0.017329999999999998      6233.00029775982
0.017663333333333333      6232.725895406511
0.017996666666666664      6230.952285916532
0.01833                   6227.420475415015
0.01866333333333333       6221.753759081341
0.018996666666666665      6213.362602895282
0.01933                   6201.224939276736
0.01966333333333333       6209.6458829744415
0.019996666666666666      9177.549577870832
0.020329999999999997      12200.918960903826
0.020663333333333332      12200.465755942667
0.020996666666666663      12178.422345068866
0.02133                   12164.718574521343
0.021663333333333333      12157.285869206644
0.021996666666666664      12154.948743089471
0.02233                   12156.973739040091
0.02266333333333333       12162.869381035387
0.022996666666666665      12172.289332544831
0.023329999999999997      12185.002230292415
0.02366333333333333       12200.859792902564
0.023996666666666666      12219.779005635679
0.024329999999999997      12241.729238765694
0.024663333333333332      12266.728217781827
0.024996666666666664      12294.838351550887
0.02533                   12326.169830242276
0.025663333333333333      12360.88319972469
0.025996666666666664      12399.19491419131
0.02633                   12441.373429163257
0.02666333333333333       12487.761675944763
0.026996666666666665      12538.797753663308
0.027329999999999997      12595.03964210062
0.02766333333333333       12657.208828760697
0.027996666666666666      12726.264029357531
0.028329999999999998      12803.458688164279
0.028663333333333332      12890.579383953107
0.028996666666666664      12990.37092943773
0.02933                   13107.514524170223
0.02966333333333333       13196.502712824615
0.029996666666666665      6836.422474379879
0.03033                   80.00092209819768
0.03066333333333333       1.2725460543448364E-9
0.030996666666666665      -1.167564787948013E-9
0.03133                   -1.967142295051923E-9
0.03166333333333333       2.700670664410539E-9
0.031996666666666666      4.931342990197799E-9
0.03233                   1.5146370503507169E-9
0.03266333333333333       -1.287346399401783E-9
0.03299666666666667       1.6957671492787602E-10
0.03333                   5.743523080868293E-10
0.03366333333333333       4.819005026183205E-10
0.03399666666666666       3.1052541585936847E-9
0.03433                   2.57535062742798E-10
0.03466333333333333       4.746684998822162E-10
0.03499666666666666       -4.983963945174499E-9
0.03533                   -1.4226341717051E-9
0.03566333333333333       2.413519885008648E-10
0.03599666666666666       -3.402881845849847E-9
0.03633                   1.8790590168414502E-9
0.03666333333333333       4.6415986275683067E-10
0.036996666666666664      3.0633202586217174E-9
0.037329999999999995      5.535171063954652E-10
0.03766333333333333       6.942937226806217E-10
0.037996666666666665      -1.0280308823750394E-9
0.038329999999999996      3.2966701851529567E-9
0.038663333333333334      9.798661400128428E-12
0.038996666666666666      5.240266694717669E-10
0.03933                   -1.1854550489725511E-9
0.03966333333333333       -4.824058175987958E-10
0.039996666666666666      3.507773185331265E-10
