3.3333333333333333E-6     255.91037358239998
3.3E-4                    255.90611490343622
6.633333333333333E-4      255.89318712676686
9.966666666666668E-4      255.871657465848
0.00133                   255.84164040493135
0.0016633333333333333     255.80329532134783
0.0019966666666666666     255.75682426972514
0.0023299999999999996     255.70246061714715
0.002663333333333333      255.6404733607343
0.0029966666666666666     255.57116897124536
0.0033299999999999996     255.49488382811955
0.003663333333333333      255.41198000933048
0.003996666666666667      255.32284100724826
0.00433                   255.2278564622767
0.004663333333333333      255.12743087424383
0.004996666666666667      255.0219874674416
0.00533                   254.9119565268545
0.005663333333333333      254.79777200531055
0.005996666666666667      254.67986846194913
0.00633                   254.55866749192148
0.006663333333333333      254.43458897893493
0.006996666666666667      254.3080565351238
0.00733                   254.1794863609531
0.007663333333333333      254.0492858212325
0.007996666666666668      253.9178523347706
0.00833                   253.78556321222766
0.008663333333333334      253.65278704865648
0.008996666666666667      253.51988955021034
0.00933                   253.38722455483128
0.009663333333333335      253.2551339287694
0.009996666666666668      253.1239475905187
0.01033                   252.99397606689024
0.010663333333333334      252.86552046972713
0.010996666666666667      252.73887770548367
0.01133                   252.61433345430498
0.011663333333333333      252.49216243752767
0.011996666666666668      252.37262867712718
0.01233                   252.2559797600352
0.012663333333333334      252.14245486112793
0.012996666666666667      252.03228887218893
0.01333                   251.92570672385273
0.013663333333333333      251.82292349763497
0.013996666666666668      251.7241444893035
0.01433                   251.62956073362443
0.014663333333333334      251.53935504561468
0.014996666666666667      251.45370497585031
0.01533                   251.37277816464393
0.01566333333333333       251.29673222413658
0.015996666666666666      251.22571459634526
0.016329999999999997      251.15985945867965
0.016663333333333332      251.0992918478695
0.016996666666666663      251.04412949452137
0.017329999999999998      250.99447930851636
0.017663333333333333      250.95043719396892
0.017996666666666664      250.9120878811383
0.01833                   250.87950354526947
0.01866333333333333       250.85274601115384
0.018996666666666665      250.83186752404526
0.01933                   250.8169086386223
0.01966333333333333       250.80789812895966
0.019996666666666666      250.80485293892696
0.020329999999999997      250.80777872226247
0.020663333333333332      250.81667007621957
0.020996666666666663      250.83151026768962
0.02133                   250.85227071941392
0.021663333333333333      250.87891107255075
0.021996666666666664      250.91137929334457
0.02233                   250.9496141146385
0.02266333333333333       250.99354328778247
0.022996666666666665      251.04308227792228
0.023329999999999997      251.0981353655004
0.02366333333333333       251.15859582291137
0.023996666666666666      251.22434611900144
0.024329999999999997      251.2952620483385
0.024663333333333332      251.3712090449709
0.024996666666666664      251.45203984046134
0.02533                   251.537596990696
0.025663333333333333      251.62771302174428
0.025996666666666664      251.72221057015543
0.02633                   251.8209079050838
0.02666333333333333       251.92361332089354
0.026996666666666665      252.03012168412283
0.027329999999999997      252.14021807689494
0.02766333333333333       252.25367773330026
0.027996666666666666      252.37026595390205
0.028329999999999998      252.48974492070795
0.028663333333333332      252.611866123754
0.028996666666666664      252.736365715214
0.02933                   252.86296915468836
0.02966333333333333       252.99139094633517
0.029996666666666665      253.12133440296452
0.03033                   253.25250009194679
0.03066333333333333       253.38457629973254
0.030996666666666665      253.51723330119592
0.03133                   253.6501294296827
0.03166333333333333       253.78291104646428
0.031996666666666666      253.91521267856933
0.03233                   254.0466677242831
0.03266333333333333       254.17689735436454
0.03299666666666667       254.3055043081472
0.03333                   254.43208137567592
0.03366333333333333       254.55621249565354
0.03399666666666666       254.67747420746923
0.03433                   254.7954487097893
0.03466333333333333       254.90971249257927
0.03499666666666666       255.01983097246773
0.03533                   255.12537015650946
0.03566333333333333       255.2258996784825
0.03599666666666666       255.3209962011448
0.03633                   255.41025683535383
0.03666333333333333       255.49328973146373
0.036996666666666664      255.56971100096996
0.037329999999999995      255.63915814235725
0.03766333333333333       255.701294474355
0.037996666666666665      255.7558129110456
0.038329999999999996      255.80244461097345
0.038663333333333334      255.8409545718323
0.038996666666666666      255.87114013639246
0.03933                   255.8928407345868
0.03966333333333333       255.90594099119141
0.039996666666666666      255.91037356345578
