   35.073595829153810     
  -2.3049350861683058     
  0.33113901153375830     
 -0.23135671775198496     
  -6.2354991612615521E-003
   3.3798299916417175E-002
   5.6281530181295242E-003
   3.1016513065452787E-003
  -1.5447204161082178E-003
   5.1954733703708372E-003
  -1.6064675010452575E-003
   2.7449333063697855E-002
   4.2961231417933234E-003
   1.9281867559944961E-003
  -7.3610581543504024E-003
   8.1139988229605893E-003
   5.5081264921385898E-003
  -1.1163439541056287E-002
  -2.6481000863217044E-002
   2.1689699255117472E-002
   8.4386769039999899E-004
  -3.4251825417282834E-004
   7.6921403106652081E-003
   4.7604205233493253E-003
  -1.3803103387562538E-003
  -4.2034075035628244E-003
   7.1924810791402904E-003
   2.0558016332811211E-002
   5.0312473932467702E-003
  -1.2865241756589688E-002
  -7.0230133940451210E-003
  -1.4594910300669008E-002
  -2.1975828543692649E-002
  -1.7283762337012457E-002
   1.2776731082026311E-002
   1.1102713782887885E-002
