   43.925704772819394     
  -1.2462838990740738E-002
  -1.2773508857911855     
   3.5024595185683851E-003
   2.0491010967797346E-002
   8.4926451244405100E-003
   2.9550618921034097E-002
   2.1726551900207859E-003
  -1.2704819867581882E-002
   3.3751193575883133E-003
  -2.0327283413148725E-002
  -1.8325920089578222E-003
   4.8207458905973654E-003
  -8.0489285009018099E-003
  -3.1064303830227971E-002
   2.5521905269982364E-002
  -5.1981449890728501E-004
   9.1430514551770845E-003
   9.8213580760862455E-003
   2.6485377917475416E-002
   4.9666242439057812E-003
  -8.0438196702969575E-003
  -9.3416047602686361E-003
   9.0104714547768489E-003
   9.0179692258797878E-003
   8.9401754251983712E-003
  -4.7308672012841913E-003
   2.2655760473084701E-003
   1.4193609012818832E-002
   2.7101864796416470E-003
  -1.4042323421910533E-002
  -5.1540770333497084E-003
   2.5205366179364450E-002
  -1.8464325508692030E-002
  -3.9917176221794986E-003
   4.8516447601297140E-003
