   33.366109874921882     
   1.3815008570410108E-003
  0.55389258446857381     
  -9.3436096686678474E-002
   5.2409016244213305E-002
  -3.0470451267439143E-002
  -6.5816135056851049E-002
   8.1810814302122337E-003
   4.0133048939323568E-002
   5.5122774240162591E-002
 -0.16720483327777955     
   6.6716018975118863E-002
  -8.3210153152891153E-003
  -5.9446996845291582E-002
   5.7215369562850539E-002
   2.2315579824858729E-003
  -5.0821613927617471E-002
   5.5012555095399339E-002
   6.5010436464722585E-002
   1.3836000787575690E-002
  -1.9390672392846239E-002
  -9.1450563683102559E-002
  -8.5514611032440582E-002
  -7.8628302676469253E-002
  -3.8720275687896349E-002
  -5.5489094729237867E-002
  -4.7270185607668110E-002
  -8.4774570523115891E-002
  -2.8627073558579279E-002
 -0.10187890414804349     
   6.9181812449309779E-002
   8.3209630438506529E-002
   3.8125567255467736E-002
  -1.2103882071998950E-002
   4.3533742641387860E-002
 -0.17129567579838578     
