   33.595341045862746     
   4.3330250273054191E-003
  0.62353096588421519     
   1.8924659202978963E-002
   4.0012524270641732E-002
   2.0725638141608341E-002
  -1.3328490832485319E-002
   3.4635425758302997E-003
   8.9149978491067650E-003
   1.5036175151753452E-002
  -8.5803402143951237E-003
  -3.3751596676315443E-004
  -1.2154430639465480E-002
  -1.7773262717438638E-002
   1.5507423215235945E-002
  -4.0663404834854122E-004
   2.7659621192002815E-002
   8.2877541620532940E-003
   5.5026514558714282E-003
  -3.9078304052655990E-003
  -2.3497738572047264E-002
  -1.9089815358834669E-003
   8.1006992658724016E-003
  -1.1721470227583302E-002
  -4.3683674327454590E-003
  -6.2838939469387969E-003
   6.2407686346592555E-003
  -1.7650788281223205E-002
   1.2383396263070852E-003
  -3.6356082695953576E-003
   1.8875225830171660E-002
  -2.4298865954684085E-003
  -1.8038092251554901E-002
  -2.9919909503967317E-002
   6.9255241791886411E-003
   3.0187757106339874E-003
