   34.161539702973805     
 -0.20286229439927231     
  0.77877748530609336     
 -0.17959012372415678     
   1.8645127805281075E-002
   2.0667573585159929E-002
  -4.5786840988703845E-003
   5.0691539463372993E-002
   6.5664246349662878E-002
  -4.2354847195809085E-002
   3.0815600281886027E-002
   4.7237796986372087E-002
  -4.0077062750862376E-002
  -4.4547297740312984E-002
  -3.5296387160895532E-002
   1.1996933695617593E-002
   2.3790848894862250E-002
   3.7896282183761065E-002
  0.10131859124096806     
   3.7308408195425101E-002
   4.5453774994698964E-002
  -6.4496873356565591E-004
  -6.9107244985333396E-002
   5.4078076399787078E-003
  -4.0041121466727017E-002
  -3.9089712480196111E-004
  -5.3253784486328011E-002
   8.4819471807171930E-003
   3.8875767982091462E-002
   6.5789355288343510E-002
  -6.3407253419891493E-002
  -5.5899348913627030E-002
   4.6153422817519628E-002
  -3.2362470232035125E-002
   7.0744715331465910E-002
  -8.9250050373872347E-002
