   44.034357906000508     
  0.36973150062276239     
  -1.9863463282369416     
   9.5256255325019565E-002
  0.17392581761187639     
  -5.7336212735054015E-002
   3.3195382434645530E-002
   1.2251340418440632E-002
   3.6244276109021305E-003
   1.6823718723075122E-002
  -1.8040215180637763E-002
  -1.6144419519413991E-002
   2.6296039645887240E-002
   1.8765260246479884E-003
   1.6513602384895653E-003
  -4.3105757609834009E-003
   1.0063452268229896E-004
  -2.9616743956397715E-003
   2.4824316868450624E-004
  -1.1519614380136919E-002
   8.0992846340485532E-003
  -7.6308808304244406E-003
   4.7498095491175143E-003
  -1.0989957198893533E-002
   1.1946487880893242E-003
  -5.0505815300614038E-003
  -1.1839295587157000E-002
   1.4345139801743590E-002
  -6.7565632415650563E-004
   8.2195265181365766E-003
   8.3419143472542763E-003
   7.0352257112576552E-003
  -1.6481291488832300E-002
   1.9010509271650590E-004
   1.4643655391498023E-002
  -7.4918847947227701E-003
