   43.717952527197049     
  -1.5417366454925556E-007
  -1.1937011409532678     
   1.0067122080393707E-007
   7.8338300619911986E-003
   2.6435139419202620E-008
   1.1757394013705933E-002
   7.0642484430426759E-009
   3.1379077019808593E-005
   3.2102094350880119E-009
  -1.3022454637105732E-003
   3.3946368494788005E-009
   1.5589836549155732E-005
   2.9187970266343114E-009
   1.0538150131357976E-004
   2.3238530846589282E-009
  -7.3006681145682954E-007
   1.7640494805464892E-009
  -1.1848229015110026E-005
   5.0960080124502462E-010
   9.4109287515379309E-008
   1.2332174932889909E-009
   1.3789342575125099E-006
   1.4049782249202235E-009
  -1.4394143540920386E-008
   1.2469054450284099E-010
  -1.4386537117869388E-007
   3.7148302316614763E-009
   1.7359032840818403E-009
   7.3607238675075682E-009
  -1.3829237385902612E-007
  -7.0701886274377401E-009
  -4.0605414414662616E-010
  -9.6273046291078640E-009
   3.0691265388798818E-007
   2.1180332761696725E-008
