   44.046188939428518     
  0.37667900631753021     
  -1.9819423519367463     
   8.6460876978283654E-002
  0.17909725089830819     
  -4.1915114946231243E-002
   2.0070021092755866E-002
   1.2833040400256381E-003
   5.0053535493688411E-004
   1.3611173449381178E-003
  -5.4383311861705272E-003
   1.0723786124607604E-003
   2.5660849675105324E-004
  -6.2794997080318300E-004
   1.0240479192610067E-003
  -2.2245112066320296E-004
  -9.0375386057021083E-005
   1.6113156798925194E-004
  -2.1538995052792828E-004
   5.2331479655026714E-005
   3.0101381937128207E-005
  -4.4377764936227328E-005
   4.6212514834837574E-005
  -1.1709289243867233E-005
  -7.8642472394127244E-006
   1.1322296499033304E-005
  -1.0116854717335458E-005
   2.8917189839208461E-006
   1.5798673734310542E-006
  -2.6985878846492211E-006
   2.0526282228539576E-006
  -8.9583330803510356E-007
  -1.9226423786765041E-007
   8.2971678894078858E-007
  -2.8133525261165635E-007
  -3.1967368095662833E-007
