   0.0000000000000000        400.00000000000000     
   4.0040039145075402E-005   400.00000000000000     
   8.0080078290150803E-005   400.00000000000000     
   1.2012011743522621E-004   400.00000000000000     
   1.6016015658030161E-004   400.00000000000000     
   2.0020019572537700E-004   400.00000000000000     
   2.4024023487045242E-004   400.00000000000000     
   2.8028027401552782E-004   400.00000000000000     
   3.2032031316060321E-004   400.00000000000000     
   3.6036035230567861E-004   400.00000000000000     
   4.0040039145075400E-004   400.00000000000000     
   4.4044043059582940E-004   400.00000000000000     
   4.8048046974090485E-004   400.00000000000000     
   5.2052050888598024E-004   400.00000000000000     
   5.6056054803105564E-004   400.00000000000000     
   6.0060058717613103E-004   400.00000000000000     
   6.4064062632120642E-004   400.00000000000000     
   6.8068066546628182E-004   400.00000000000000     
   7.2072070461135721E-004   400.00000000000000     
   7.6076074375643261E-004   400.00000000000000     
   8.0080078290150800E-004   400.00000000000000     
   8.4084082204658340E-004   400.00000000000000     
   8.8088086119165879E-004   400.00000000000000     
   9.2092090033673419E-004   400.00000000000000     
   9.6096093948180969E-004   400.00000000000000     
   1.0010009786268850E-003   400.00000000000000     
   1.0410410177719605E-003   400.00000000000000     
   1.0810810569170358E-003   400.00000000000000     
   1.1211210960621113E-003   400.00000000000000     
   1.1611611352071866E-003   400.00000000000000     
   1.2012011743522621E-003   400.00000000000000     
   1.2412412134973373E-003   400.00000000000000     
   1.2812812526424128E-003   400.00000000000000     
   1.3213212917874884E-003   400.00000000000000     
   1.3613613309325636E-003   400.00000000000000     
   1.4014013700776391E-003   400.00000000000000     
   1.4414414092227144E-003   400.00000000000000     
   1.4814814483677899E-003   400.00000000000000     
   1.5215214875128652E-003   400.00000000000000     
   1.5615615266579407E-003   400.00000000000000     
   1.6016015658030160E-003   400.00000000000000     
   1.6416416049480915E-003   400.00000000000000     
   1.6816816440931668E-003   400.00000000000000     
   1.7217216832382423E-003   400.00000000000000     
   1.7617617223833176E-003   400.00000000000000     
   1.8018017615283931E-003   400.00000000000000     
   1.8418418006734684E-003   400.00000000000000     
   1.8818818398185439E-003   400.00000000000000     
   1.9219218789636194E-003   400.00000000000000     
   1.9619619181086949E-003   400.00000000000000     
   2.0020019572537700E-003   400.00000000000000     
   2.0420419963988455E-003   400.00000000000000     
   2.0820820355439210E-003   400.00000000000000     
   2.1221220746889965E-003   400.00000000000000     
   2.1621621138340715E-003   400.00000000000000     
   2.2022021529791470E-003   400.00000000000000     
   2.2422421921242225E-003   400.00000000000000     
   2.2822822312692980E-003   400.00000000000000     
   2.3223222704143731E-003   400.00000000000000     
   2.3623623095594486E-003   400.00000000000000     
   2.4024023487045241E-003   400.00000000000000     
   2.4424423878495996E-003   400.00000000000000     
   2.4824824269946747E-003   400.00000000000000     
   2.5225224661397502E-003   400.00000000000000     
   2.5625625052848257E-003   400.00000000000000     
   2.6026025444299012E-003   400.00000000000000     
   2.6426425835749767E-003   400.00000000000000     
   2.6826826227200518E-003   400.00000000000000     
   2.7227226618651273E-003   400.00000000000000     
   2.7627627010102028E-003   400.00000000000000     
   2.8028027401552783E-003   400.00000000000000     
   2.8428427793003534E-003   400.00000000000000     
   2.8828828184454289E-003   400.00000000000000     
   2.9229228575905044E-003   400.00000000000000     
   2.9629628967355799E-003   400.00000000000000     
   3.0030029358806549E-003   400.00000000000000     
   3.0430429750257304E-003   400.00000000000000     
   3.0830830141708059E-003   400.00000000000000     
   3.1231230533158814E-003   400.00000000000000     
   3.1631630924609565E-003   400.00000000000000     
   3.2032031316060320E-003   400.00000000000000     
   3.2432431707511075E-003   400.00000000000000     
   3.2832832098961830E-003   400.00000000000000     
   3.3233232490412585E-003   400.00000000000000     
   3.3633632881863336E-003   400.00000000000000     
   3.4034033273314091E-003   400.00000000000000     
   3.4434433664764846E-003   400.00000000000000     
   3.4834834056215601E-003   400.00000000000000     
   3.5235234447666352E-003   400.00000000000000     
   3.5635634839117107E-003   400.00000000000000     
   3.6036035230567862E-003   400.00000000000000     
   3.6436435622018617E-003   400.00000000000000     
   3.6836836013469368E-003   400.00000000000000     
   3.7237236404920123E-003   400.00000000000000     
   3.7637636796370878E-003   400.00000000000000     
   3.8038037187821633E-003   400.00000000000000     
   3.8438437579272388E-003   400.00000000000000     
   3.8838837970723138E-003   400.00000000000000     
   3.9239238362173898E-003   400.00000000000000     
   3.9639638753624648E-003   400.00000000000000     
   4.0040039145075399E-003   400.00000000000000     
   4.0440439536526158E-003   400.00000000000000     
   4.0840839927976909E-003   400.00000000000000     
   4.1241240319427660E-003   400.00000000000000     
   4.1641640710878419E-003   400.00000000000000     
   4.2042041102329170E-003   400.00000000000000     
   4.2442441493779929E-003   400.00000000000000     
   4.2842841885230680E-003   400.00000000000000     
   4.3243242276681431E-003   400.00000000000000     
   4.3643642668132190E-003   400.00000000000000     
   4.4044043059582941E-003   400.00000000000000     
   4.4444443451033691E-003   400.00000000000000     
   4.4844843842484451E-003   400.00000000000000     
   4.5245244233935202E-003   400.00000000000000     
   4.5645644625385961E-003   400.00000000000000     
   4.6046045016836712E-003   400.00000000000000     
   4.6446445408287462E-003   400.00000000000000     
   4.6846845799738222E-003   400.00000000000000     
   4.7247246191188972E-003   400.00000000000000     
   4.7647646582639732E-003   400.00000000000000     
   4.8048046974090482E-003   400.00000000000000     
   4.8448447365541233E-003   400.00000000000000     
   4.8848847756991992E-003   400.00000000000000     
   4.9249248148442743E-003   400.00000000000000     
   4.9649648539893494E-003   400.00000000000000     
   5.0050048931344253E-003   400.00000000000000     
   5.0450449322795004E-003   400.00000000000000     
   5.0850849714245763E-003   400.00000000000000     
   5.1251250105696514E-003   400.00000000000000     
   5.1651650497147265E-003   400.00000000000000     
   5.2052050888598024E-003   400.00000000000000     
   5.2452451280048775E-003   400.00000000000000     
   5.2852851671499534E-003   400.00000000000000     
   5.3253252062950285E-003   400.00000000000000     
   5.3653652454401035E-003   400.00000000000000     
   5.4054052845851795E-003   400.00000000000000     
   5.4454453237302546E-003   400.00000000000000     
   5.4854853628753296E-003   400.00000000000000     
   5.5255254020204056E-003   400.00000000000000     
   5.5655654411654806E-003   400.00000000000000     
   5.6056054803105566E-003   400.00000000000000     
   5.6456455194556316E-003   400.00000000000000     
   5.6856855586007067E-003   400.00000000000000     
   5.7257255977457826E-003   400.00000000000000     
   5.7657656368908577E-003   400.00000000000000     
   5.8058056760359337E-003   400.00000000000000     
   5.8458457151810087E-003   400.00000000000000     
   5.8858857543260838E-003   400.00000000000000     
   5.9259257934711597E-003   400.00000000000000     
   5.9659658326162348E-003   400.00000000000000     
   6.0060058717613099E-003   400.00000000000000     
   6.0460459109063858E-003   400.00000000000000     
   6.0860859500514609E-003   400.00000000000000     
   6.1261259891965368E-003   400.00000000000000     
   6.1661660283416119E-003   400.00000000000000     
   6.2062060674866869E-003   400.00000000000000     
   6.2462461066317629E-003   400.00000000000000     
   6.2862861457768380E-003   400.00000000000000     
   6.3263261849219130E-003   400.00000000000000     
   6.3663662240669890E-003   400.00000000000000     
   6.4064062632120640E-003   400.00000000000000     
   6.4464463023571400E-003   400.00000000000000     
   6.4864863415022150E-003   400.00000000000000     
   6.5265263806472901E-003   400.00000000000000     
   6.5665664197923660E-003   400.00000000000000     
   6.6066064589374411E-003   400.00000000000000     
   6.6466464980825170E-003   400.00000000000000     
   6.6866865372275921E-003   400.00000000000000     
   6.7267265763726672E-003   400.00000000000000     
   6.7667666155177431E-003   400.00000000000000     
   6.8068066546628182E-003   400.00000000000000     
   6.8468466938078933E-003   400.00000000000000     
   6.8868867329529692E-003   400.00000000000000     
   6.9269267720980443E-003   400.00000000000000     
   6.9669668112431202E-003   400.00000000000000     
   7.0070068503881953E-003   400.00000000000000     
   7.0470468895332703E-003   400.00000000000000     
   7.0870869286783463E-003   400.00000000000000     
   7.1271269678234214E-003   400.00000000000000     
   7.1671670069684973E-003   400.00000000000000     
   7.2072070461135724E-003   400.00000000000000     
   7.2472470852586474E-003   400.00000000000000     
   7.2872871244037234E-003   400.00000000000000     
   7.3273271635487984E-003   400.00000000000000     
   7.3673672026938735E-003   400.00000000000000     
   7.4074072418389494E-003   400.00000000000000     
   7.4474472809840245E-003   400.00000000000000     
   7.4874873201291004E-003   400.00000000000000     
   7.5275273592741755E-003   400.00000000000000     
   7.5675673984192506E-003   400.00000000000000     
   7.6076074375643265E-003   400.00000000000000     
   7.6476474767094016E-003   400.00000000000000     
   7.6876875158544775E-003   400.00000000000000     
   7.7277275549995526E-003   400.00000000000000     
   7.7677675941446277E-003   400.00000000000000     
   7.8078076332897036E-003   400.00000000000000     
   7.8478476724347795E-003   400.00000000000000     
   7.8878877115798537E-003   400.00000000000000     
   7.9279277507249297E-003   400.00000000000000     
   7.9679677898700056E-003   400.00000000000000     
   8.0080078290150798E-003   400.00000000000000     
   8.0480478681601558E-003   400.00000000000000     
   8.0880879073052317E-003   400.00000000000000     
   8.1281279464503059E-003   400.00000000000000     
   8.1681679855953818E-003   400.00000000000000     
   8.2082080247404578E-003   400.00000000000000     
   8.2482480638855320E-003   400.00000000000000     
   8.2882881030306079E-003   400.00000000000000     
   8.3283281421756838E-003   400.00000000000000     
   8.3683681813207598E-003   400.00000000000000     
   8.4084082204658340E-003   400.00000000000000     
   8.4484482596109099E-003   400.00000000000000     
   8.4884882987559859E-003   400.00000000000000     
   8.5285283379010601E-003   400.00000000000000     
   8.5685683770461360E-003   400.00000000000000     
   8.6086084161912119E-003   400.00000000000000     
   8.6486484553362861E-003   400.00000000000000     
   8.6886884944813621E-003   400.00000000000000     
   8.7287285336264380E-003   400.00000000000000     
   8.7687685727715122E-003   400.00000000000000     
   8.8088086119165881E-003   400.00000000000000     
   8.8488486510616641E-003   400.00000000000000     
   8.8888886902067383E-003   400.00000000000000     
   8.9289287293518142E-003   400.00000000000000     
   8.9689687684968902E-003   400.00000000000000     
   9.0090088076419661E-003   400.00000000000000     
   9.0490488467870403E-003   400.00000000000000     
   9.0890888859321162E-003   400.00000000000000     
   9.1291289250771922E-003   400.00000000000000     
   9.1691689642222664E-003   400.00000000000000     
   9.2092090033673423E-003   400.00000000000000     
   9.2492490425124183E-003   400.00000000000000     
   9.2892890816574925E-003   400.00000000000000     
   9.3293291208025684E-003   400.00000000000000     
   9.3693691599476443E-003   400.00000000000000     
   9.4094091990927185E-003   400.00000000000000     
   9.4494492382377945E-003   400.00000000000000     
   9.4894892773828704E-003   400.00000000000000     
   9.5295293165279463E-003   400.00000000000000     
   9.5695693556730205E-003   400.00000000000000     
   9.6096093948180965E-003   400.00000000000000     
   9.6496494339631724E-003   400.00000000000000     
   9.6896894731082466E-003   400.00000000000000     
   9.7297295122533226E-003   400.00000000000000     
   9.7697695513983985E-003   400.00000000000000     
   9.8098095905434727E-003   400.00000000000000     
   9.8498496296885486E-003   400.00000000000000     
   9.8898896688336246E-003   400.00000000000000     
   9.9299297079786988E-003   400.00000000000000     
   9.9699697471237747E-003   400.00000000000000     
   1.0010009786268851E-002   0.0000000000000000     
   1.0050049825413927E-002   0.0000000000000000     
   1.0090089864559001E-002   0.0000000000000000     
   1.0130129903704077E-002   0.0000000000000000     
   1.0170169942849153E-002   0.0000000000000000     
   1.0210209981994227E-002   0.0000000000000000     
   1.0250250021139303E-002   0.0000000000000000     
   1.0290290060284379E-002   0.0000000000000000     
   1.0330330099429453E-002   0.0000000000000000     
   1.0370370138574529E-002   0.0000000000000000     
   1.0410410177719605E-002   0.0000000000000000     
   1.0450450216864679E-002   0.0000000000000000     
   1.0490490256009755E-002   0.0000000000000000     
   1.0530530295154831E-002   0.0000000000000000     
   1.0570570334299907E-002   0.0000000000000000     
   1.0610610373444981E-002   0.0000000000000000     
   1.0650650412590057E-002   0.0000000000000000     
   1.0690690451735133E-002   0.0000000000000000     
   1.0730730490880207E-002   0.0000000000000000     
   1.0770770530025283E-002   0.0000000000000000     
   1.0810810569170359E-002   0.0000000000000000     
   1.0850850608315433E-002   0.0000000000000000     
   1.0890890647460509E-002   0.0000000000000000     
   1.0930930686605585E-002   0.0000000000000000     
   1.0970970725750659E-002   0.0000000000000000     
   1.1011010764895735E-002   0.0000000000000000     
   1.1051050804040811E-002   0.0000000000000000     
   1.1091090843185887E-002   0.0000000000000000     
   1.1131130882330961E-002   0.0000000000000000     
   1.1171170921476037E-002   0.0000000000000000     
   1.1211210960621113E-002   0.0000000000000000     
   1.1251250999766187E-002   0.0000000000000000     
   1.1291291038911263E-002   0.0000000000000000     
   1.1331331078056339E-002   0.0000000000000000     
   1.1371371117201413E-002   0.0000000000000000     
   1.1411411156346489E-002   0.0000000000000000     
   1.1451451195491565E-002   0.0000000000000000     
   1.1491491234636639E-002   0.0000000000000000     
   1.1531531273781715E-002   0.0000000000000000     
   1.1571571312926791E-002   0.0000000000000000     
   1.1611611352071867E-002   0.0000000000000000     
   1.1651651391216942E-002   0.0000000000000000     
   1.1691691430362017E-002   0.0000000000000000     
   1.1731731469507093E-002   0.0000000000000000     
   1.1771771508652168E-002   0.0000000000000000     
   1.1811811547797244E-002   0.0000000000000000     
   1.1851851586942319E-002   0.0000000000000000     
   1.1891891626087394E-002   0.0000000000000000     
   1.1931931665232470E-002   0.0000000000000000     
   1.1971971704377546E-002   0.0000000000000000     
   1.2012011743522620E-002   0.0000000000000000     
   1.2052051782667696E-002   0.0000000000000000     
   1.2092091821812772E-002   0.0000000000000000     
   1.2132131860957846E-002   0.0000000000000000     
   1.2172171900102922E-002   0.0000000000000000     
   1.2212211939247998E-002   0.0000000000000000     
   1.2252251978393074E-002   0.0000000000000000     
   1.2292292017538148E-002   0.0000000000000000     
   1.2332332056683224E-002   0.0000000000000000     
   1.2372372095828300E-002   0.0000000000000000     
   1.2412412134973374E-002   0.0000000000000000     
   1.2452452174118450E-002   0.0000000000000000     
   1.2492492213263526E-002   0.0000000000000000     
   1.2532532252408600E-002   0.0000000000000000     
   1.2572572291553676E-002   0.0000000000000000     
   1.2612612330698752E-002   0.0000000000000000     
   1.2652652369843826E-002   0.0000000000000000     
   1.2692692408988902E-002   0.0000000000000000     
   1.2732732448133978E-002   0.0000000000000000     
   1.2772772487279054E-002   0.0000000000000000     
   1.2812812526424128E-002   0.0000000000000000     
   1.2852852565569204E-002   0.0000000000000000     
   1.2892892604714280E-002   0.0000000000000000     
   1.2932932643859354E-002   0.0000000000000000     
   1.2972972683004430E-002   0.0000000000000000     
   1.3013012722149506E-002   0.0000000000000000     
   1.3053052761294580E-002   0.0000000000000000     
   1.3093092800439656E-002   0.0000000000000000     
   1.3133132839584732E-002   0.0000000000000000     
   1.3173172878729806E-002   0.0000000000000000     
   1.3213212917874882E-002   0.0000000000000000     
   1.3253252957019958E-002   0.0000000000000000     
   1.3293292996165034E-002   0.0000000000000000     
   1.3333333035310108E-002   0.0000000000000000     
   1.3373373074455184E-002   0.0000000000000000     
   1.3413413113600260E-002   0.0000000000000000     
   1.3453453152745334E-002   0.0000000000000000     
   1.3493493191890410E-002   0.0000000000000000     
   1.3533533231035486E-002   0.0000000000000000     
   1.3573573270180560E-002   0.0000000000000000     
   1.3613613309325636E-002   0.0000000000000000     
   1.3653653348470712E-002   0.0000000000000000     
   1.3693693387615787E-002   0.0000000000000000     
   1.3733733426760862E-002   0.0000000000000000     
   1.3773773465905938E-002   0.0000000000000000     
   1.3813813505051014E-002   0.0000000000000000     
   1.3853853544196089E-002   0.0000000000000000     
   1.3893893583341164E-002   0.0000000000000000     
   1.3933933622486240E-002   0.0000000000000000     
   1.3973973661631315E-002   0.0000000000000000     
   1.4014013700776391E-002   0.0000000000000000     
   1.4054053739921466E-002   0.0000000000000000     
   1.4094093779066541E-002   0.0000000000000000     
   1.4134133818211617E-002   0.0000000000000000     
   1.4174173857356693E-002   0.0000000000000000     
   1.4214213896501767E-002   0.0000000000000000     
   1.4254253935646843E-002   0.0000000000000000     
   1.4294293974791919E-002   0.0000000000000000     
   1.4334334013936995E-002   0.0000000000000000     
   1.4374374053082069E-002   0.0000000000000000     
   1.4414414092227145E-002   0.0000000000000000     
   1.4454454131372221E-002   0.0000000000000000     
   1.4494494170517295E-002   0.0000000000000000     
   1.4534534209662371E-002   0.0000000000000000     
   1.4574574248807447E-002   0.0000000000000000     
   1.4614614287952521E-002   0.0000000000000000     
   1.4654654327097597E-002   0.0000000000000000     
   1.4694694366242673E-002   0.0000000000000000     
   1.4734734405387747E-002   0.0000000000000000     
   1.4774774444532823E-002   0.0000000000000000     
   1.4814814483677899E-002   0.0000000000000000     
   1.4854854522822975E-002   0.0000000000000000     
   1.4894894561968049E-002   0.0000000000000000     
   1.4934934601113125E-002   0.0000000000000000     
   1.4974974640258201E-002   0.0000000000000000     
   1.5015014679403275E-002   0.0000000000000000     
   1.5055054718548351E-002   0.0000000000000000     
   1.5095094757693427E-002   0.0000000000000000     
   1.5135134796838501E-002   0.0000000000000000     
   1.5175174835983577E-002   0.0000000000000000     
   1.5215214875128653E-002   0.0000000000000000     
   1.5255254914273727E-002   0.0000000000000000     
   1.5295294953418803E-002   0.0000000000000000     
   1.5335334992563879E-002   0.0000000000000000     
   1.5375375031708955E-002   0.0000000000000000     
   1.5415415070854029E-002   0.0000000000000000     
   1.5455455109999105E-002   0.0000000000000000     
   1.5495495149144181E-002   0.0000000000000000     
   1.5535535188289255E-002   0.0000000000000000     
   1.5575575227434331E-002   0.0000000000000000     
   1.5615615266579407E-002   0.0000000000000000     
   1.5655655305724481E-002   0.0000000000000000     
   1.5695695344869559E-002   0.0000000000000000     
   1.5735735384014633E-002   0.0000000000000000     
   1.5775775423159707E-002   0.0000000000000000     
   1.5815815462304785E-002   0.0000000000000000     
   1.5855855501449859E-002   0.0000000000000000     
   1.5895895540594934E-002   0.0000000000000000     
   1.5935935579740011E-002   0.0000000000000000     
   1.5975975618885085E-002   0.0000000000000000     
   1.6016015658030160E-002   0.0000000000000000     
   1.6056055697175237E-002   0.0000000000000000     
   1.6096095736320312E-002   0.0000000000000000     
   1.6136135775465386E-002   0.0000000000000000     
   1.6176175814610463E-002   0.0000000000000000     
   1.6216215853755538E-002   0.0000000000000000     
   1.6256255892900612E-002   0.0000000000000000     
   1.6296295932045689E-002   0.0000000000000000     
   1.6336335971190764E-002   0.0000000000000000     
   1.6376376010335838E-002   0.0000000000000000     
   1.6416416049480916E-002   0.0000000000000000     
   1.6456456088625990E-002   0.0000000000000000     
   1.6496496127771064E-002   0.0000000000000000     
   1.6536536166916142E-002   0.0000000000000000     
   1.6576576206061216E-002   0.0000000000000000     
   1.6616616245206290E-002   0.0000000000000000     
   1.6656656284351368E-002   0.0000000000000000     
   1.6696696323496442E-002   0.0000000000000000     
   1.6736736362641520E-002   0.0000000000000000     
   1.6776776401786594E-002   0.0000000000000000     
   1.6816816440931668E-002   0.0000000000000000     
   1.6856856480076746E-002   0.0000000000000000     
   1.6896896519221820E-002   0.0000000000000000     
   1.6936936558366894E-002   0.0000000000000000     
   1.6976976597511972E-002   0.0000000000000000     
   1.7017016636657046E-002   0.0000000000000000     
   1.7057056675802120E-002   0.0000000000000000     
   1.7097096714947198E-002   0.0000000000000000     
   1.7137136754092272E-002   0.0000000000000000     
   1.7177176793237346E-002   0.0000000000000000     
   1.7217216832382424E-002   0.0000000000000000     
   1.7257256871527498E-002   0.0000000000000000     
   1.7297296910672572E-002   0.0000000000000000     
   1.7337336949817650E-002   0.0000000000000000     
   1.7377376988962724E-002   0.0000000000000000     
   1.7417417028107798E-002   0.0000000000000000     
   1.7457457067252876E-002   0.0000000000000000     
   1.7497497106397950E-002   0.0000000000000000     
   1.7537537145543024E-002   0.0000000000000000     
   1.7577577184688102E-002   0.0000000000000000     
   1.7617617223833176E-002   0.0000000000000000     
   1.7657657262978251E-002   0.0000000000000000     
   1.7697697302123328E-002   0.0000000000000000     
   1.7737737341268402E-002   0.0000000000000000     
   1.7777777380413477E-002   0.0000000000000000     
   1.7817817419558554E-002   0.0000000000000000     
   1.7857857458703628E-002   0.0000000000000000     
   1.7897897497848706E-002   0.0000000000000000     
   1.7937937536993780E-002   0.0000000000000000     
   1.7977977576138855E-002   0.0000000000000000     
   1.8018017615283932E-002   0.0000000000000000     
   1.8058057654429006E-002   0.0000000000000000     
   1.8098097693574081E-002   0.0000000000000000     
   1.8138137732719158E-002   0.0000000000000000     
   1.8178177771864232E-002   0.0000000000000000     
   1.8218217811009307E-002   0.0000000000000000     
   1.8258257850154384E-002   0.0000000000000000     
   1.8298297889299459E-002   0.0000000000000000     
   1.8338337928444533E-002   0.0000000000000000     
   1.8378377967589610E-002   0.0000000000000000     
   1.8418418006734685E-002   0.0000000000000000     
   1.8458458045879759E-002   0.0000000000000000     
   1.8498498085024837E-002   0.0000000000000000     
   1.8538538124169911E-002   0.0000000000000000     
   1.8578578163314985E-002   0.0000000000000000     
   1.8618618202460063E-002   0.0000000000000000     
   1.8658658241605137E-002   0.0000000000000000     
   1.8698698280750211E-002   0.0000000000000000     
   1.8738738319895289E-002   0.0000000000000000     
   1.8778778359040363E-002   0.0000000000000000     
   1.8818818398185437E-002   0.0000000000000000     
   1.8858858437330515E-002   0.0000000000000000     
   1.8898898476475589E-002   0.0000000000000000     
   1.8938938515620667E-002   0.0000000000000000     
   1.8978978554765741E-002   0.0000000000000000     
   1.9019018593910815E-002   0.0000000000000000     
   1.9059058633055893E-002   0.0000000000000000     
   1.9099098672200967E-002   0.0000000000000000     
   1.9139138711346041E-002   0.0000000000000000     
   1.9179178750491119E-002   0.0000000000000000     
   1.9219218789636193E-002   0.0000000000000000     
   1.9259258828781267E-002   0.0000000000000000     
   1.9299298867926345E-002   0.0000000000000000     
   1.9339338907071419E-002   0.0000000000000000     
   1.9379378946216493E-002   0.0000000000000000     
   1.9419418985361571E-002   0.0000000000000000     
   1.9459459024506645E-002   0.0000000000000000     
   1.9499499063651719E-002   0.0000000000000000     
   1.9539539102796797E-002   0.0000000000000000     
   1.9579579141941871E-002   0.0000000000000000     
   1.9619619181086945E-002   0.0000000000000000     
   1.9659659220232023E-002   0.0000000000000000     
   1.9699699259377097E-002   0.0000000000000000     
   1.9739739298522171E-002   0.0000000000000000     
   1.9779779337667249E-002   0.0000000000000000     
   1.9819819376812323E-002   0.0000000000000000     
   1.9859859415957398E-002   0.0000000000000000     
   1.9899899455102475E-002   0.0000000000000000     
   1.9939939494247549E-002   0.0000000000000000     
   1.9979979533392627E-002   0.0000000000000000     
   2.0020019572537701E-002   0.0000000000000000     
   2.0060059611682775E-002   0.0000000000000000     
   2.0100099650827853E-002   0.0000000000000000     
   2.0140139689972927E-002   0.0000000000000000     
   2.0180179729118002E-002   0.0000000000000000     
   2.0220219768263079E-002   0.0000000000000000     
   2.0260259807408153E-002   0.0000000000000000     
   2.0300299846553228E-002   0.0000000000000000     
   2.0340339885698305E-002   0.0000000000000000     
   2.0380379924843380E-002   0.0000000000000000     
   2.0420419963988454E-002   0.0000000000000000     
   2.0460460003133531E-002   0.0000000000000000     
   2.0500500042278606E-002   0.0000000000000000     
   2.0540540081423680E-002   0.0000000000000000     
   2.0580580120568757E-002   0.0000000000000000     
   2.0620620159713832E-002   0.0000000000000000     
   2.0660660198858906E-002   0.0000000000000000     
   2.0700700238003984E-002   0.0000000000000000     
   2.0740740277149058E-002   0.0000000000000000     
   2.0780780316294132E-002   0.0000000000000000     
   2.0820820355439210E-002   0.0000000000000000     
   2.0860860394584284E-002   0.0000000000000000     
   2.0900900433729358E-002   0.0000000000000000     
   2.0940940472874436E-002   0.0000000000000000     
   2.0980980512019510E-002   0.0000000000000000     
   2.1021020551164584E-002   0.0000000000000000     
   2.1061060590309662E-002   0.0000000000000000     
   2.1101100629454736E-002   0.0000000000000000     
   2.1141140668599814E-002   0.0000000000000000     
   2.1181180707744888E-002   0.0000000000000000     
   2.1221220746889962E-002   0.0000000000000000     
   2.1261260786035040E-002   0.0000000000000000     
   2.1301300825180114E-002   0.0000000000000000     
   2.1341340864325188E-002   0.0000000000000000     
   2.1381380903470266E-002   0.0000000000000000     
   2.1421420942615340E-002   0.0000000000000000     
   2.1461460981760414E-002   0.0000000000000000     
   2.1501501020905492E-002   0.0000000000000000     
   2.1541541060050566E-002   0.0000000000000000     
   2.1581581099195640E-002   0.0000000000000000     
   2.1621621138340718E-002   0.0000000000000000     
   2.1661661177485792E-002   0.0000000000000000     
   2.1701701216630866E-002   0.0000000000000000     
   2.1741741255775944E-002   0.0000000000000000     
   2.1781781294921018E-002   0.0000000000000000     
   2.1821821334066092E-002   0.0000000000000000     
   2.1861861373211170E-002   0.0000000000000000     
   2.1901901412356244E-002   0.0000000000000000     
   2.1941941451501318E-002   0.0000000000000000     
   2.1981981490646396E-002   0.0000000000000000     
   2.2022021529791470E-002   0.0000000000000000     
   2.2062061568936545E-002   0.0000000000000000     
   2.2102101608081622E-002   0.0000000000000000     
   2.2142141647226696E-002   0.0000000000000000     
   2.2182181686371774E-002   0.0000000000000000     
   2.2222221725516848E-002   0.0000000000000000     
   2.2262261764661923E-002   0.0000000000000000     
   2.2302301803807000E-002   0.0000000000000000     
   2.2342341842952074E-002   0.0000000000000000     
   2.2382381882097149E-002   0.0000000000000000     
   2.2422421921242226E-002   0.0000000000000000     
   2.2462461960387300E-002   0.0000000000000000     
   2.2502501999532375E-002   0.0000000000000000     
   2.2542542038677452E-002   0.0000000000000000     
   2.2582582077822527E-002   0.0000000000000000     
   2.2622622116967601E-002   0.0000000000000000     
   2.2662662156112678E-002   0.0000000000000000     
   2.2702702195257753E-002   0.0000000000000000     
   2.2742742234402827E-002   0.0000000000000000     
   2.2782782273547905E-002   0.0000000000000000     
   2.2822822312692979E-002   0.0000000000000000     
   2.2862862351838053E-002   0.0000000000000000     
   2.2902902390983131E-002   0.0000000000000000     
   2.2942942430128205E-002   0.0000000000000000     
   2.2982982469273279E-002   0.0000000000000000     
   2.3023022508418357E-002   0.0000000000000000     
   2.3063062547563431E-002   0.0000000000000000     
   2.3103102586708505E-002   0.0000000000000000     
   2.3143142625853583E-002   0.0000000000000000     
   2.3183182664998657E-002   0.0000000000000000     
   2.3223222704143735E-002   0.0000000000000000     
   2.3263262743288809E-002   0.0000000000000000     
   2.3303302782433883E-002   0.0000000000000000     
   2.3343342821578961E-002   0.0000000000000000     
   2.3383382860724035E-002   0.0000000000000000     
   2.3423422899869109E-002   0.0000000000000000     
   2.3463462939014187E-002   0.0000000000000000     
   2.3503502978159261E-002   0.0000000000000000     
   2.3543543017304335E-002   0.0000000000000000     
   2.3583583056449413E-002   0.0000000000000000     
   2.3623623095594487E-002   0.0000000000000000     
   2.3663663134739561E-002   0.0000000000000000     
   2.3703703173884639E-002   0.0000000000000000     
   2.3743743213029713E-002   0.0000000000000000     
   2.3783783252174787E-002   0.0000000000000000     
   2.3823823291319865E-002   0.0000000000000000     
   2.3863863330464939E-002   0.0000000000000000     
   2.3903903369610013E-002   0.0000000000000000     
   2.3943943408755091E-002   0.0000000000000000     
   2.3983983447900165E-002   0.0000000000000000     
   2.4024023487045239E-002   0.0000000000000000     
   2.4064063526190317E-002   0.0000000000000000     
   2.4104103565335391E-002   0.0000000000000000     
   2.4144143604480466E-002   0.0000000000000000     
   2.4184183643625543E-002   0.0000000000000000     
   2.4224223682770617E-002   0.0000000000000000     
   2.4264263721915692E-002   0.0000000000000000     
   2.4304303761060769E-002   0.0000000000000000     
   2.4344343800205843E-002   0.0000000000000000     
   2.4384383839350921E-002   0.0000000000000000     
   2.4424423878495995E-002   0.0000000000000000     
   2.4464463917641070E-002   0.0000000000000000     
   2.4504503956786147E-002   0.0000000000000000     
   2.4544543995931221E-002   0.0000000000000000     
   2.4584584035076296E-002   0.0000000000000000     
   2.4624624074221373E-002   0.0000000000000000     
   2.4664664113366448E-002   0.0000000000000000     
   2.4704704152511522E-002   0.0000000000000000     
   2.4744744191656599E-002   0.0000000000000000     
   2.4784784230801674E-002   0.0000000000000000     
   2.4824824269946748E-002   0.0000000000000000     
   2.4864864309091825E-002   0.0000000000000000     
   2.4904904348236900E-002   0.0000000000000000     
   2.4944944387381974E-002   0.0000000000000000     
   2.4984984426527052E-002   0.0000000000000000     
   2.5025024465672126E-002   0.0000000000000000     
   2.5065064504817200E-002   0.0000000000000000     
   2.5105104543962278E-002   0.0000000000000000     
   2.5145144583107352E-002   0.0000000000000000     
   2.5185184622252426E-002   0.0000000000000000     
   2.5225224661397504E-002   0.0000000000000000     
   2.5265264700542578E-002   0.0000000000000000     
   2.5305304739687652E-002   0.0000000000000000     
   2.5345344778832730E-002   0.0000000000000000     
   2.5385384817977804E-002   0.0000000000000000     
   2.5425424857122882E-002   0.0000000000000000     
   2.5465464896267956E-002   0.0000000000000000     
   2.5505504935413030E-002   0.0000000000000000     
   2.5545544974558108E-002   0.0000000000000000     
   2.5585585013703182E-002   0.0000000000000000     
   2.5625625052848256E-002   0.0000000000000000     
   2.5665665091993334E-002   0.0000000000000000     
   2.5705705131138408E-002   0.0000000000000000     
   2.5745745170283482E-002   0.0000000000000000     
   2.5785785209428560E-002   0.0000000000000000     
   2.5825825248573634E-002   0.0000000000000000     
   2.5865865287718708E-002   0.0000000000000000     
   2.5905905326863786E-002   0.0000000000000000     
   2.5945945366008860E-002   0.0000000000000000     
   2.5985985405153934E-002   0.0000000000000000     
   2.6026025444299012E-002   0.0000000000000000     
   2.6066065483444086E-002   0.0000000000000000     
   2.6106105522589160E-002   0.0000000000000000     
   2.6146145561734238E-002   0.0000000000000000     
   2.6186185600879312E-002   0.0000000000000000     
   2.6226225640024386E-002   0.0000000000000000     
   2.6266265679169464E-002   0.0000000000000000     
   2.6306305718314538E-002   0.0000000000000000     
   2.6346345757459613E-002   0.0000000000000000     
   2.6386385796604690E-002   0.0000000000000000     
   2.6426425835749764E-002   0.0000000000000000     
   2.6466465874894842E-002   0.0000000000000000     
   2.6506505914039916E-002   0.0000000000000000     
   2.6546545953184991E-002   0.0000000000000000     
   2.6586585992330068E-002   0.0000000000000000     
   2.6626626031475142E-002   0.0000000000000000     
   2.6666666070620217E-002   0.0000000000000000     
   2.6706706109765294E-002   0.0000000000000000     
   2.6746746148910368E-002   0.0000000000000000     
   2.6786786188055443E-002   0.0000000000000000     
   2.6826826227200520E-002   0.0000000000000000     
   2.6866866266345595E-002   0.0000000000000000     
   2.6906906305490669E-002   0.0000000000000000     
   2.6946946344635746E-002   0.0000000000000000     
   2.6986986383780821E-002   0.0000000000000000     
   2.7027026422925895E-002   0.0000000000000000     
   2.7067066462070972E-002   0.0000000000000000     
   2.7107106501216047E-002   0.0000000000000000     
   2.7147146540361121E-002   0.0000000000000000     
   2.7187186579506199E-002   0.0000000000000000     
   2.7227226618651273E-002   0.0000000000000000     
   2.7267266657796347E-002   0.0000000000000000     
   2.7307306696941425E-002   0.0000000000000000     
   2.7347346736086499E-002   0.0000000000000000     
   2.7387386775231573E-002   0.0000000000000000     
   2.7427426814376651E-002   0.0000000000000000     
   2.7467466853521725E-002   0.0000000000000000     
   2.7507506892666799E-002   0.0000000000000000     
   2.7547546931811877E-002   0.0000000000000000     
   2.7587586970956951E-002   0.0000000000000000     
   2.7627627010102029E-002   0.0000000000000000     
   2.7667667049247103E-002   0.0000000000000000     
   2.7707707088392177E-002   0.0000000000000000     
   2.7747747127537255E-002   0.0000000000000000     
   2.7787787166682329E-002   0.0000000000000000     
   2.7827827205827403E-002   0.0000000000000000     
   2.7867867244972481E-002   0.0000000000000000     
   2.7907907284117555E-002   0.0000000000000000     
   2.7947947323262629E-002   0.0000000000000000     
   2.7987987362407707E-002   0.0000000000000000     
   2.8028027401552781E-002   0.0000000000000000     
   2.8068067440697855E-002   0.0000000000000000     
   2.8108107479842933E-002   0.0000000000000000     
   2.8148147518988007E-002   0.0000000000000000     
   2.8188187558133081E-002   0.0000000000000000     
   2.8228227597278159E-002   0.0000000000000000     
   2.8268267636423233E-002   0.0000000000000000     
   2.8308307675568307E-002   0.0000000000000000     
   2.8348347714713385E-002   0.0000000000000000     
   2.8388387753858459E-002   0.0000000000000000     
   2.8428427793003534E-002   0.0000000000000000     
   2.8468467832148611E-002   0.0000000000000000     
   2.8508507871293685E-002   0.0000000000000000     
   2.8548547910438760E-002   0.0000000000000000     
   2.8588587949583837E-002   0.0000000000000000     
   2.8628627988728911E-002   0.0000000000000000     
   2.8668668027873989E-002   0.0000000000000000     
   2.8708708067019063E-002   0.0000000000000000     
   2.8748748106164138E-002   0.0000000000000000     
   2.8788788145309215E-002   0.0000000000000000     
   2.8828828184454289E-002   0.0000000000000000     
   2.8868868223599364E-002   0.0000000000000000     
   2.8908908262744441E-002   0.0000000000000000     
   2.8948948301889516E-002   0.0000000000000000     
   2.8988988341034590E-002   0.0000000000000000     
   2.9029028380179667E-002   0.0000000000000000     
   2.9069068419324742E-002   0.0000000000000000     
   2.9109108458469816E-002   0.0000000000000000     
   2.9149148497614893E-002   0.0000000000000000     
   2.9189188536759968E-002   0.0000000000000000     
   2.9229228575905042E-002   0.0000000000000000     
   2.9269268615050120E-002   0.0000000000000000     
   2.9309308654195194E-002   0.0000000000000000     
   2.9349348693340268E-002   0.0000000000000000     
   2.9389388732485346E-002   0.0000000000000000     
   2.9429428771630420E-002   0.0000000000000000     
   2.9469468810775494E-002   0.0000000000000000     
   2.9509508849920572E-002   0.0000000000000000     
   2.9549548889065646E-002   0.0000000000000000     
   2.9589588928210720E-002   0.0000000000000000     
   2.9629628967355798E-002   0.0000000000000000     
   2.9669669006500872E-002   0.0000000000000000     
   2.9709709045645950E-002   0.0000000000000000     
   2.9749749084791024E-002   0.0000000000000000     
   2.9789789123936098E-002   0.0000000000000000     
   2.9829829163081176E-002   0.0000000000000000     
   2.9869869202226250E-002   0.0000000000000000     
   2.9909909241371324E-002   0.0000000000000000     
   2.9949949280516402E-002   0.0000000000000000     
   2.9989989319661476E-002   0.0000000000000000     
   3.0030029358806550E-002   400.00000000000000     
   3.0070069397951628E-002   400.00000000000000     
   3.0110109437096702E-002   400.00000000000000     
   3.0150149476241776E-002   400.00000000000000     
   3.0190189515386854E-002   400.00000000000000     
   3.0230229554531928E-002   400.00000000000000     
   3.0270269593677002E-002   400.00000000000000     
   3.0310309632822080E-002   400.00000000000000     
   3.0350349671967154E-002   400.00000000000000     
   3.0390389711112228E-002   400.00000000000000     
   3.0430429750257306E-002   400.00000000000000     
   3.0470469789402380E-002   400.00000000000000     
   3.0510509828547454E-002   400.00000000000000     
   3.0550549867692532E-002   400.00000000000000     
   3.0590589906837606E-002   400.00000000000000     
   3.0630629945982681E-002   400.00000000000000     
   3.0670669985127758E-002   400.00000000000000     
   3.0710710024272832E-002   400.00000000000000     
   3.0750750063417910E-002   400.00000000000000     
   3.0790790102562984E-002   400.00000000000000     
   3.0830830141708059E-002   400.00000000000000     
   3.0870870180853136E-002   400.00000000000000     
   3.0910910219998210E-002   400.00000000000000     
   3.0950950259143285E-002   400.00000000000000     
   3.0990990298288362E-002   400.00000000000000     
   3.1031030337433436E-002   400.00000000000000     
   3.1071070376578511E-002   400.00000000000000     
   3.1111110415723588E-002   400.00000000000000     
   3.1151150454868663E-002   400.00000000000000     
   3.1191190494013737E-002   400.00000000000000     
   3.1231230533158814E-002   400.00000000000000     
   3.1271270572303889E-002   400.00000000000000     
   3.1311310611448963E-002   400.00000000000000     
   3.1351350650594037E-002   400.00000000000000     
   3.1391390689739118E-002   400.00000000000000     
   3.1431430728884192E-002   400.00000000000000     
   3.1471470768029267E-002   400.00000000000000     
   3.1511510807174341E-002   400.00000000000000     
   3.1551550846319415E-002   400.00000000000000     
   3.1591590885464489E-002   400.00000000000000     
   3.1631630924609570E-002   400.00000000000000     
   3.1671670963754645E-002   400.00000000000000     
   3.1711711002899719E-002   400.00000000000000     
   3.1751751042044793E-002   400.00000000000000     
   3.1791791081189867E-002   400.00000000000000     
   3.1831831120334941E-002   400.00000000000000     
   3.1871871159480022E-002   400.00000000000000     
   3.1911911198625097E-002   400.00000000000000     
   3.1951951237770171E-002   400.00000000000000     
   3.1991991276915245E-002   400.00000000000000     
   3.2032031316060319E-002   400.00000000000000     
   3.2072071355205393E-002   400.00000000000000     
   3.2112111394350475E-002   400.00000000000000     
   3.2152151433495549E-002   400.00000000000000     
   3.2192191472640623E-002   400.00000000000000     
   3.2232231511785697E-002   400.00000000000000     
   3.2272271550930771E-002   400.00000000000000     
   3.2312311590075846E-002   400.00000000000000     
   3.2352351629220927E-002   400.00000000000000     
   3.2392391668366001E-002   400.00000000000000     
   3.2432431707511075E-002   400.00000000000000     
   3.2472471746656149E-002   400.00000000000000     
   3.2512511785801224E-002   400.00000000000000     
   3.2552551824946305E-002   400.00000000000000     
   3.2592591864091379E-002   400.00000000000000     
   3.2632631903236453E-002   400.00000000000000     
   3.2672671942381527E-002   400.00000000000000     
   3.2712711981526602E-002   400.00000000000000     
   3.2752752020671676E-002   400.00000000000000     
   3.2792792059816757E-002   400.00000000000000     
   3.2832832098961831E-002   400.00000000000000     
   3.2872872138106905E-002   400.00000000000000     
   3.2912912177251979E-002   400.00000000000000     
   3.2952952216397054E-002   400.00000000000000     
   3.2992992255542128E-002   400.00000000000000     
   3.3033032294687209E-002   400.00000000000000     
   3.3073072333832283E-002   400.00000000000000     
   3.3113112372977357E-002   400.00000000000000     
   3.3153152412122432E-002   400.00000000000000     
   3.3193192451267506E-002   400.00000000000000     
   3.3233232490412580E-002   400.00000000000000     
   3.3273272529557661E-002   400.00000000000000     
   3.3313312568702735E-002   400.00000000000000     
   3.3353352607847810E-002   400.00000000000000     
   3.3393392646992884E-002   400.00000000000000     
   3.3433432686137958E-002   400.00000000000000     
   3.3473472725283039E-002   400.00000000000000     
   3.3513512764428113E-002   400.00000000000000     
   3.3553552803573188E-002   400.00000000000000     
   3.3593592842718262E-002   400.00000000000000     
   3.3633632881863336E-002   400.00000000000000     
   3.3673672921008410E-002   400.00000000000000     
   3.3713712960153491E-002   400.00000000000000     
   3.3753752999298565E-002   400.00000000000000     
   3.3793793038443640E-002   400.00000000000000     
   3.3833833077588714E-002   400.00000000000000     
   3.3873873116733788E-002   400.00000000000000     
   3.3913913155878862E-002   400.00000000000000     
   3.3953953195023943E-002   400.00000000000000     
   3.3993993234169018E-002   400.00000000000000     
   3.4034033273314092E-002   400.00000000000000     
   3.4074073312459166E-002   400.00000000000000     
   3.4114113351604240E-002   400.00000000000000     
   3.4154153390749314E-002   400.00000000000000     
   3.4194193429894396E-002   400.00000000000000     
   3.4234233469039470E-002   400.00000000000000     
   3.4274273508184544E-002   400.00000000000000     
   3.4314313547329618E-002   400.00000000000000     
   3.4354353586474692E-002   400.00000000000000     
   3.4394393625619767E-002   400.00000000000000     
   3.4434433664764848E-002   400.00000000000000     
   3.4474473703909922E-002   400.00000000000000     
   3.4514513743054996E-002   400.00000000000000     
   3.4554553782200070E-002   400.00000000000000     
   3.4594593821345145E-002   400.00000000000000     
   3.4634633860490226E-002   400.00000000000000     
   3.4674673899635300E-002   400.00000000000000     
   3.4714713938780374E-002   400.00000000000000     
   3.4754753977925448E-002   400.00000000000000     
   3.4794794017070522E-002   400.00000000000000     
   3.4834834056215597E-002   400.00000000000000     
   3.4874874095360678E-002   400.00000000000000     
   3.4914914134505752E-002   400.00000000000000     
   3.4954954173650826E-002   400.00000000000000     
   3.4994994212795900E-002   400.00000000000000     
   3.5035034251940975E-002   400.00000000000000     
   3.5075074291086049E-002   400.00000000000000     
   3.5115114330231130E-002   400.00000000000000     
   3.5155154369376204E-002   400.00000000000000     
   3.5195194408521278E-002   400.00000000000000     
   3.5235234447666353E-002   400.00000000000000     
   3.5275274486811427E-002   400.00000000000000     
   3.5315314525956501E-002   400.00000000000000     
   3.5355354565101582E-002   400.00000000000000     
   3.5395394604246656E-002   400.00000000000000     
   3.5435434643391731E-002   400.00000000000000     
   3.5475474682536805E-002   400.00000000000000     
   3.5515514721681879E-002   400.00000000000000     
   3.5555554760826953E-002   400.00000000000000     
   3.5595594799972034E-002   400.00000000000000     
   3.5635634839117108E-002   400.00000000000000     
   3.5675674878262183E-002   400.00000000000000     
   3.5715714917407257E-002   400.00000000000000     
   3.5755754956552331E-002   400.00000000000000     
   3.5795794995697412E-002   400.00000000000000     
   3.5835835034842486E-002   400.00000000000000     
   3.5875875073987561E-002   400.00000000000000     
   3.5915915113132635E-002   400.00000000000000     
   3.5955955152277709E-002   400.00000000000000     
   3.5995995191422783E-002   400.00000000000000     
   3.6036035230567864E-002   400.00000000000000     
   3.6076075269712939E-002   400.00000000000000     
   3.6116115308858013E-002   400.00000000000000     
   3.6156155348003087E-002   400.00000000000000     
   3.6196195387148161E-002   400.00000000000000     
   3.6236235426293235E-002   400.00000000000000     
   3.6276275465438317E-002   400.00000000000000     
   3.6316315504583391E-002   400.00000000000000     
   3.6356355543728465E-002   400.00000000000000     
   3.6396395582873539E-002   400.00000000000000     
   3.6436435622018613E-002   400.00000000000000     
   3.6476475661163688E-002   400.00000000000000     
   3.6516515700308769E-002   400.00000000000000     
   3.6556555739453843E-002   400.00000000000000     
   3.6596595778598917E-002   400.00000000000000     
   3.6636635817743991E-002   400.00000000000000     
   3.6676675856889066E-002   400.00000000000000     
   3.6716715896034147E-002   400.00000000000000     
   3.6756755935179221E-002   400.00000000000000     
   3.6796795974324295E-002   400.00000000000000     
   3.6836836013469369E-002   400.00000000000000     
   3.6876876052614443E-002   400.00000000000000     
   3.6916916091759518E-002   400.00000000000000     
   3.6956956130904599E-002   400.00000000000000     
   3.6996996170049673E-002   400.00000000000000     
   3.7037036209194747E-002   400.00000000000000     
   3.7077076248339821E-002   400.00000000000000     
   3.7117116287484896E-002   400.00000000000000     
   3.7157156326629970E-002   400.00000000000000     
   3.7197196365775051E-002   400.00000000000000     
   3.7237236404920125E-002   400.00000000000000     
   3.7277276444065199E-002   400.00000000000000     
   3.7317316483210274E-002   400.00000000000000     
   3.7357356522355348E-002   400.00000000000000     
   3.7397396561500422E-002   400.00000000000000     
   3.7437436600645503E-002   400.00000000000000     
   3.7477476639790577E-002   400.00000000000000     
   3.7517516678935652E-002   400.00000000000000     
   3.7557556718080726E-002   400.00000000000000     
   3.7597596757225800E-002   400.00000000000000     
   3.7637636796370874E-002   400.00000000000000     
   3.7677676835515955E-002   400.00000000000000     
   3.7717716874661029E-002   400.00000000000000     
   3.7757756913806104E-002   400.00000000000000     
   3.7797796952951178E-002   400.00000000000000     
   3.7837836992096252E-002   400.00000000000000     
   3.7877877031241333E-002   400.00000000000000     
   3.7917917070386407E-002   400.00000000000000     
   3.7957957109531482E-002   400.00000000000000     
   3.7997997148676556E-002   400.00000000000000     
   3.8038037187821630E-002   400.00000000000000     
   3.8078077226966704E-002   400.00000000000000     
   3.8118117266111785E-002   400.00000000000000     
   3.8158157305256860E-002   400.00000000000000     
   3.8198197344401934E-002   400.00000000000000     
   3.8238237383547008E-002   400.00000000000000     
   3.8278277422692082E-002   400.00000000000000     
   3.8318317461837156E-002   400.00000000000000     
   3.8358357500982238E-002   400.00000000000000     
   3.8398397540127312E-002   400.00000000000000     
   3.8438437579272386E-002   400.00000000000000     
   3.8478477618417460E-002   400.00000000000000     
   3.8518517657562534E-002   400.00000000000000     
   3.8558557696707609E-002   400.00000000000000     
   3.8598597735852690E-002   400.00000000000000     
   3.8638637774997764E-002   400.00000000000000     
   3.8678677814142838E-002   400.00000000000000     
   3.8718717853287912E-002   400.00000000000000     
   3.8758757892432986E-002   400.00000000000000     
   3.8798797931578061E-002   400.00000000000000     
   3.8838837970723142E-002   400.00000000000000     
   3.8878878009868216E-002   400.00000000000000     
   3.8918918049013290E-002   400.00000000000000     
   3.8958958088158364E-002   400.00000000000000     
   3.8998998127303439E-002   400.00000000000000     
   3.9039038166448520E-002   400.00000000000000     
   3.9079078205593594E-002   400.00000000000000     
   3.9119118244738668E-002   400.00000000000000     
   3.9159158283883742E-002   400.00000000000000     
   3.9199198323028817E-002   400.00000000000000     
   3.9239238362173891E-002   400.00000000000000     
   3.9279278401318972E-002   400.00000000000000     
   3.9319318440464046E-002   400.00000000000000     
   3.9359358479609120E-002   400.00000000000000     
   3.9399398518754195E-002   400.00000000000000     
   3.9439438557899269E-002   400.00000000000000     
   3.9479478597044343E-002   400.00000000000000     
   3.9519518636189424E-002   400.00000000000000     
   3.9559558675334498E-002   400.00000000000000     
   3.9599598714479572E-002   400.00000000000000     
   3.9639638753624647E-002   400.00000000000000     
   3.9679678792769721E-002   400.00000000000000     
   3.9719718831914795E-002   400.00000000000000     
   3.9759758871059876E-002   400.00000000000000     
   3.9799798910204950E-002   400.00000000000000     
   3.9839838949350025E-002   400.00000000000000     
   3.9879878988495099E-002   400.00000000000000     
   3.9919919027640173E-002   400.00000000000000     
   3.9959959066785254E-002   400.00000000000000     
   3.9999999105930328E-002   400.00000000000000     
