   0.0000000000000000       0.14264218471493137     
   3.3333332588275275E-004  0.14263989151817327     
   6.6666665176550550E-004  0.14272706377037273     
   9.9999997764825825E-004  0.14290355252686734     
   1.3333333035310110E-003  0.14316845501981249     
   1.6666666294137638E-003  0.14351986672320952     
   1.9999999552965165E-003  0.14395487480471181     
   2.3333332811792690E-003  0.14447072607538811     
   2.6666666070620220E-003  0.14506339700309978     
   2.9999999329447750E-003  0.14572665858787040     
   3.3333332588275275E-003  0.14645257976869233     
   3.6666665847102800E-003  0.14723149035634400     
   3.9999999105930330E-003  0.14805196794843531     
   4.3333332364757860E-003  0.14890272720618528     
   4.6666665623585381E-003  0.14977075045961336     
   4.9999998882412910E-003  0.15064023090037970     
   5.3333332141240440E-003  0.15149393286888047     
   5.6666665400067970E-003  0.15231331073716034     
   5.9999998658895499E-003  0.15307862080282753     
   6.3333331917723020E-003  0.15377212370460516     
   6.6666665176550550E-003  0.15437555752648405     
   6.9999998435378080E-003  0.15486865350463866     
   7.3333331694205601E-003  0.15523109659807149     
   7.6666664953033131E-003  0.15544274703340963     
   7.9999998211860660E-003  0.15548399010719355     
   8.3333331470688190E-003  0.15534155913414599     
   8.6666664729515720E-003  0.15500382032025278     
   8.9999997988343249E-003  0.15445773642291474     
   9.3333331247170762E-003  0.15369230636203723     
   9.6666664505998291E-003  0.15269906871341082     
   9.9999997764825821E-003  0.15147273055479155     
   1.0333333102365335E-002  0.15001737618443714     
   1.0666666428248088E-002  0.14833916160981561     
   1.0999999754130841E-002  0.14644222285915176     
   1.1333333080013594E-002  0.14433391088877137     
   1.1666666405896347E-002  0.14202505614971547     
   1.1999999731779100E-002  0.13952999626275506     
   1.2333333057661851E-002  0.13686931811271694     
   1.2666666383544604E-002  0.13406464931248965     
   1.2999999709427357E-002  0.13113649556172197     
   1.3333333035310110E-002  0.12810820178314639     
   1.3666666361192863E-002  0.12500565198649971     
   1.3999999687075616E-002  0.12185688120466383     
   1.4333333012958369E-002  0.11869238912942663     
   1.4666666338841120E-002  0.11554315711283433     
   1.4999999664723873E-002  0.11243984131298519     
   1.5333332990606626E-002  0.10941394573570802     
   1.5666666316489379E-002  0.10649734340225343     
   1.5999999642372132E-002  0.10372188902945767     
   1.6333332968254885E-002  0.10111755562737296     
   1.6666666294137638E-002   9.8712276231209123E-002
   1.6999999620020391E-002   9.6532123790165056E-002
   1.7333332945903144E-002   9.4601241979954870E-002
   1.7666666271785897E-002   9.2941860646796506E-002
   1.7999999597668650E-002   9.1574308293113027E-002
   1.8333332923551403E-002   9.0510398821007546E-002
   1.8666666249434152E-002   8.9758141790671389E-002
   1.8999999575316905E-002   8.9325746531998637E-002
   1.9333332901199658E-002   8.9219638273901267E-002
   1.9666666227082411E-002   8.9444271398940234E-002
   1.9999999552965164E-002   9.0001270048747320E-002
   2.0333332878847917E-002   9.0880596421152746E-002
   2.0666666204730670E-002   9.2071033055216939E-002
   2.0999999530613423E-002   9.3565938468623183E-002
   2.1333332856496176E-002   9.5355249968042663E-002
   2.1666666182378929E-002   9.7424359822270559E-002
   2.1999999508261682E-002   9.9753723905415578E-002
   2.2333332834144435E-002  0.10231704428639768     
   2.2666666160027188E-002  0.10508679216201436     
   2.2999999485909941E-002  0.10803583643682524     
   2.3333332811792694E-002  0.11113272927182728     
   2.3666666137675447E-002  0.11434244101503688     
   2.3999999463558200E-002  0.11762717076554713     
   2.4333332789440949E-002  0.12094883393205173     
   2.4666666115323702E-002  0.12426883754045376     
   2.4999999441206455E-002  0.12754743000270322     
   2.5333332767089208E-002  0.13074395891001941     
   2.5666666092971961E-002  0.13381731729084773     
   2.5999999418854714E-002  0.13672622019095421     
   2.6333332744737467E-002  0.13943495512686768     
   2.6666666070620220E-002  0.14190956770480037     
   2.6999999396502973E-002  0.14411521315180076     
   2.7333332722385726E-002  0.14601865637055519     
   2.7666666048268479E-002  0.14758846365674963     
   2.7999999374151232E-002  0.14879543722608948     
   2.8333332700033985E-002  0.14962497182687443     
   2.8666666025916738E-002  0.15006704431807638     
   2.8999999351799491E-002  0.15010936096561608     
   2.9333332677682240E-002  0.14974379749298136     
   2.9666666003564993E-002  0.14896709315801007     
   2.9999999329447746E-002  0.14778183140917969     
   3.0333332655330499E-002  0.14621105049495742     
   3.0666665981213252E-002  0.14428103164876299     
   3.0999999307096005E-002  0.14201118750063760     
   3.1333332632978758E-002  0.13942542735260371     
   3.1666665958861515E-002  0.13655237997273753     
   3.1999999284744264E-002  0.13342515873152630     
   3.2333332610627014E-002  0.13008994610140695     
   3.2666665936509770E-002  0.12659159353534838     
   3.2999999262392520E-002  0.12296676599708617     
   3.3333332588275276E-002  0.11925398316691192     
   3.3666665914158025E-002  0.11549283497045795     
   3.3999999240040782E-002  0.11172305142412012     
   3.4333332565923531E-002  0.10798923195266465     
   3.4666665891806288E-002  0.10433240504031895     
   3.4999999217689037E-002  0.10078589976602248     
   3.5333332543571794E-002   9.7380884068495654E-002
   3.5666665869454543E-002   9.4145615584568521E-002
   3.5999999195337300E-002   9.1104886384926739E-002
   3.6333332521220049E-002   8.8283700764736059E-002
   3.6666665847102806E-002   8.5701652949738374E-002
   3.6999999172985555E-002   8.3370159135031305E-002
   3.7333332498868305E-002   8.1296632710758460E-002
   3.7666665824751061E-002   7.9484877823258901E-002
   3.7999999150633811E-002   7.7935683714279919E-002
   3.8333332476516567E-002   7.6649463066088205E-002
   3.8666665802399316E-002   7.5623830885580265E-002
   3.8999999128282073E-002   7.4852690950942574E-002
   3.9333332454164822E-002   7.4330205817945333E-002
   3.9666665780047579E-002   7.4051679929647576E-002
   3.9999999105930328E-002   7.4015183405512677E-002
