           0   3.0044274939885347        4897.8575372055648     
           1   1.3066300382613805        4021.0424540588638     
           2   1.0540498487298633        3683.5076134050519     
           3  0.43087503772831492        2423.2781790708323     
           4  0.43600295980632459        2435.5523972732080     
           5  0.22463015597829558        1778.4371238681601     
           6  0.28506933452063593        2006.1895014315137     
           7  0.27347888641193557        1946.2616263559569     
           8  0.27848066765417601        1982.0462859022796     
           9  0.44571228371107424        3385.2402513013276     
          10  0.47804551639746246        3709.6617599105066     
          11   3.6732318087917220        35183.989656021564     
          12   3.7643806861961018        36224.458313191826     
          13   3.8049813694617662        36747.981003815541     
          14   4.8861995960435953        52509.763844194829     
          15   7.0722982599546196        84915.205875661835     
          16   8.6913464188291538        110436.50519806320     
          17   17.419463860936830        250285.46093173558     
          18   56.357087268944248        878847.00775135902     
          19   86.006635055734947        1390489.8286946355     
          20   86.052756897564791        1391425.2314192560     
