           0   2.7733716913140567        3428.8277666675813     
           1   2.7710467758375334        3428.8327323834974     
           2   2.2337748360659777        984.26620342756883     
           3   2.2321321262626932        1503.7731562050583     
           4  0.87981932965249232        1310.5057764558499     
           5  0.73376299949689683        1943.3684131052255     
           6   1.5119114626209895        7260.3542555170170     
           7   1.4804329875252362        7369.9702855746073     
           8   2.0403189474220262        12623.310362228916     
           9   3.7713737757714987        28048.711140169700     
          10   14.051311652237002        123692.17606334605     
          11   16.033045413376531        144924.84471486261     
          12   16.103062206189236        145754.82713124304     
          13   24.030370387270199        253338.64895862329     
          14   35.773763478151864        413568.58865410968     
          15   35.775204753798626        413657.52513793478     
          16   53.768826253351172        767856.78128856595     
          17   81.607566064287568        1434621.3173407663     
          18   105.48073275206919        2450858.9456941038     
          19   107.69456979722881        2548217.4106127149     
          20   107.74603542123586        2669114.3448760132     
