   3.3333331843217230E-006   1077.2840313675617     
   3.2999999269843104E-004   1065.1744424705289     
   6.6333331858118379E-004   1022.7743160577854     
   9.9666664446393643E-004   977.55005705864642     
   1.3299999703466892E-003   950.34699198909311     
   1.6633332962294419E-003   949.04554746095573     
   1.9966666221121949E-003   969.90638724982693     
   2.3299999479949474E-003   1001.2987198705758     
   2.6633332738777004E-003   1028.8488270244275     
   2.9966665997604534E-003   1041.6029766821089     
   3.3299999256432059E-003   1036.4677077942135     
   3.6633332515259584E-003   1018.1432303162476     
   3.9966665774087114E-003   995.30674646270847     
   4.3299999032914644E-003   976.29648559521149     
   4.6633332291742165E-003   966.46035256651862     
   4.9966665550569694E-003   967.27554299722863     
   5.3299998809397224E-003   976.68254772281693     
   5.6633332068224754E-003   990.43390477936487     
   5.9966665327052283E-003   1004.2658197448698     
   6.3299998585879804E-003   1015.8928086159007     
   6.6633331844707334E-003   1025.3854240683424     
   6.9966665103534864E-003   1033.5674053538542     
   7.3299998362362385E-003   1039.5516241640266     
   7.6633331621189914E-003   1038.8375416373692     
   7.9966664880017444E-003   1022.9839756068033     
   8.3299998138844974E-003   981.68108275935617     
   8.6633331397672503E-003   907.33994145348436     
   8.9966664656500033E-003   800.03181894524516     
   9.3299997915327545E-003   668.75922493459234     
   9.6633331174155075E-003   527.51527367285746     
   9.9966664432982605E-003   389.53734033545669     
   1.0329999769181013E-002   264.04379765072213     
   1.0663333095063766E-002   156.27752005722689     
   1.0996666420946519E-002   69.022503964407477     
   1.1329999746829272E-002   3.7936501301787353     
   1.1663333072712025E-002  -38.937645263219657     
   1.1996666398594778E-002  -60.146725815279623     
   1.2329999724477530E-002  -62.579096403501460     
   1.2663333050360282E-002  -50.551365045770837     
   1.2996666376243035E-002  -29.335074806842492     
   1.3329999702125788E-002  -4.4942905656307159     
   1.3663333028008541E-002   18.635684320769379     
   1.3996666353891294E-002   35.452021776061166     
   1.4329999679774047E-002   42.780446761978773     
   1.4663333005656799E-002   39.736536312761658     
   1.4996666331539552E-002   28.331864810173133     
   1.5329999657422304E-002   13.231235390236295     
   1.5663332983305057E-002  0.41563520693938744     
   1.5996666309187810E-002  -4.8318777521426703     
   1.6329999635070563E-002  0.17834064627659904     
   1.6663332960953316E-002   14.418518567161952     
   1.6996666286836069E-002   33.148291855495039     
   1.7329999612718822E-002   49.252809756249327     
   1.7663332938601575E-002   55.830028794429168     
   1.7996666264484328E-002   49.184408788896029     
   1.8329999590367081E-002   30.671593452437335     
   1.8663332916249831E-002   6.2294715689703173     
   1.8996666242132584E-002  -16.127880671472301     
   1.9329999568015337E-002  -29.491905770709142     
   1.9663332893898090E-002  -30.598749712308820     
   1.9996666219780843E-002  -20.930928425292777     
   2.0329999545663596E-002  -5.9929965282260698     
   2.0663332871546349E-002   7.0680319608369260     
   2.0996666197429101E-002   12.463444456022575     
   2.1329999523311854E-002   7.9087879617418455     
   2.1663332849194607E-002  -4.9614518473002143     
   2.1996666175077360E-002  -21.706137035464383     
   2.2329999500960113E-002  -36.916141305375980     
   2.2663332826842866E-002  -46.029832603287822     
   2.2996666152725619E-002  -46.629346478507479     
   2.3329999478608372E-002  -38.922758187012626     
   2.3663332804491125E-002  -25.348902154690812     
   2.3996666130373878E-002  -9.5547161079775869     
   2.4329999456256628E-002   4.7814965325565870     
   2.4663332782139381E-002   14.849692871772662     
   2.4996666108022134E-002   19.146140252309674     
   2.5329999433904887E-002   17.501025727032676     
   2.5663332759787640E-002   10.841589530458792     
   2.5996666085670393E-002  0.82688338916713777     
   2.6329999411553145E-002  -10.526308148972280     
   2.6663332737435898E-002  -21.094574868350879     
   2.6996666063318651E-002  -28.656889486488694     
   2.7329999389201404E-002  -30.640942507756787     
   2.7663332715084157E-002  -23.753515443471048     
   2.7996666040966910E-002  -3.8006292372420076     
   2.8329999366849663E-002   33.933798744760345     
   2.8663332692732416E-002   93.540140916314584     
   2.8996666018615169E-002   176.84545070906807     
   2.9329999344497919E-002   282.16394629057572     
   2.9663332670380672E-002   404.33059119041098     
   2.9996665996263425E-002   536.00251854615067     
   3.0329999322146178E-002   669.22384068835981     
   3.0663332648028931E-002   796.28116509078609     
   3.0996665973911684E-002   909.77712340605819     
   3.1329999299794437E-002   1002.6229337707538     
   3.1663332625677193E-002   1068.7114040864144     
   3.1996665951559942E-002   1104.4116552743255     
   3.2329999277442692E-002   1110.1424707641911     
   3.2663332603325448E-002   1090.8842945011490     
   3.2996665929208198E-002   1055.1118496228348     
   3.3329999255090954E-002   1012.7364382748322     
   3.3663332580973704E-002   973.11097777057910     
   3.3996665906856460E-002   943.68732150083724     
   3.4329999232739210E-002   929.24900614309445     
   3.4663332558621966E-002   931.41844096984323     
   3.4996665884504716E-002   948.36374433808214     
   3.5329999210387472E-002   974.95897668107818     
   3.5663332536270222E-002   1003.7421377714222     
   3.5996665862152978E-002   1026.7289674161659     
   3.6329999188035728E-002   1037.6465297545312     
   3.6663332513918484E-002   1033.8277507511104     
   3.6996665839801234E-002   1017.0894809797115     
   3.7329999165683983E-002   993.26328704484752     
   3.7663332491566739E-002   970.40041386248447     
   3.7996665817449489E-002   956.03311555123582     
   3.8329999143332245E-002   954.38618128966482     
   3.8663332469214995E-002   964.82291332643172     
   3.8996665795097751E-002   982.40934100474260     
   3.9329999120980501E-002   1000.2554223976629     
   3.9663332446863257E-002   1012.3058628456266     
   3.9996665772746007E-002   1015.3563271750248     
