   3.3333333333333333E-006   476.10485138687733     
   3.3000000000000000E-004   473.27803816376326     
   6.6333333333333327E-004   468.06853724683612     
   9.9666666666666675E-004   461.10442675462423     
   1.3300000000000000E-003   453.32716356862340     
   1.6633333333333333E-003   445.72109029318665     
   1.9966666666666666E-003   439.03800435457930     
   2.3299999999999996E-003   433.63288275695896     
   2.6633333333333331E-003   429.42950252906007     
   2.9966666666666666E-003   425.99885152119447     
   3.3299999999999996E-003   422.72222670703906     
   3.6633333333333331E-003   418.99931443213603     
   3.9966666666666666E-003   414.44065750742067     
   4.3299999999999996E-003   408.97433098175981     
   4.6633333333333327E-003   402.82438274643812     
   4.9966666666666666E-003   396.37778846344258     
   5.3299999999999997E-003   390.00707914266121     
   5.6633333333333327E-003   383.92445827638562     
   5.9966666666666666E-003   378.11552380099647     
   6.3299999999999997E-003   372.36383891146085     
   6.6633333333333327E-003   366.34856498762105     
   6.9966666666666667E-003   359.77674045448134     
   7.3299999999999997E-003   352.49934709548347     
   7.6633333333333328E-003   344.56438959095431     
   7.9966666666666675E-003   336.18708971801158     
   8.3300000000000006E-003   327.65591817087454     
   8.6633333333333336E-003   319.21988009233922     
   8.9966666666666667E-003   311.00311466785024     
   9.3299999999999998E-003   302.97407769965861     
   9.6633333333333345E-003   294.97390184192341     
   9.9966666666666676E-003   286.79068272851492     
   1.0330000000000001E-002   278.25365914148512     
   1.0663333333333334E-002   269.31396509735748     
   1.0996666666666667E-002   260.08194659435054     
   1.1330000000000000E-002   250.80844676128729     
   1.1663333333333333E-002   241.82204258451316     
   1.1996666666666668E-002   233.45110480882406     
   1.2330000000000001E-002   225.95932868629569     
   1.2663333333333334E-002   219.51014649634533     
   1.2996666666666667E-002   214.16065745699328     
   1.3330000000000000E-002   209.87735440325267     
   1.3663333333333333E-002   201.06136404425419     
   1.3996666666666668E-002   193.45722669789228     
   1.4330000000000001E-002   187.09472243543900     
   1.4663333333333334E-002   181.98172235059593     
   1.4996666666666667E-002   178.15648557758843     
   1.5330000000000000E-002   175.67822457248613     
   1.5663333333333331E-002   174.61602910041040     
   1.5996666666666666E-002   175.03828809886980     
   1.6329999999999997E-002   177.00396398119773     
   1.6663333333333332E-002   180.55620329650051     
   1.6996666666666663E-002   185.71804887215563     
   1.7329999999999998E-002   192.48960867317390     
   1.7663333333333333E-002   200.84596284589216     
   1.7996666666666664E-002   210.73527565035243     
   1.8329999999999999E-002   222.07690004732868     
   1.8663333333333330E-002   234.75959978854399     
   1.8996666666666665E-002   248.64027470580191     
   1.9330000000000000E-002   263.54369977754959     
   1.9663333333333331E-002   279.26374945141703     
   1.9996666666666666E-002   295.56638117125510     
   2.0329999999999997E-002   312.19433916306951     
   2.0663333333333332E-002   328.87319075617711     
   2.0996666666666663E-002   345.31802514618101     
   2.1329999999999998E-002   361.24002620365457     
   2.1663333333333333E-002   376.35223621678290     
   2.1996666666666664E-002   390.37415203844211     
   2.2329999999999999E-002   403.03526516627960     
   2.2663333333333330E-002   414.07814658334956     
   2.2996666666666665E-002   423.26203946355008     
   2.3329999999999997E-002   430.36802742632011     
   2.3663333333333331E-002   435.20660844955063     
   2.3996666666666666E-002   437.62791121362119     
   2.4329999999999997E-002   437.53391908660728     
   2.4663333333333332E-002   434.89109702997246     
   2.4996666666666664E-002   429.74101683055250     
   2.5329999999999998E-002   422.20624518689573     
   2.5663333333333333E-002   412.48912168838967     
   2.5996666666666664E-002   400.86214076512266     
   2.6329999999999999E-002   387.65023487100507     
   2.6663333333333331E-002   373.20689469697868     
   2.6996666666666665E-002   357.12367198627811     
   2.7329999999999997E-002   340.40671318296137     
   2.7663333333333331E-002   323.36815223929113     
   2.7996666666666666E-002   306.24034140021359     
   2.8329999999999998E-002   289.17340554846368     
   2.8663333333333332E-002   272.23968937947700     
   2.8996666666666664E-002   255.45037018132010     
   2.9329999999999998E-002   238.78037480899582     
   2.9663333333333330E-002   222.19646877116406     
   2.9996666666666665E-002   205.68273356185722     
   3.0329999999999999E-002   189.25792760753984     
   3.0663333333333331E-002   172.98088881820024     
   3.0996666666666665E-002   156.94323283020756     
   3.1329999999999997E-002   141.25233920592856     
   3.1663333333333328E-002   126.01054762084097     
   3.1996666666666666E-002   111.29732873832853     
   3.2329999999999998E-002   97.159672651323334     
   3.2663333333333329E-002   83.612874132305407     
   3.2996666666666667E-002   70.650552302676886     
   3.3329999999999999E-002   58.260087325300226     
   3.3663333333333330E-002   46.438150705697034     
   3.3996666666666661E-002   35.200905150673854     
   3.4329999999999999E-002   24.585035327767635     
   3.4663333333333331E-002   14.639043720704626     
   3.4996666666666662E-002   5.4083099074160330     
   3.5330000000000000E-002  -3.0795835987319728     
   3.5663333333333332E-002  -10.822549291365418     
   3.5996666666666663E-002  -17.840825727895343     
   3.6330000000000001E-002  -24.163412650716843     
   3.6663333333333332E-002  -29.808610680853647     
   3.6996666666666664E-002  -34.765929037044408     
   3.7329999999999995E-002  -38.987954360115189     
   3.7663333333333333E-002  -42.399875456927077     
   3.7996666666666665E-002  -44.929233580883952     
   3.8329999999999996E-002  -46.548288242138966     
   3.8663333333333334E-002  -47.310733537821207     
   3.8996666666666666E-002  -47.362936562941137     
   3.9329999999999997E-002  -46.922340313423206     
   3.9663333333333328E-002  -46.233713290678281     
   3.9996666666666666E-002  -45.522758485613366     
