   3.3333331843217230E-006   523.10706313618050     
   3.2999999269843104E-004   524.27374452650906     
   6.6333331858118379E-004   522.79251566710923     
   9.9666664446393643E-004   518.57543207862375     
   1.3299999703466892E-003   511.80626996176699     
   1.6633332962294419E-003   502.87072979440433     
   1.9966666221121949E-003   492.29725023300284     
   2.3299999479949474E-003   480.67159832934203     
   2.6633332738777004E-003   468.54402646779164     
   2.9966665997604534E-003   456.34735430617201     
   3.3299999256432059E-003   444.33945879185507     
   3.6633332515259584E-003   432.57815385796522     
   3.9966665774087114E-003   420.93275320013259     
   4.3299999032914644E-003   409.13397384241176     
   4.6633332291742165E-003   396.85882609897226     
   4.9966665550569694E-003   383.83673581166329     
   5.3299998809397224E-003   369.94936443480367     
   5.6633332068224754E-003   355.28868421185973     
   5.9966665327052283E-003   340.14683276528433     
   6.3299998585879804E-003   324.93797079455805     
   6.6633331844707334E-003   310.08205568005440     
   6.9966665103534864E-003   295.89410730288478     
   7.3299998362362385E-003   282.51428818358477     
   7.6633331621189914E-003   269.89412957964760     
   7.9966664880017444E-003   257.83573482776114     
   8.3299998138844974E-003   246.06855411333950     
   8.6633331397672503E-003   234.34001190774356     
   8.9966664656500033E-003   222.49111820852235     
   9.3299997915327545E-003   210.49111270259496     
   9.6633331174155075E-003   198.42061461777854     
   9.9966664432982605E-003   186.41543218385132     
   1.0329999769181013E-002   174.59933050628294     
   1.0663333095063766E-002   163.03398362111793     
   1.0996666420946519E-002   151.70117002609737     
   1.1329999746829272E-002   140.51664227640873     
   1.1663333072712025E-002   129.36472690541726     
   1.1996666398594778E-002   118.13890322275040     
   1.2329999724477530E-002   106.77466937554399     
   1.2663333050360282E-002   95.265558612555552     
   1.2996666376243035E-002   83.660108157448008     
   1.3329999702125788E-002   72.044667875997533     
   1.3663333028008541E-002   60.521138195242827     
   1.3996666353891294E-002   49.188368795589291     
   1.4329999679774047E-002   38.132058166081841     
   1.4663333005656799E-002   27.423293079428714     
   1.4996666331539552E-002   17.122671579159196     
   1.5329999657422304E-002   7.2860200108357187     
   1.5663332983305057E-002  -2.0314691147023516     
   1.5996666309187810E-002  -10.774230268304306     
   1.6329999635070563E-002  -18.888376723414872     
   1.6663332960953316E-002  -26.325602917541726     
   1.6996666286836069E-002  -33.047281520383343     
   1.7329999612718822E-002  -39.027296507141351     
   1.7663332938601575E-002  -44.252772007198836     
   1.7996666264484328E-002  -48.722595170810266     
   1.8329999590367081E-002  -52.444231337840819     
   1.8663332916249831E-002  -55.429658020842055     
   1.8996666242132584E-002  -57.691300618419227     
   1.9329999568015337E-002  -59.238719726955260     
   1.9663332893898090E-002  -60.076575402248864     
   1.9996666219780843E-002  -60.204145478733359     
   2.0329999545663596E-002  -59.616428303626343     
   2.0663332871546349E-002  -58.306612546747353     
   2.0996666197429101E-002  -56.269446382178636     
   2.1329999523311854E-002  -53.504811893830556     
   2.1663332849194607E-002  -50.020675294860347     
   2.1996666175077360E-002  -45.834631588174297     
   2.2329999500960113E-002  -40.973563445558149     
   2.2663332826842866E-002  -35.471474929835161     
   2.2996666152725619E-002  -29.366207464089236     
   2.3329999478608372E-002  -22.696265301849362     
   2.3663332804491125E-002  -15.499118344846970     
   2.3996666130373878E-002  -7.8119386686244807     
   2.4329999456256628E-002  0.32525097831131305     
   2.4663332782139381E-002   8.8653799080679754     
   2.4996666108022134E-002   17.751675099413781     
   2.5329999433904887E-002   26.919522771771963     
   2.5663332759787640E-002   36.304632536334438     
   2.5996666085670393E-002   45.856439105617497     
   2.6329999411553145E-002   55.552249665775683     
   2.6663332737435898E-002   65.405650556278516     
   2.6996666063318651E-002   75.463718995698301     
   2.7329999389201404E-002   85.791536020200240     
   2.7663332715084157E-002   96.447699593012914     
   2.7996666040966910E-002   107.45907553969964     
   2.8329999366849663E-002   118.80547238247516     
   2.8663332692732416E-002   130.42384565778084     
   2.8996666018615169E-002   142.23547168775460     
   2.9329999344497919E-002   154.18867560141777     
   2.9663332670380672E-002   166.29908316143042     
   2.9996665996263425E-002   178.66674075971702     
   3.0329999322146178E-002   191.45840433433028     
   3.0663332648028931E-002   204.85864538018933     
   3.0996665973911684E-002   219.00586739172130     
   3.1329999299794437E-002   233.93402690917117     
   3.1663332625677193E-002   249.53925181612934     
   3.1996665951559942E-002   265.58503872295074     
   3.2329999277442692E-002   281.74975626015726     
   3.2663332603325448E-002   297.70512098774839     
   3.2996665929208198E-002   313.19894697301987     
   3.3329999255090954E-002   328.10990191262158     
   3.3663332580973704E-002   342.45282203601619     
   3.3996665906856460E-002   356.33508343575272     
   3.4329999232739210E-002   369.88395418879242     
   3.4663332558621966E-002   383.17188735587933     
   3.4996665884504716E-002   396.16198895717173     
   3.5329999210387472E-002   408.68625101155931     
   3.5663332536270222E-002   420.46003637360479     
   3.5996665862152978E-002   431.12895032321387     
   3.6329999188035728E-002   440.33774072194393     
   3.6663332513918484E-002   447.80534932843364     
   3.6996665839801234E-002   453.38777462274294     
   3.7329999165683983E-002   457.11334937497395     
   3.7663332491566739E-002   459.18338481657412     
   3.7996665817449489E-002   459.94161700164148     
   3.8329999143332245E-002   459.82384573061137     
   3.8663332469214995E-002   459.30158658260723     
   3.8996665795097751E-002   458.83070127189814     
   3.9329999120980501E-002   458.81040909926560     
   3.9663332446863257E-002   459.55268767517509     
   3.9996665772746007E-002   461.25860556046450     
