   3.3333331843217230E-006   490.74459172453157     
   3.2999999269843104E-004   488.71961232303607     
   6.6333331858118379E-004   483.35560054885411     
   9.9666664446393643E-004   475.48196269781624     
   1.3299999703466892E-003   466.45003444335231     
   1.6633332962294419E-003   457.65029631326644     
   1.9966666221121949E-003   450.08727345002393     
   2.3299999479949474E-003   444.14875419702634     
   2.6633332738777004E-003   439.58165536971609     
   2.9966665997604534E-003   435.63968887844533     
   3.3299999256432059E-003   431.36315659486104     
   3.6633332515259584E-003   425.92666222857525     
   3.9966665774087114E-003   418.93794080509417     
   4.3299999032914644E-003   410.55406942091145     
   4.6633332291742165E-003   401.35897054501800     
   4.9966665550569694E-003   392.07733707641489     
   5.3299998809397224E-003   383.27546600647537     
   5.6633332068224754E-003   375.17223666901981     
   5.9966665327052283E-003   367.60707042698016     
   6.3299998585879804E-003   360.15074160771746     
   6.6633331844707334E-003   352.30975975447870     
   6.9966665103534864E-003   343.74803938527594     
   7.3299998362362385E-003   334.43521243076475     
   7.6633331621189914E-003   324.65680228914994     
   7.9966664880017444E-003   314.89063894143698     
   8.3299998138844974E-003   305.62080768713753     
   8.6633331397672503E-003   297.17651515262673     
   8.9966664656500033E-003   289.65006419245185     
   9.3299997915327545E-003   282.90415908908921     
   9.6633331174155075E-003   276.65095295086485     
   9.9966664432982605E-003   270.57218201281268     
   1.0329999769181013E-002   264.44131465193095     
   1.0663333095063766E-002   258.20605639630543     
   1.0996666420946519E-002   252.00274646970064     
   1.1329999746829272E-002   246.10369305783743     
   1.1663333072712025E-002   240.82731095379083     
   1.1996666398594778E-002   236.45001886932624     
   1.2329999724477530E-002   233.14652023418472     
   1.2663333050360282E-002   230.96538260426257     
   1.2996666376243035E-002   229.83321893688975     
   1.3329999702125788E-002   229.57659795489741     
   1.3663333028008541E-002   223.96823961165745     
   1.3996666353891294E-002   218.81889606088882     
   1.4329999679774047E-002   214.04226681056460     
   1.4663333005656799E-002   209.56551641941965     
   1.4996666331539552E-002   205.38993807853498     
   1.5329999657422304E-002   201.58322080692531     
   1.5663332983305057E-002   198.26650913960901     
   1.5996666309187810E-002   195.59896341624798     
   1.6329999635070563E-002   193.76240973235761     
   1.6663332960953316E-002   192.94795650244259     
   1.6996666286836069E-002   193.34542770013044     
   1.7329999612718822E-002   195.13544591197746     
   1.7663332938601575E-002   198.48322142978796     
   1.7996666264484328E-002   203.53266487396832     
   1.8329999590367081E-002   210.39934922569927     
   1.8663332916249831E-002   219.16108967252637     
   1.8996666242132584E-002   229.84549689675521     
   1.9329999568015337E-002   242.41482297893558     
   1.9663332893898090E-002   256.74975149233171     
   1.9996666219780843E-002   272.63532873037479     
   2.0329999545663596E-002   289.75357304537818     
   2.0663332871546349E-002   307.68773458177697     
   2.0996666197429101E-002   325.94193475023025     
   2.1329999523311854E-002   343.97662597449778     
   2.1663332849194607E-002   361.25556808605432     
   2.1996666175077360E-002   377.29552074918098     
   2.2329999500960113E-002   391.70776159072017     
   2.2663332826842866E-002   404.22219938297263     
   2.2996666152725619E-002   414.68978600856872     
   2.3329999478608372E-002   423.06501795281622     
   2.3663332804491125E-002   429.37507613513986     
   2.3996666130373878E-002   433.68413033926299     
   2.4329999456256628E-002   436.06060571567861     
   2.4663332782139381E-002   436.55286468014776     
   2.4996666108022134E-002   435.17602661022374     
   2.5329999433904887E-002   431.91030325904364     
   2.5663332759787640E-002   426.70948971799743     
   2.5996666085670393E-002   419.51701621852823     
   2.6329999411553145E-002   410.28610607549859     
   2.6663332737435898E-002   399.00012732458134     
   2.6996666063318651E-002   384.07802697419510     
   2.7329999389201404E-002   367.46489779796951     
   2.7663332715084157E-002   349.55269202071810     
   2.7996666040966910E-002   330.62464739917687     
   2.8329999366849663E-002   310.86655631206941     
   2.8663332692732416E-002   290.39478409695170     
   2.8996666018615169E-002   269.30538878959567     
   2.9329999344497919E-002   247.72701901457040     
   2.9663332670380672E-002   225.85916800761112     
   2.9996665996263425E-002   203.98186612023531     
   3.0329999322146178E-002   182.43313125414065     
   3.0663332648028931E-002   161.56297869707990     
   3.0996665973911684E-002   141.68139640923184     
   3.1329999299794437E-002   123.01799110029766     
   3.1663332625677193E-002   105.70380122043461     
   3.1996665951559942E-002   89.776065307845215     
   3.2329999277442692E-002   75.199534344115278     
   3.2663332603325448E-002   61.895165434659390     
   3.2996665929208198E-002   49.767795247805118     
   3.3329999255090954E-002   38.726839138608774     
   3.3663332580973704E-002   28.696991909414791     
   3.3996665906856460E-002   19.618899831036035     
   3.4329999232739210E-002   11.442536564386218     
   3.4663332558621966E-002   4.1178879082946684     
   3.4996665884504716E-002  -2.4122224589052847     
   3.5329999210387472E-002  -8.2138755438648783     
   3.5663332536270222E-002  -13.357591266478702     
   3.5996665862152978E-002  -17.909212741310451     
   3.6329999188035728E-002  -21.919175994862876     
   3.6663332513918484E-002  -25.413845070638651     
   3.6996665839801234E-002  -28.392618846052802     
   3.7329999165683983E-002  -30.833680380715951     
   3.7663332491566739E-002  -32.708884344086101     
   3.7996665817449489E-002  -34.004285755944885     
   3.8329999143332245E-002  -34.738957185010264     
   3.8663332469214995E-002  -34.974109780494473     
   3.8996665795097751E-002  -34.808640214721123     
   3.9329999120980501E-002  -34.363664483031329     
   3.9663332446863257E-002  -33.762857860088246     
   3.9996665772746007E-002  -33.115180302882045     
