   3.3333331843217230E-006   600.38719350602730     
   3.2999999269843104E-004   601.75066393540214     
   6.6333331858118379E-004   599.73133949408441     
   9.9666664446393643E-004   594.23556654294066     
   1.3299999703466892E-003   585.49852288654881     
   1.6633332962294419E-003   573.99979700896131     
   1.9966666221121949E-003   560.39438697539526     
   2.3299999479949474E-003   545.41277648528455     
   2.6633332738777004E-003   529.75187893987720     
   2.9966665997604534E-003   513.97835211977656     
   3.3299999256432059E-003   498.46001831532777     
   3.6633332515259584E-003   483.33425459194359     
   3.9966665774087114E-003   468.51743583385115     
   4.3299999032914644E-003   453.75659317873419     
   4.6633332291742165E-003   438.71995380894737     
   4.9966665550569694E-003   423.11318876734015     
   5.3299998809397224E-003   406.79374759980783     
   5.6633332068224754E-003   389.84519912301863     
   5.9966665327052283E-003   372.57948767457066     
   6.3299998585879804E-003   355.46147297354605     
   6.6633331844707334E-003   338.98382807684345     
   6.9966665103534864E-003   323.53963834550211     
   7.3299998362362385E-003   309.33462478930591     
   7.6633331621189914E-003   296.35973334478530     
   7.9966664880017444E-003   284.42368871920974     
   8.3299998138844974E-003   273.23147425563798     
   8.6633331397672503E-003   262.48594520142694     
   8.9966664656500033E-003   251.98269562274677     
   9.3299997915327545E-003   241.66686317687873     
   9.6633331174155075E-003   231.63234611440473     
   9.9966664432982605E-003   222.06815230331540     
   1.0329999769181013E-002   213.17950595250787     
   1.0663333095063766E-002   205.11791640893196     
   1.0996666420946519E-002   197.94320111123449     
   1.1329999746829272E-002   191.62264461641394     
   1.1663333072712025E-002   186.05911553453481     
   1.1996666398594778E-002   181.13411458857917     
   1.2329999724477530E-002   176.75105415012294     
   1.2663333050360282E-002   172.86637822417984     
   1.2996666376243035E-002   169.50106081974511     
   1.3329999702125788E-002   166.73203081277907     
   1.3663333028008541E-002   164.66975650913014     
   1.3996666353891294E-002   163.43152800091764     
   1.4329999679774047E-002   163.11881266918243     
   1.4663333005656799E-002   163.80310518529964     
   1.4996666331539552E-002   165.52067291638755     
   1.5329999657422304E-002   168.27422004938148     
   1.5663332983305057E-002   172.03887401424097     
   1.5996666309187810E-002   176.77026631598471     
   1.6329999635070563E-002   182.41306313667744     
   1.6663332960953316E-002   188.90872849950179     
   1.6996666286836069E-002   196.20156621634393     
   1.7329999612718822E-002   204.24232256056663     
   1.7663332938601575E-002   212.98893650568647     
   1.7996666264484328E-002   222.40439086252573     
   1.8329999590367081E-002   232.45197237322526     
   1.8663332916249831E-002   243.08852826148052     
   1.8996666242132584E-002   254.25650546494359     
   1.9329999568015337E-002   265.87572530973796     
   1.9663332893898090E-002   277.83604023879127     
   1.9996666219780843E-002   289.99225633413005     
   2.0329999545663596E-002   302.16291372275225     
   2.0663332871546349E-002   314.13451866736557     
   2.0996666197429101E-002   325.67236318946306     
   2.1329999523311854E-002   336.53792672430251     
   2.1663332849194607E-002   346.51101412506210     
   2.1996666175077360E-002   355.41262234757573     
   2.2329999500960113E-002   363.12285203279174     
   2.2663332826842866E-002   369.58797478391295     
   2.2996666152725619E-002   374.81268261616100     
   2.3329999478608372E-002   378.83743180048361     
   2.3663332804491125E-002   381.70565039320712     
   2.3996666130373878E-002   383.42998931515609     
   2.4329999456256628E-002   383.96940790391221     
   2.4663332782139381E-002   383.22847785295090     
   2.4996666108022134E-002   381.08560721261614     
   2.5329999433904887E-002   377.44717162060630     
   2.5663332759787640E-002   372.31145930432189     
   2.5996666085670393E-002   365.81584360917969     
   2.6329999411553145E-002   358.24109522776092     
   2.6663332737435898E-002   349.96213908461323     
   2.6996666063318651E-002   341.35818793836302     
   2.7329999389201404E-002   332.71338302690123     
   2.7663332715084157E-002   324.14266958569010     
   2.7996666040966910E-002   315.56836012346002     
   2.8329999366849663E-002   306.75767020039922     
   2.8663332692732416E-002   297.41382644410288     
   2.8996666018615169E-002   287.29312659474078     
   2.9329999344497919E-002   276.30308362262309     
   2.9663332670380672E-002   264.53695063451835     
   2.9996665996263425E-002   252.22717332115803     
   3.0329999322146178E-002   239.64175689321564     
   3.0663332648028931E-002   226.97414942110328     
   3.0996665973911684E-002   214.27282650774822     
   3.1329999299794437E-002   201.43174831189600     
   3.1663332625677193E-002   188.23741335049326     
   3.1996665951559942E-002   174.45188099570336     
   3.2329999277442692E-002   159.90234856951841     
   3.2663332603325448E-002   144.54558899296913     
   3.2996665929208198E-002   128.48390843201642     
   3.3329999255090954E-002   111.92989739175653     
   3.3663332580973704E-002   95.140807716159173     
   3.3996665906856460E-002   78.354719678402716     
   3.4329999232739210E-002   61.753416599582422     
   3.4663332558621966E-002   45.459074447230513     
   3.4996665884504716E-002   29.556295107671879     
   3.5329999210387472E-002   14.124188000599313     
   3.5663332536270222E-002 -0.73598691180885190     
   3.5996665862152978E-002  -14.887412680061104     
   3.6329999188035728E-002  -28.162362591567824     
   3.6663332513918484E-002  -40.382654369527309     
   3.6996665839801234E-002  -51.388646331421128     
   3.7329999165683983E-002  -61.067061527103398     
   3.7663332491566739E-002  -69.369071834440362     
   3.7996665817449489E-002  -76.314230384965086     
   3.8329999143332245E-002  -81.980885990827474     
   3.8663332469214995E-002  -86.487340656896237     
   3.8996665795097751E-002  -89.969114039549410     
   3.9329999120980501E-002  -92.556653609541272     
   3.9663332446863257E-002  -94.355874477708724     
   3.9996665772746007E-002  -95.432159766572013     
