   3.3333331843217230E-006   442.59611276201707     
   3.2999999269843104E-004   439.22831833913500     
   6.6333331858118379E-004   432.97355443359555     
   9.9666664446393643E-004   424.67907535645332     
   1.3299999703466892E-003   415.55594864332386     
   1.6633332962294419E-003   406.79465207833402     
   1.9966666221121949E-003   399.21952367646816     
   2.3299999479949474E-003   393.11581582478533     
   2.6633332738777004E-003   388.22710206506133     
   2.9966665997604534E-003   383.88919825339281     
   3.3299999256432059E-003   379.26874807346684     
   3.6633332515259584E-003   373.65563040275174     
   3.9966665774087114E-003   366.71292515977865     
   4.3299999032914644E-003   358.57251151936430     
   4.6633332291742165E-003   349.72977741663357     
   4.9966665550569694E-003   340.80187520124377     
   5.3299998809397224E-003   332.27605210900782     
   5.6633332068224754E-003   324.34880522599775     
   5.9966665327052283E-003   316.89124158244647     
   6.3299998585879804E-003   309.52810557832748     
   6.6633331844707334E-003   301.79537569653064     
   6.9966665103534864E-003   293.32374049861028     
   7.3299998362362385E-003   283.97904344340822     
   7.6633331621189914E-003   273.89915178054156     
   7.9966664880017444E-003   263.41450821259548     
   8.3299998138844974E-003   252.89992781636900     
   8.6633331397672503E-003   242.63193345783512     
   8.9966664656500033E-003   232.70616235806239     
   9.3299997915327545E-003   223.03079447173394     
   9.6633331174155075E-003   213.38365491175247     
   9.9966664432982605E-003   203.50753211721346     
   1.0329999769181013E-002   193.21139516589605     
   1.0663333095063766E-002   182.44196187447631     
   1.0996666420946519E-002   171.29834018949006     
   1.1329999746829272E-002   159.98663798712803     
   1.1663333072712025E-002   148.73959595315901     
   1.1996666398594778E-002   137.73871013982543     
   1.2329999724477530E-002   127.06645163699525     
   1.2663333050360282E-002   116.69603474267490     
   1.2996666376243035E-002   106.51110064479754     
   1.3329999702125788E-002   96.342983243490011     
   1.3663333028008541E-002   83.566019162873133     
   1.3996666353891294E-002   71.235389842815508     
   1.4329999679774047E-002   59.348243541119864     
   1.4663333005656799E-002   47.914965602491790     
   1.4996666331539552E-002   36.974381881882067     
   1.5329999657422304E-002   26.579035943745769     
   1.5663332983305057E-002   16.782173979245549     
   1.5996666309187810E-002   7.6285489083674474     
   1.6329999635070563E-002 -0.85021245056244377     
   1.6663332960953316E-002  -8.6361467507736478     
   1.6996666286836069E-002  -15.722616105196282     
   1.7329999612718822E-002  -22.110539593938881     
   1.7663332938601575E-002  -27.804459097314218     
   1.7996666264484328E-002  -32.809314706484962     
   1.8329999590367081E-002  -37.128374703800233     
   1.8663332916249831E-002  -40.762395650403178     
   1.8996666242132584E-002  -43.709820646172091     
   1.9329999568015337E-002  -45.967664312022315     
   1.9663332893898090E-002  -47.532673558272457     
   1.9996666219780843E-002  -48.402381410643208     
   2.0329999545663596E-002  -48.575770427732074     
   2.0663332871546349E-002  -48.053408811215697     
   2.0996666197429101E-002  -46.837085193550259     
   2.1329999523311854E-002  -44.929113546078838     
   2.1663332849194607E-002  -42.331578410791288     
   2.1996666175077360E-002  -39.045824124338331     
   2.2329999500960113E-002  -35.072454306831197     
   2.2663332826842866E-002  -30.412005481729238     
   2.2996666152725619E-002  -25.066305335342541     
   2.3329999478608372E-002  -19.040342224608402     
   2.3663332804491125E-002  -12.344285627598586     
   2.3996666130373878E-002  -4.9951436488296164     
   2.4329999456256628E-002   2.9825329121314303     
   2.4663332782139381E-002   11.557447999142617     
   2.4996666108022134E-002   20.694222194822473     
   2.5329999433904887E-002   30.357967421603998     
   2.5663332759787640E-002   40.520437334035535     
   2.5996666085670393E-002   51.167051612294152     
   2.6329999411553145E-002   62.303839346779569     
   2.6663332737435898E-002   73.963254484985143     
   2.6996666063318651E-002   85.040512248022893     
   2.7329999389201404E-002   96.307891393679299     
   2.7663332715084157E-002   107.83719353991194     
   2.7996666040966910E-002   119.69692861183262     
   2.8329999366849663E-002   131.94492182306311     
   2.8663332692732416E-002   144.61242157088807     
   2.8996666018615169E-002   157.69259359943371     
   2.9329999344497919E-002   171.13674383922606     
   2.9663332670380672E-002   184.86074502669109     
   2.9996665996263425E-002   198.76189653292505     
   3.0329999322146178E-002   212.74299651661201     
   3.0663332648028931E-002   226.73694670940429     
   3.0996665973911684E-002   240.72355730795798     
   3.1329999299794437E-002   254.73164105921674     
   3.1663332625677193E-002   268.82368564234650     
   3.1996665951559942E-002   283.06567302165024     
   3.2329999277442692E-002   297.48913119834589     
   3.2663332603325448E-002   312.05536731543589     
   3.2996665929208198E-002   326.63297508527052     
   3.3329999255090954E-002   340.99882456841868     
   3.3663332580973704E-002   354.86861185215304     
   3.3996665906856460E-002   367.95449452326841     
   3.4329999232739210E-002   380.03559493054655     
   3.4663332558621966E-002   391.01735891259597     
   3.4996665884504716E-002   400.95471650731224     
   3.5329999210387472E-002   410.02454354308304     
   3.5663332536270222E-002   418.45038093485539     
   3.5996665862152978E-002   426.39793316319020     
   3.6329999188035728E-002   433.86816053635266     
   3.6663332513918484E-002   440.61727706191652     
   3.6996665839801234E-002   446.13362314125072     
   3.7329999165683983E-002   449.69896354268690     
   3.7663332491566739E-002   450.54690455852915     
   3.7996665817449489E-002   448.09457973633903     
   3.8329999143332245E-002   442.17424548093345     
   3.8663332469214995E-002   433.16439994243126     
   3.8996665795097751E-002   421.95205237107888     
   3.9329999120980501E-002   409.73993823025216     
   3.9663332446863257E-002   397.78495053543145     
   3.9996665772746007E-002   387.16440957886090     
