   3.3333333333333333E-006   93.375264765711961     
   3.3000000000000000E-004   93.570403012817764     
   6.6333333333333327E-004   94.163458869851098     
   9.9666666666666675E-004   95.153450518633136     
   1.3300000000000000E-003   96.538734271112148     
   1.6633333333333333E-003   98.317000186534102     
   1.9966666666666666E-003   100.48526600197677     
   2.3299999999999996E-003   103.03986945053177     
   2.6633333333333331E-003   105.97645906339797     
   2.9966666666666666E-003   109.28998357461552     
   3.3299999999999996E-003   112.97468007018838     
   3.6633333333333331E-003   117.02406104695193     
   3.9966666666666666E-003   121.43090057074961     
   4.3299999999999996E-003   126.18721974827197     
   4.6633333333333327E-003   131.28427175219707     
   4.9966666666666666E-003   136.71252666495937     
   5.3299999999999997E-003   142.46165643238345     
   5.6633333333333327E-003   148.52052024434391     
   5.9966666666666666E-003   154.87715068525785     
   6.3299999999999997E-003   161.51874102225582     
   6.6633333333333327E-003   168.43163402288732     
   6.9966666666666667E-003   175.60131271673447     
   7.3299999999999997E-003   183.01239353578191     
   7.6633333333333328E-003   190.64862228622448     
   7.9966666666666675E-003   198.49287341891304     
   8.3300000000000006E-003   206.52715307613045     
   8.6633333333333336E-003   214.73260639808962     
   8.9966666666666667E-003   223.08952957265615     
   9.3299999999999998E-003   231.57738710552425     
   9.6633333333333345E-003   240.17483477459751     
   9.9966666666666676E-003   248.85974871089337     
   1.0330000000000001E-002   257.60926101816176     
   1.0663333333333334E-002   266.39980230397413     
   1.0996666666666667E-002   275.20715144576144     
   1.1330000000000000E-002   284.00649285581721     
   1.1663333333333333E-002   292.77248143943086     
   1.1996666666666668E-002   301.47931536014011     
   1.2330000000000001E-002   310.10081663587391     
   1.2663333333333334E-002   318.61051949007413     
   1.2996666666666667E-002   326.98176627361971     
   1.3330000000000000E-002   335.18781065774556     
   1.3663333333333333E-002   343.20192767666867     
   1.3996666666666668E-002   350.99753007318566     
   1.4330000000000001E-002   358.54829027326684     
   1.4663333333333334E-002   365.82826718909115     
   1.4996666666666667E-002   372.81203692677150     
   1.5330000000000000E-002   379.47482635808552     
   1.5663333333333331E-002   385.79264840787033     
   1.5996666666666666E-002   391.74243781340050     
   1.6329999999999997E-002   397.30218603202962     
   1.6663333333333332E-002   402.45107391144910     
   1.6996666666666663E-002   407.16960069568103     
   1.7329999999999998E-002   411.43970792153800     
   1.7663333333333333E-002   415.24489676649938     
   1.7996666666666664E-002   418.57033744092195     
   1.8329999999999999E-002   421.40296927577083     
   1.8663333333333330E-002   423.73159024148572     
   1.8996666666666665E-002   425.54693474331862     
   1.9330000000000000E-002   426.84173867192789     
   1.9663333333333331E-002   427.61079084290907     
   1.9996666666666666E-002   427.85097013235281     
   2.0329999999999997E-002   427.56126780396210     
   2.0663333333333332E-002   426.74279472274299     
   2.0996666666666663E-002   425.39877335650391     
   2.1329999999999998E-002   423.53451467479061     
   2.1663333333333333E-002   421.15738026086655     
   2.1996666666666664E-002   418.27673015136480     
   2.2329999999999999E-002   414.90385710598792     
   2.2663333333333330E-002   411.05190818217397     
   2.2996666666666665E-002   406.73579464349132     
   2.3329999999999997E-002   401.97209136279793     
   2.3663333333333331E-002   396.77892698964320     
   2.3996666666666666E-002   391.17586623448454     
   2.4329999999999997E-002   385.18378567918302     
   2.4663333333333332E-002   378.82474455387529     
   2.4996666666666664E-002   372.12185192521190     
   2.5329999999999998E-002   365.09913172134998     
   2.5663333333333333E-002   357.78138697671659     
   2.5996666666666664E-002   350.19406461663147     
   2.6329999999999999E-002   342.36312202097866     
   2.6663333333333331E-002   334.31489651006422     
   2.6996666666666665E-002   326.07597878758378     
   2.7329999999999997E-002   317.67309125830423     
   2.7663333333333331E-002   309.13297201460898     
   2.7996666666666666E-002   300.48226515939695     
   2.8329999999999998E-002   291.74741800561105     
   2.8663333333333332E-002   282.95458556738214     
   2.8996666666666664E-002   274.12954263656786     
   2.9329999999999998E-002   265.29760362316875     
   2.9663333333333330E-002   256.48355023027028     
   2.9996666666666665E-002   247.71156693494967     
   3.0329999999999999E-002   239.00518415687856     
   3.0663333333333331E-002   230.38722891670696     
   3.0996666666666665E-002   221.87978271700973     
   3.1329999999999997E-002   213.50414631964736     
   3.1663333333333328E-002   205.28081104463556     
   3.1996666666666666E-002   197.22943617668307     
   3.2329999999999998E-002   189.36883203589457     
   3.2663333333333329E-002   181.71694824812838     
   3.2996666666666667E-002   174.29086673741838     
   3.3329999999999999E-002   167.10679895693079     
   3.3663333333333330E-002   160.18008687535016     
   3.3996666666666661E-002   153.52520724153942     
   3.4329999999999999E-002   147.15577866102882     
   3.4663333333333331E-002   141.08457103258255     
   3.4996666666666662E-002   135.32351691105222     
   3.5330000000000000E-002   129.88372438330993     
   3.5663333333333332E-002   124.77549106662363     
   3.5996666666666663E-002   120.00831886288491     
   3.6330000000000001E-002   115.59092912714398     
   3.6663333333333332E-002   111.53127793452666     
   3.6996666666666664E-002   107.83657115549188     
   3.7329999999999995E-002   104.51327907523522     
   3.7663333333333333E-002   101.56715031864547     
   3.7996666666666665E-002   99.003224867420357     
   3.8329999999999996E-002   96.825845980616648     
   3.8663333333333334E-002   95.038670854005019     
   3.8996666666666666E-002   93.644679877074225     
   3.9329999999999997E-002   92.646184369408672     
   3.9663333333333328E-002   92.044832700483354     
   3.9996666666666666E-002   91.841614718746627     
