   0.0000000000000000        4.9999998882412910E-003
   4.0040039145075402E-005   4.9971040996244429E-003
   8.0080078290150803E-005   4.9942559061492203E-003
   1.2012011743522621E-004   4.9914553078156242E-003
   1.6016015658030161E-004   4.9887023046236555E-003
   2.0020019572537700E-004   4.9859968965733125E-003
   2.4024023487045242E-004   4.9833390836645959E-003
   2.8028027401552782E-004   4.9807288658975058E-003
   3.2032031316060321E-004   4.9781662432720423E-003
   3.6036035230567861E-004   4.9756512157882044E-003
   4.0040039145075400E-004   4.9731837834459938E-003
   4.4044043059582940E-004   4.9707639462454089E-003
   4.8048046974090485E-004   4.9683917041864513E-003
   5.2052050888598024E-004   4.9660670572691194E-003
   5.6056054803105564E-004   4.9637900054934139E-003
   6.0060058717613103E-004   4.9615605488593350E-003
   6.4064062632120642E-004   4.9593786873668826E-003
   6.8068066546628182E-004   4.9572444210160566E-003
   7.2072070461135721E-004   4.9551577498068572E-003
   7.6076074375643261E-004   4.9531186737392834E-003
   8.0080078290150800E-004   4.9511271928133370E-003
   8.4084082204658340E-004   4.9491833070290162E-003
   8.8088086119165879E-004   4.9472870163863219E-003
   9.2092090033673419E-004   4.9454383208852549E-003
   9.6096093948180969E-004   4.9436372205258136E-003
   1.0010009786268850E-003   4.9418837153079988E-003
   1.0410410177719605E-003   4.9401778052318096E-003
   1.0810810569170358E-003   4.9385194902972478E-003
   1.1211210960621113E-003   4.9369087705043125E-003
   1.1611611352071866E-003   4.9353456458530029E-003
   1.2012011743522621E-003   4.9338301163433206E-003
   1.2412412134973373E-003   4.9323621819752639E-003
   1.2812812526424128E-003   4.9309418427488337E-003
   1.3213212917874884E-003   4.9295690986640300E-003
   1.3613613309325636E-003   4.9282439497208529E-003
   1.4014013700776391E-003   4.9269663959193022E-003
   1.4414414092227144E-003   4.9257364372593771E-003
   1.4814814483677899E-003   4.9245540737410795E-003
   1.5215214875128652E-003   4.9234193053644083E-003
   1.5615615266579407E-003   4.9223321321293628E-003
   1.6016015658030160E-003   4.9212925540359437E-003
   1.6416416049480915E-003   4.9203005710841512E-003
   1.6816816440931668E-003   4.9193561832739851E-003
   1.7217216832382423E-003   4.9184593906054456E-003
   1.7617617223833176E-003   4.9176101930785325E-003
   1.8018017615283931E-003   4.9168085906932460E-003
   1.8418418006734684E-003   4.9160545834495851E-003
   1.8818818398185439E-003   4.9153481713475515E-003
   1.9219218789636194E-003   4.9146893543871436E-003
   1.9619619181086949E-003   4.9140781325683631E-003
   2.0020019572537700E-003   4.9135145058912082E-003
   2.0420419963988455E-003   4.9129984743556798E-003
   2.0820820355439210E-003   4.9125300379617778E-003
   2.1221220746889965E-003   4.9121091967095024E-003
   2.1621621138340715E-003   4.9117359505988526E-003
   2.2022021529791470E-003   4.9114102996298302E-003
   2.2422421921242225E-003   4.9111322438024334E-003
   2.2822822312692980E-003   4.9109017831166640E-003
   2.3223222704143731E-003   4.9107189175725202E-003
   2.3623623095594486E-003   4.9105836471700030E-003
   2.4024023487045241E-003   4.9104959719091122E-003
   2.4424423878495996E-003   4.9104558917898479E-003
   2.4824824269946747E-003   4.9104634068122101E-003
   2.5225224661397502E-003   4.9105185169761988E-003
   2.5625625052848257E-003   4.9106212222818132E-003
   2.6026025444299012E-003   4.9107715227290549E-003
   2.6426425835749767E-003   4.9109694183179222E-003
   2.6826826227200518E-003   4.9112149090484161E-003
   2.7227226618651273E-003   4.9115079949205373E-003
   2.7627627010102028E-003   4.9118486759342841E-003
   2.8028027401552783E-003   4.9122369520896575E-003
   2.8428427793003534E-003   4.9126728233866565E-003
   2.8828828184454289E-003   4.9131562898252828E-003
   2.9229228575905044E-003   4.9136873514055357E-003
   2.9629628967355799E-003   4.9142660081274141E-003
   3.0030029358806549E-003   4.9148922599909200E-003
   3.0430429750257304E-003   4.9155661069960515E-003
   3.0830830141708059E-003   4.9162875491428094E-003
   3.1231230533158814E-003   4.9170565864311939E-003
   3.1631630924609565E-003   4.9178732188612049E-003
   3.2032031316060320E-003   4.9187374464328424E-003
   3.2432431707511075E-003   4.9196492691461063E-003
   3.2832832098961830E-003   4.9206086870009959E-003
   3.3233232490412585E-003   4.9216156999975129E-003
   3.3633632881863336E-003   4.9226703081356555E-003
   3.4034033273314091E-003   4.9237725114154246E-003
   3.4434433664764846E-003   4.9249223098368202E-003
   3.4834834056215601E-003   4.9261197033998432E-003
   3.5235234447666352E-003   4.9273646921044910E-003
   3.5635634839117107E-003   4.9286572759507661E-003
   3.6036035230567862E-003   4.9299974549386677E-003
   3.6436435622018617E-003   4.9313852290681958E-003
   3.6836836013469368E-003   4.9328205983393495E-003
   3.7237236404920123E-003   4.9343035627521297E-003
   3.7637636796370878E-003   4.9358341223065373E-003
   3.8038037187821633E-003   4.9374122770025706E-003
   3.8438437579272388E-003   4.9390380268402303E-003
   3.8838837970723138E-003   4.9407113718195166E-003
   3.9239238362173898E-003   4.9424323119404293E-003
   3.9639638753624648E-003   4.9442008472029677E-003
   4.0040039145075399E-003   4.9460169776071334E-003
   4.0440439536526158E-003   4.9478807031529256E-003
   4.0840839927976909E-003   4.9497920238403435E-003
   4.1241240319427660E-003   4.9517509396693879E-003
   4.1641640710878419E-003   4.9537574506400587E-003
   4.2042041102329170E-003   4.9558115567523561E-003
   4.2442441493779929E-003   4.9579132580062800E-003
   4.2842841885230680E-003   4.9600625544018303E-003
   4.3243242276681431E-003   4.9622594459390072E-003
   4.3643642668132190E-003   4.9645039326178097E-003
   4.4044043059582941E-003   4.9667960144382396E-003
   4.4444443451033691E-003   4.9691356914002950E-003
   4.4844843842484451E-003   4.9715229635039779E-003
   4.5245244233935202E-003   4.9739578307492864E-003
   4.5645644625385961E-003   4.9764402931362214E-003
   4.6046045016836712E-003   4.9789703506647829E-003
   4.6446445408287462E-003   4.9815480033349709E-003
   4.6846845799738222E-003   4.9841732511467854E-003
   4.7247246191188972E-003   4.9868460941002255E-003
   4.7647646582639732E-003   4.9895665321952930E-003
   4.8048046974090482E-003   4.9923345654319861E-003
   4.8448447365541233E-003   4.9951501938103058E-003
   4.8848847756991992E-003   4.9980134173302519E-003
   4.9249248148442743E-003   5.0009242359918245E-003
   4.9649648539893494E-003   5.0038826497950236E-003
   5.0050048931344253E-003   5.0068886587398493E-003
   5.0450449322795004E-003   5.0099422628263014E-003
   5.0850849714245763E-003   5.0130434620543791E-003
   5.1251250105696514E-003   5.0161922564240843E-003
   5.1651650497147265E-003   5.0193886459354150E-003
   5.2052050888598024E-003   5.0226326305883731E-003
   5.2452451280048775E-003   5.0259242103829569E-003
   5.2852851671499534E-003   5.0292633853191672E-003
   5.3253252062950285E-003   5.0326501553970039E-003
   5.3653652454401035E-003   5.0360845206164672E-003
   5.4054052845851795E-003   5.0395664809775561E-003
   5.4454453237302546E-003   5.0430960364802723E-003
   5.4854853628753296E-003   5.0466731871246151E-003
   5.5255254020204056E-003   5.0502979329105835E-003
   5.5655654411654806E-003   5.0539702738381783E-003
   5.6056054803105566E-003   5.0576902099073997E-003
   5.6456455194556316E-003   5.0614577411182476E-003
   5.6856855586007067E-003   5.0652728674707220E-003
   5.7257255977457826E-003   5.0691355889648229E-003
   5.7657656368908577E-003   5.0730459056005503E-003
   5.8058056760359337E-003   5.0770038173779041E-003
   5.8458457151810087E-003   5.0810093242968837E-003
   5.8858857543260838E-003   5.0850624263574897E-003
   5.9259257934711597E-003   5.0891631235597231E-003
   5.9659658326162348E-003   5.0933114159035821E-003
   6.0060058717613099E-003   5.0975073033890676E-003
   6.0460459109063858E-003   5.1017507860161796E-003
   6.0860859500514609E-003   5.1060418637849181E-003
   6.1261259891965368E-003   5.1103805366952831E-003
   6.1661660283416119E-003   5.1147668047472738E-003
   6.2062060674866869E-003   5.1192006679408918E-003
   6.2462461066317629E-003   5.1236821262761354E-003
   6.2862861457768380E-003   5.1282111797530056E-003
   6.3263261849219130E-003   5.1327878283715022E-003
   6.3663662240669890E-003   5.1374120721316254E-003
   6.4064062632120640E-003   5.1420839110333750E-003
   6.4464463023571400E-003   5.1468033450767512E-003
   6.4864863415022150E-003   5.1515703742617538E-003
   6.5265263806472901E-003   5.1563849985883821E-003
   6.5665664197923660E-003   5.1612472180566377E-003
   6.6066064589374411E-003   5.1661570326665199E-003
   6.6466464980825170E-003   5.1711144424180277E-003
   6.6866865372275921E-003   5.1761194473111619E-003
   6.7267265763726672E-003   5.1811720473459227E-003
   6.7667666155177431E-003   5.1862722425223100E-003
   6.8068066546628182E-003   5.1914200328403238E-003
   6.8468466938078933E-003   5.1966154182999632E-003
   6.8868867329529692E-003   5.2018583989012299E-003
   6.9269267720980443E-003   5.2071489746441232E-003
   6.9669668112431202E-003   5.2124871455286421E-003
   7.0070068503881953E-003   5.2178729115547875E-003
   7.0470468895332703E-003   5.2233062727225594E-003
   7.0870869286783463E-003   5.2287872290319587E-003
   7.1271269678234214E-003   5.2343157804829836E-003
   7.1671670069684973E-003   5.2398919270756350E-003
   7.2072070461135724E-003   5.2455156688099120E-003
   7.2472470852586474E-003   5.2511870056858164E-003
   7.2872871244037234E-003   5.2569059377033465E-003
   7.3273271635487984E-003   5.2626724648625039E-003
   7.3673672026938735E-003   5.2684865871632869E-003
   7.4074072418389494E-003   5.2743483046056965E-003
   7.4474472809840245E-003   5.2802576171897325E-003
   7.4874873201291004E-003   5.2862145249153950E-003
   7.5275273592741755E-003   5.2922190277826841E-003
   7.5675673984192506E-003   5.2982711257915996E-003
   7.6076074375643265E-003   5.3043708189421408E-003
   7.6476474767094016E-003   5.3105181072343093E-003
   7.6876875158544775E-003   5.3167129906681035E-003
   7.7277275549995526E-003   5.3229554692435250E-003
   7.7677675941446277E-003   5.3292455429605722E-003
   7.8078076332897036E-003   5.3355832118192458E-003
   7.8478476724347795E-003   5.3419684758195460E-003
   7.8878877115798537E-003   5.3484013349614718E-003
   7.9279277507249297E-003   5.3548817892450249E-003
   7.9679677898700056E-003   5.3614098386702046E-003
   8.0080078290150798E-003   5.3679854832370099E-003
   8.0480478681601558E-003   5.3746087229454426E-003
   8.0880879073052317E-003   5.3812795577955009E-003
   8.1281279464503059E-003   5.3879979877871857E-003
   8.1681679855953818E-003   5.3947640129204969E-003
   8.2082080247404578E-003   5.4015776331954347E-003
   8.2482480638855320E-003   5.4084388486119990E-003
   8.2882881030306079E-003   5.4153476591701898E-003
   8.3283281421756838E-003   5.4223040648700063E-003
   8.3683681813207598E-003   5.4293080657114500E-003
   8.4084082204658340E-003   5.4363596616945195E-003
   8.4484482596109099E-003   5.4434588528192163E-003
   8.4884882987559859E-003   5.4506056390855387E-003
   8.5285283379010601E-003   5.4578000204934876E-003
   8.5685683770461360E-003   5.4650419970430630E-003
   8.6086084161912119E-003   5.4723315687342650E-003
   8.6486484553362861E-003   5.4796687355670925E-003
   8.6886884944813621E-003   5.4870534975415474E-003
   8.7287285336264380E-003   5.4944858546576280E-003
   8.7687685727715122E-003   5.5019658069153359E-003
   8.8088086119165881E-003   5.5094933543146695E-003
   8.8488486510616641E-003   5.5170684968556304E-003
   8.8888886902067383E-003   5.5246912345382161E-003
   8.9289287293518142E-003   5.5323615673624291E-003
   8.9689687684968902E-003   5.5400794953282687E-003
   9.0090088076419661E-003   5.5478450184357347E-003
   9.0490488467870403E-003   5.5556581366848273E-003
   9.0890888859321162E-003   5.5635188500755455E-003
   9.1291289250771922E-003   5.5714271586078910E-003
   9.1691689642222664E-003   5.5793830622818622E-003
   9.2092090033673423E-003   5.5873865610974599E-003
   9.2492490425124183E-003   5.5954376550546841E-003
   9.2892890816574925E-003   5.6035363441535348E-003
   9.3293291208025684E-003   5.6116826283940120E-003
   9.3693691599476443E-003   5.6198765077761156E-003
   9.4094091990927185E-003   5.6281179822998450E-003
   9.4494492382377945E-003   5.6364070519652016E-003
   9.4894892773828704E-003   5.6447437167721840E-003
   9.5295293165279463E-003   5.6531279767207936E-003
   9.5695693556730205E-003   5.6615598318110289E-003
   9.6096093948180965E-003   5.6700392820428908E-003
   9.6496494339631724E-003   5.6785663274163791E-003
   9.6896894731082466E-003   5.6871409679314930E-003
   9.7297295122533226E-003   5.6957632035882343E-003
   9.7697695513983985E-003   5.7044330343866021E-003
   9.8098095905434727E-003   5.7131504603265956E-003
   9.8498496296885486E-003   5.7219154814082164E-003
   9.8898896688336246E-003   5.7307280976314628E-003
   9.9299297079786988E-003   5.7395883089963358E-003
   9.9699697471237747E-003   5.7484961155028352E-003
   1.0010009786268851E-002   5.7574515171509620E-003
   1.0050049825413927E-002   5.7664545139407136E-003
   1.0090089864559001E-002   5.7755051058720926E-003
   1.0130129903704077E-002   5.7846032929450980E-003
   1.0170169942849153E-002   5.7937490751597291E-003
   1.0210209981994227E-002   5.8029424525159867E-003
   1.0250250021139303E-002   5.8121834250138716E-003
   1.0290290060284379E-002   5.8214719926533822E-003
   1.0330330099429453E-002   5.8308081554345192E-003
   1.0370370138574529E-002   5.8401919133572828E-003
   1.0410410177719605E-002   5.8496232664216729E-003
   1.0450450216864679E-002   5.8591022146276886E-003
   1.0490490256009755E-002   5.8686287579753317E-003
   1.0530530295154831E-002   5.8782028964646012E-003
   1.0570570334299907E-002   5.8878246300954964E-003
   1.0610610373444981E-002   5.8974939588680182E-003
   1.0650650412590057E-002   5.9072108827821672E-003
   1.0690690451735133E-002   5.9169754018379419E-003
   1.0730730490880207E-002   5.9267875160353423E-003
   1.0770770530025283E-002   5.9366472253743700E-003
   1.0810810569170359E-002   5.9465545298550242E-003
   1.0850850608315433E-002   5.9565094294773049E-003
   1.0890890647460509E-002   5.9665119242412112E-003
   1.0930930686605585E-002   5.9765620141467449E-003
   1.0970970725750659E-002   5.9866596991939042E-003
   1.1011010764895735E-002   5.9968049793826909E-003
   1.1051050804040811E-002   6.0069978547131024E-003
   1.1091090843185887E-002   6.0172383251851421E-003
   1.1131130882330961E-002   6.0275263907988066E-003
   1.1171170921476037E-002   6.0378620515540993E-003
   1.1211210960621113E-002   6.0482453074510167E-003
   1.1251250999766187E-002   6.0586761584895607E-003
   1.1291291038911263E-002   6.0691546046697312E-003
   1.1331331078056339E-002   6.0796806459915290E-003
   1.1371371117201413E-002   6.0902542824549525E-003
   1.1411411156346489E-002   6.1008755140600024E-003
   1.1451451195491565E-002   6.1115443408066798E-003
   1.1491491234636639E-002   6.1222607626949819E-003
   1.1531531273781715E-002   6.1330247797249113E-003
   1.1571571312926791E-002   6.1438363918964664E-003
   1.1611611352071867E-002   6.1546955992096489E-003
   1.1651651391216942E-002   6.1656024016644578E-003
   1.1691691430362017E-002   6.1765567992608916E-003
   1.1731731469507093E-002   6.1875587919989535E-003
   1.1771771508652168E-002   6.1986083798786411E-003
   1.1811811547797244E-002   6.2097055628999552E-003
   1.1851851586942319E-002   6.2208503410628949E-003
   1.1891891626087394E-002   6.2320427143674629E-003
   1.1931931665232470E-002   6.2432826828136556E-003
   1.1971971704377546E-002   6.2545702464014757E-003
   1.2012011743522620E-002   6.2659054051309214E-003
   1.2052051782667696E-002   6.2772881590019945E-003
   1.2092091821812772E-002   6.2887185080146932E-003
   1.2132131860957846E-002   6.3001964521690176E-003
   1.2172171900102922E-002   6.3117219914649702E-003
   1.2212211939247998E-002   6.3232951259025484E-003
   1.2252251978393074E-002   6.3349158554817531E-003
   1.2292292017538148E-002   6.3465841802025835E-003
   1.2332332056683224E-002   6.3583001000650403E-003
   1.2372372095828300E-002   6.3700636150691246E-003
   1.2412412134973374E-002   6.3818747252148344E-003
   1.2452452174118450E-002   6.3937334305021708E-003
   1.2492492213263526E-002   6.4056397309311345E-003
   1.2532532252408600E-002   6.4175936265017230E-003
   1.2572572291553676E-002   6.4295951172139388E-003
   1.2612612330698752E-002   6.4416442030677812E-003
   1.2652652369843826E-002   6.4537408840632492E-003
   1.2692692408988902E-002   6.4658851602003454E-003
   1.2732732448133978E-002   6.4780770314790664E-003
   1.2772772487279054E-002   6.4903164978994139E-003
   1.2812812526424128E-002   6.5026035594613878E-003
   1.2852852565569204E-002   6.5149382161649883E-003
   1.2892892604714280E-002   6.5273204680102153E-003
   1.2932932643859354E-002   6.5397503149970688E-003
   1.2972972683004430E-002   6.5522277571255488E-003
   1.3013012722149506E-002   6.5647527943956552E-003
   1.3053052761294580E-002   6.5773254268073865E-003
   1.3093092800439656E-002   6.5899456543607460E-003
   1.3133132839584732E-002   6.6026134770557320E-003
   1.3173172878729806E-002   6.6153288948923427E-003
   1.3213212917874882E-002   6.6280919078705817E-003
   1.3253252957019958E-002   6.6409025159904463E-003
   1.3293292996165034E-002   6.6537607192519374E-003
   1.3333333035310108E-002   6.6666665176550541E-003
   1.3373373074455184E-002   6.6795648010358095E-003
   1.3413413113600260E-002   6.6924004592302157E-003
   1.3453453152745334E-002   6.7051734922382693E-003
   1.3493493191890410E-002   6.7178839000599753E-003
   1.3533533231035486E-002   6.7305316826953253E-003
   1.3573573270180560E-002   6.7431168401443295E-003
   1.3613613309325636E-002   6.7556393724069810E-003
   1.3653653348470712E-002   6.7680992794832816E-003
   1.3693693387615787E-002   6.7804965613732348E-003
   1.3733733426760862E-002   6.7928312180768335E-003
   1.3773773465905938E-002   6.8051032495940848E-003
   1.3813813505051014E-002   6.8173126559249852E-003
   1.3853853544196089E-002   6.8294594370695311E-003
   1.3893893583341164E-002   6.8415435930277314E-003
   1.3933933622486240E-002   6.8535651237995807E-003
   1.3973973661631315E-002   6.8655240293850756E-003
   1.4014013700776391E-002   6.8774203097842230E-003
   1.4054053739921466E-002   6.8892539649970195E-003
   1.4094093779066541E-002   6.9010249950234651E-003
   1.4134133818211617E-002   6.9127333998635614E-003
   1.4174173857356693E-002   6.9243791795173069E-003
   1.4214213896501767E-002   6.9359623339846979E-003
   1.4254253935646843E-002   6.9474828632657432E-003
   1.4294293974791919E-002   6.9589407673604376E-003
   1.4334334013936995E-002   6.9703360462687776E-003
   1.4374374053082069E-002   6.9816686999907718E-003
   1.4414414092227145E-002   6.9929387285264134E-003
   1.4454454131372221E-002   7.0041461318757024E-003
   1.4494494170517295E-002   7.0152909100386421E-003
   1.4534534209662371E-002   7.0263730630152343E-003
   1.4574574248807447E-002   7.0373925908054739E-003
   1.4614614287952521E-002   7.0483494934093609E-003
   1.4654654327097597E-002   7.0592437708269021E-003
   1.4694694366242673E-002   7.0700754230580906E-003
   1.4734734405387747E-002   7.0808444501029248E-003
   1.4774774444532823E-002   7.0915508519614132E-003
   1.4814814483677899E-002   7.1021946286335489E-003
   1.4854854522822975E-002   7.1127757801193337E-003
   1.4894894561968049E-002   7.1232943064187711E-003
   1.4934934601113125E-002   7.1337502075318540E-003
   1.4974974640258201E-002   7.1441434834585878E-003
   1.5015014679403275E-002   7.1544741341989723E-003
   1.5055054718548351E-002   7.1647421597530059E-003
   1.5095094757693427E-002   7.1749475601206869E-003
   1.5135134796838501E-002   7.1850903353020187E-003
   1.5175174835983577E-002   7.1951704852970012E-003
   1.5215214875128653E-002   7.2051880101056311E-003
   1.5255254914273727E-002   7.2151429097279136E-003
   1.5295294953418803E-002   7.2250351841638416E-003
   1.5335334992563879E-002   7.2348648334134187E-003
   1.5375375031708955E-002   7.2446318574766501E-003
   1.5415415070854029E-002   7.2543362563535288E-003
   1.5455455109999105E-002   7.2639780300440548E-003
   1.5495495149144181E-002   7.2735571785482317E-003
   1.5535535188289255E-002   7.2830737018660593E-003
   1.5575575227434331E-002   7.2925275999975361E-003
   1.5615615266579407E-002   7.3019188729426601E-003
   1.5655655305724481E-002   7.3112475207014367E-003
   1.5695695344869559E-002   7.3205135432738624E-003
   1.5735735384014633E-002   7.3297169406599354E-003
   1.5775775423159707E-002   7.3388577128596592E-003
   1.5815815462304785E-002   7.3479358598730320E-003
   1.5855855501449859E-002   7.3569513817000540E-003
   1.5895895540594934E-002   7.3659042783407250E-003
   1.5935935579740011E-002   7.3747945497950468E-003
   1.5975975618885085E-002   7.3836221960630194E-003
   1.6016015658030160E-002   7.3923872171446393E-003
   1.6056055697175237E-002   7.4010896130399101E-003
   1.6096095736320312E-002   7.4097293837488282E-003
   1.6136135775465386E-002   7.4183065292713953E-003
   1.6176175814610463E-002   7.4268210496076150E-003
   1.6216215853755538E-002   7.4352729447574838E-003
   1.6256255892900612E-002   7.4436622147209981E-003
   1.6296295932045689E-002   7.4519888594981668E-003
   1.6336335971190764E-002   7.4602528790889827E-003
   1.6376376010335838E-002   7.4684542734934460E-003
   1.6416416049480916E-002   7.4765930427115601E-003
   1.6456456088625990E-002   7.4846691867433285E-003
   1.6496496127771064E-002   7.4926827055887407E-003
   1.6536536166916142E-002   7.5006335992478038E-003
   1.6576576206061216E-002   7.5085218677205176E-003
   1.6616616245206290E-002   7.5163475110068788E-003
   1.6656656284351368E-002   7.5241105291068908E-003
   1.6696696323496442E-002   7.5318109220205536E-003
   1.6736736362641520E-002   7.5394486897478637E-003
   1.6776776401786594E-002   7.5470238322888229E-003
   1.6816816440931668E-002   7.5545363496434328E-003
   1.6856856480076746E-002   7.5619862418116936E-003
   1.6896896519221820E-002   7.5693735087935983E-003
   1.6936936558366894E-002   7.5766981505891590E-003
   1.6976976597511972E-002   7.5839601671983670E-003
   1.7017016636657046E-002   7.5911595586212223E-003
   1.7057056675802120E-002   7.5982963248577302E-003
   1.7097096714947198E-002   7.6053704659078888E-003
   1.7137136754092272E-002   7.6123819817716914E-003
   1.7177176793237346E-002   7.6193308724491447E-003
   1.7217216832382424E-002   7.6262171379402506E-003
   1.7257256871527498E-002   7.6330407782450038E-003
   1.7297296910672572E-002   7.6398017933634061E-003
   1.7337336949817650E-002   7.6465001832954592E-003
   1.7377376988962724E-002   7.6531359480411613E-003
   1.7417417028107798E-002   7.6597090876005143E-003
   1.7457457067252876E-002   7.6662196019735181E-003
   1.7497497106397950E-002   7.6726674911601657E-003
   1.7537537145543024E-002   7.6790527551604676E-003
   1.7577577184688102E-002   7.6853753939744168E-003
   1.7617617223833176E-002   7.6916354076020134E-003
   1.7657657262978251E-002   7.6978327960432625E-003
   1.7697697302123328E-002   7.7039675592981624E-003
   1.7737737341268402E-002   7.7100396973667114E-003
   1.7777777380413477E-002   7.7160492102489042E-003
   1.7817817419558554E-002   7.7219960979447531E-003
   1.7857857458703628E-002   7.7278803604542493E-003
   1.7897897497848706E-002   7.7337019977773928E-003
   1.7937937536993780E-002   7.7394610099141906E-003
   1.7977977576138855E-002   7.7451573968646339E-003
   1.8018017615283932E-002   7.7507911586287264E-003
   1.8058057654429006E-002   7.7563622952064697E-003
   1.8098097693574081E-002   7.7618708065978637E-003
   1.8138137732719158E-002   7.7673166928029051E-003
   1.8178177771864232E-002   7.7726999538215956E-003
   1.8218217811009307E-002   7.7780205896539403E-003
   1.8258257850154384E-002   7.7832786002999255E-003
   1.8298297889299459E-002   7.7884739857595666E-003
   1.8338337928444533E-002   7.7936067460328586E-003
   1.8378377967589610E-002   7.7986768811197944E-003
   1.8418418006734685E-002   7.8036843910203844E-003
   1.8458458045879759E-002   7.8086292757346236E-003
   1.8498498085024837E-002   7.8135115352625101E-003
   1.8538538124169911E-002   7.8183311696040439E-003
   1.8578578163314985E-002   7.8230881787592320E-003
   1.8618618202460063E-002   7.8277825627280709E-003
   1.8658658241605137E-002   7.8324143215105571E-003
   1.8698698280750211E-002   7.8369834551066889E-003
   1.8738738319895289E-002   7.8414899635164750E-003
   1.8778778359040363E-002   7.8459338467399067E-003
   1.8818818398185437E-002   7.8503151047769892E-003
   1.8858858437330515E-002   7.8546337376277260E-003
   1.8898898476475589E-002   7.8588897452921032E-003
   1.8938938515620667E-002   7.8630831277701346E-003
   1.8978978554765741E-002   7.8672138850618186E-003
   1.9019018593910815E-002   7.8712820171671465E-003
   1.9059058633055893E-002   7.8752875240861268E-003
   1.9099098672200967E-002   7.8792304058187580E-003
   1.9139138711346041E-002   7.8831106623650365E-003
   1.9179178750491119E-002   7.8869282937249659E-003
   1.9219218789636193E-002   7.8906832998985425E-003
   1.9259258828781267E-002   7.8943756808857665E-003
   1.9299298867926345E-002   7.8980054366866483E-003
   1.9339338907071419E-002   7.9015725673011721E-003
   1.9379378946216493E-002   7.9050770727293468E-003
   1.9419418985361571E-002   7.9085189529711740E-003
   1.9459459024506645E-002   7.9118982080266503E-003
   1.9499499063651719E-002   7.9152148378957704E-003
   1.9539539102796797E-002   7.9184688425785466E-003
   1.9579579141941871E-002   7.9216602220749700E-003
   1.9619619181086945E-002   7.9247889763850408E-003
   1.9659659220232023E-002   7.9278551055087625E-003
   1.9699699259377097E-002   7.9308586094461366E-003
   1.9739739298522171E-002   7.9337994881971581E-003
   1.9779779337667249E-002   7.9366777417618252E-003
   1.9819819376812323E-002   7.9394933701401466E-003
   1.9859859415957398E-002   7.9422463733321187E-003
   1.9899899455102475E-002   7.9449367513377330E-003
   1.9939939494247549E-002   7.9475645041570016E-003
   1.9979979533392627E-002   7.9501296317899227E-003
   2.0020019572537701E-002   7.9526321342364859E-003
   2.0060059611682775E-002   7.9550720114967034E-003
   2.0100099650827853E-002   7.9574492635705735E-003
   2.0140139689972927E-002   7.9597638904580874E-003
   2.0180179729118002E-002   7.9620158921592504E-003
   2.0220219768263079E-002   7.9642052686740659E-003
   2.0260259807408153E-002   7.9663320200025305E-003
   2.0300299846553228E-002   7.9683961461446424E-003
   2.0340339885698305E-002   7.9703976471004068E-003
   2.0380379924843380E-002   7.9723365228698169E-003
   2.0420419963988454E-002   7.9742127734528812E-003
   2.0460460003133531E-002   7.9760263988495929E-003
   2.0500500042278606E-002   7.9777773990599519E-003
   2.0540540081423680E-002   7.9794657740839634E-003
   2.0580580120568757E-002   7.9810915239216223E-003
   2.0620620159713832E-002   7.9826546485729337E-003
   2.0660660198858906E-002   7.9841551480378907E-003
   2.0700700238003984E-002   7.9855930223164985E-003
   2.0740740277149058E-002   7.9869682714087589E-003
   2.0780780316294132E-002   7.9882808953146631E-003
   2.0820820355439210E-002   7.9895308940342198E-003
   2.0860860394584284E-002   7.9907182675674274E-003
   2.0900900433729358E-002   7.9918430159142805E-003
   2.0940940472874436E-002   7.9929051390747897E-003
   2.0980980512019510E-002   7.9939046370489410E-003
   2.1021020551164584E-002   7.9948415098367431E-003
   2.1061060590309662E-002   7.9957157574382012E-003
   2.1101100629454736E-002   7.9965273798533014E-003
   2.1141140668599814E-002   7.9972763770820542E-003
   2.1181180707744888E-002   7.9979627491244560E-003
   2.1221220746889962E-002   7.9985864959805104E-003
   2.1261260786035040E-002   7.9991476176502069E-003
   2.1301300825180114E-002   7.9996461141335594E-003
   2.1341340864325188E-002   8.0000819854305592E-003
   2.1381380903470266E-002   8.0004552315412047E-003
   2.1421420942615340E-002   8.0007658524655044E-003
   2.1461460981760414E-002   8.0010138482034549E-003
   2.1501501020905492E-002   8.0011992187550528E-003
   2.1541541060050566E-002   8.0013219641202980E-003
   2.1581581099195640E-002   8.0013820842991957E-003
   2.1621621138340718E-002   8.0013795792917407E-003
   2.1661661177485792E-002   8.0013144490979331E-003
   2.1701701216630866E-002   8.0011866937177815E-003
   2.1741741255775944E-002   8.0009963131512755E-003
   2.1781781294921018E-002   8.0007433073984169E-003
   2.1821821334066092E-002   8.0004276764592125E-003
   2.1861861373211170E-002   8.0000494203336572E-003
   2.1901901412356244E-002   7.9996085390217474E-003
   2.1941941451501318E-002   7.9991050325234885E-003
   2.1981981490646396E-002   7.9985389008388839E-003
   2.2022021529791470E-002   7.9979101439679214E-003
   2.2062061568936545E-002   7.9972187619106096E-003
   2.2102101608081622E-002   7.9964647546669522E-003
   2.2142141647226696E-002   7.9956481222369386E-003
   2.2182181686371774E-002   7.9947688646205776E-003
   2.2222221725516848E-002   7.9938269818178691E-003
   2.2262261764661923E-002   7.9928224738288044E-003
   2.2302301803807000E-002   7.9917553406533889E-003
   2.2342341842952074E-002   7.9906255822916258E-003
   2.2382381882097149E-002   7.9894331987435136E-003
   2.2422421921242226E-002   7.9881781900090505E-003
   2.2462461960387300E-002   7.9868605560882329E-003
   2.2502501999532375E-002   7.9854802969810679E-003
   2.2542542038677452E-002   7.9840374126875519E-003
   2.2582582077822527E-002   7.9825319032076833E-003
   2.2622622116967601E-002   7.9809637685414690E-003
   2.2662662156112678E-002   7.9793330086889002E-003
   2.2702702195257753E-002   7.9776396236499840E-003
   2.2742742234402827E-002   7.9758836134247134E-003
   2.2782782273547905E-002   7.9740649780130936E-003
   2.2822822312692979E-002   7.9721837174151246E-003
   2.2862862351838053E-002   7.9702398316308029E-003
   2.2902902390983131E-002   7.9682333206601303E-003
   2.2942942430128205E-002   7.9661641845031102E-003
   2.2982982469273279E-002   7.9640324231597375E-003
   2.3023022508418357E-002   7.9618380366300156E-003
   2.3063062547563431E-002   7.9595810249139427E-003
   2.3103102586708505E-002   7.9572613880115224E-003
   2.3143142625853583E-002   7.9548791259227425E-003
   2.3183182664998657E-002   7.9524342386476203E-003
   2.3223222704143735E-002   7.9499267261861437E-003
   2.3263262743288809E-002   7.9473565885383162E-003
   2.3303302782433883E-002   7.9447238257041412E-003
   2.3343342821578961E-002   7.9420284376836171E-003
   2.3383382860724035E-002   7.9392704244767385E-003
   2.3423422899869109E-002   7.9364497860835090E-003
   2.3463462939014187E-002   7.9335665225039338E-003
   2.3503502978159261E-002   7.9306206337380041E-003
   2.3543543017304335E-002   7.9276121197857218E-003
   2.3583583056449413E-002   7.9245409806470955E-003
   2.3623623095594487E-002   7.9214072163221148E-003
   2.3663663134739561E-002   7.9182108268107832E-003
   2.3703703173884639E-002   7.9149518121131024E-003
   2.3743743213029713E-002   7.9116301722290706E-003
   2.3783783252174787E-002   7.9082459071586845E-003
   2.3823823291319865E-002   7.9047990169019526E-003
   2.3863863330464939E-002   7.9012895014588698E-003
   2.3903903369610013E-002   7.8977173608294326E-003
   2.3943943408755091E-002   7.8940825950136479E-003
   2.3983983447900165E-002   7.8903852040115140E-003
   2.4024023487045239E-002   7.8866251878230292E-003
   2.4064063526190317E-002   7.8828025464481918E-003
   2.4104103565335391E-002   7.8789172798870051E-003
   2.4144143604480466E-002   7.8749693881394658E-003
   2.4184183643625543E-002   7.8709588712055807E-003
   2.4224223682770617E-002   7.8668857290853413E-003
   2.4264263721915692E-002   7.8627499617787509E-003
   2.4304303761060769E-002   7.8585515692858130E-003
   2.4344343800205843E-002   7.8542905516065225E-003
   2.4384383839350921E-002   7.8499669087408828E-003
   2.4424423878495995E-002   7.8455806406888904E-003
   2.4464463917641070E-002   7.8411317474505471E-003
   2.4504503956786147E-002   7.8366202290258580E-003
   2.4544543995931221E-002   7.8320460854148146E-003
   2.4584584035076296E-002   7.8274093166174220E-003
   2.4624624074221373E-002   7.8227099226336767E-003
   2.4664664113366448E-002   7.8179479034635804E-003
   2.4704704152511522E-002   7.8131232591071385E-003
   2.4744744191656599E-002   7.8082359895643421E-003
   2.4784784230801674E-002   7.8032860948351931E-003
   2.4824824269946748E-002   7.7982735749197001E-003
   2.4864864309091825E-002   7.7931984298178526E-003
   2.4904904348236900E-002   7.7880606595296543E-003
   2.4944944387381974E-002   7.7828602640551067E-003
   2.4984984426527052E-002   7.7775972433942065E-003
   2.5025024465672126E-002   7.7722715975469571E-003
   2.5065064504817200E-002   7.7668833265133568E-003
   2.5105104543962278E-002   7.7614324302934124E-003
   2.5145144583107352E-002   7.7559189088871102E-003
   2.5185184622252426E-002   7.7503427622944553E-003
   2.5225224661397504E-002   7.7447039905154565E-003
   2.5265264700542578E-002   7.7390025935501049E-003
   2.5305304739687652E-002   7.7332385713983973E-003
   2.5345344778832730E-002   7.7274119240603473E-003
   2.5385384817977804E-002   7.7215226515359465E-003
   2.5425424857122882E-002   7.7155707538251878E-003
   2.5465464896267956E-002   7.7095562309280833E-003
   2.5505504935413030E-002   7.7034790828446314E-003
   2.5545544974558108E-002   7.6973393095748181E-003
   2.5585585013703182E-002   7.6911369111186643E-003
   2.5625625052848256E-002   7.6848718874761614E-003
   2.5665665091993334E-002   7.6785442386473005E-003
   2.5705705131138408E-002   7.6721539646320922E-003
   2.5745745170283482E-002   7.6657010654305364E-003
   2.5785785209428560E-002   7.6591855410426228E-003
   2.5825825248573634E-002   7.6526073914683634E-003
   2.5865865287718708E-002   7.6459666167077566E-003
   2.5905905326863786E-002   7.6392632167607919E-003
   2.5945945366008860E-002   7.6324971916274797E-003
   2.5985985405153934E-002   7.6256685413078219E-003
   2.6026025444299012E-002   7.6187772658018061E-003
   2.6066065483444086E-002   7.6118233651094463E-003
   2.6106105522589160E-002   7.6048068392307322E-003
   2.6146145561734238E-002   7.5977276881656654E-003
   2.6186185600879312E-002   7.5905859119142528E-003
   2.6226225640024386E-002   7.5833815104764876E-003
   2.6266265679169464E-002   7.5761144838523732E-003
   2.6306305718314538E-002   7.5687848320419079E-003
   2.6346345757459613E-002   7.5613925550450933E-003
   2.6386385796604690E-002   7.5539376528619227E-003
   2.6426425835749764E-002   7.5464201254924028E-003
   2.6466465874894842E-002   7.5388399729365337E-003
   2.6506505914039916E-002   7.5311971951943189E-003
   2.6546545953184991E-002   7.5234917922657480E-003
   2.6586585992330068E-002   7.5157237641508296E-003
   2.6626626031475142E-002   7.5078931108495568E-003
   2.6666666070620217E-002   7.4999998323619366E-003
   2.6706706109765294E-002   7.4920764937848683E-003
   2.6746746148910368E-002   7.4841556602152533E-003
   2.6786786188055443E-002   7.4762373316530923E-003
   2.6826826227200520E-002   7.4683215080983845E-003
   2.6866866266345595E-002   7.4604081895511317E-003
   2.6906906305490669E-002   7.4524973760113321E-003
   2.6946946344635746E-002   7.4445890674789883E-003
   2.6986986383780821E-002   7.4366832639540977E-003
   2.7027026422925895E-002   7.4287799654366602E-003
   2.7067066462070972E-002   7.4208791719266769E-003
   2.7107106501216047E-002   7.4129808834241485E-003
   2.7147146540361121E-002   7.4050850999290724E-003
   2.7187186579506199E-002   7.3971918214414522E-003
   2.7227226618651273E-002   7.3893010479612843E-003
   2.7267266657796347E-002   7.3814127794885722E-003
   2.7307306696941425E-002   7.3735270160233141E-003
   2.7347346736086499E-002   7.3656437575655084E-003
   2.7387386775231573E-002   7.3577630041151585E-003
   2.7427426814376651E-002   7.3498847556722610E-003
   2.7467466853521725E-002   7.3420090122368184E-003
   2.7507506892666799E-002   7.3341357738088298E-003
   2.7547546931811877E-002   7.3262650403882945E-003
   2.7587586970956951E-002   7.3183968119752141E-003
   2.7627627010102029E-002   7.3105310885695869E-003
   2.7667667049247103E-002   7.3026678701714146E-003
   2.7707707088392177E-002   7.2948071567806964E-003
   2.7747747127537255E-002   7.2869489483974315E-003
   2.7787787166682329E-002   7.2790932450216214E-003
   2.7827827205827403E-002   7.2712400466532646E-003
   2.7867867244972481E-002   7.2633893532923618E-003
   2.7907907284117555E-002   7.2555411649389131E-003
   2.7947947323262629E-002   7.2476954815929185E-003
   2.7987987362407707E-002   7.2398523032543780E-003
   2.8028027401552781E-002   7.2320116299232915E-003
   2.8068067440697855E-002   7.2241734615996599E-003
   2.8108107479842933E-002   7.2163377982834807E-003
   2.8148147518988007E-002   7.2085046399747573E-003
   2.8188187558133081E-002   7.2006739866734863E-003
   2.8228227597278159E-002   7.1928458383796693E-003
   2.8268267636423233E-002   7.1850201950933081E-003
   2.8308307675568307E-002   7.1771970568143993E-003
   2.8348347714713385E-002   7.1693764235429445E-003
   2.8388387753858459E-002   7.1615582952789447E-003
   2.8428427793003534E-002   7.1537426720223989E-003
   2.8468467832148611E-002   7.1459295537733064E-003
   2.8508507871293685E-002   7.1381189405316679E-003
   2.8548547910438760E-002   7.1303108322974844E-003
   2.8588587949583837E-002   7.1225052290707540E-003
   2.8628627988728911E-002   7.1147021308514769E-003
   2.8668668027873989E-002   7.1069015376396547E-003
   2.8708708067019063E-002   7.0991034494352866E-003
   2.8748748106164138E-002   7.0913078662383725E-003
   2.8788788145309215E-002   7.0835147880489125E-003
   2.8828828184454289E-002   7.0757242148669075E-003
   2.8868868223599364E-002   7.0679361466923548E-003
   2.8908908262744441E-002   7.0601505835252570E-003
   2.8948948301889516E-002   7.0523675253656134E-003
   2.8988988341034590E-002   7.0445869722134229E-003
   2.9029028380179667E-002   7.0368089240686865E-003
   2.9069068419324742E-002   7.0290333809314050E-003
   2.9109108458469816E-002   7.0212603428015767E-003
   2.9149148497614893E-002   7.0134898096792034E-003
   2.9189188536759968E-002   7.0057217815642841E-003
   2.9229228575905042E-002   6.9979562584568181E-003
   2.9269268615050120E-002   6.9901932403568061E-003
   2.9309308654195194E-002   6.9824327272642490E-003
   2.9349348693340268E-002   6.9746747191791443E-003
   2.9389388732485346E-002   6.9669192161014946E-003
   2.9429428771630420E-002   6.9591662180312989E-003
   2.9469468810775494E-002   6.9514157249685573E-003
   2.9509508849920572E-002   6.9436677369132688E-003
   2.9549548889065646E-002   6.9359222538654371E-003
   2.9589588928210720E-002   6.9281792758250568E-003
   2.9629628967355798E-002   6.9204388027921306E-003
   2.9669669006500872E-002   6.9127008347666594E-003
   2.9709709045645950E-002   6.9049653717486413E-003
   2.9749749084791024E-002   6.8972324137380782E-003
   2.9789789123936098E-002   6.8895019607349683E-003
   2.9829829163081176E-002   6.8817740127393124E-003
   2.9869869202226250E-002   6.8740485697511115E-003
   2.9909909241371324E-002   6.8663256317703647E-003
   2.9949949280516402E-002   6.8586051987970702E-003
   2.9989989319661476E-002   6.8508872708312315E-003
   3.0030029358806550E-002   6.8431718478728460E-003
   3.0070069397951628E-002   6.8354589299219146E-003
   3.0110109437096702E-002   6.8277485169784373E-003
   3.0150149476241776E-002   6.8200406090424132E-003
   3.0190189515386854E-002   6.8123352061138440E-003
   3.0230229554531928E-002   6.8046323081927288E-003
   3.0270269593677002E-002   6.7969319152790669E-003
   3.0310309632822080E-002   6.7892340273728608E-003
   3.0350349671967154E-002   6.7815386444741079E-003
   3.0390389711112228E-002   6.7738457665828082E-003
   3.0430429750257306E-002   6.7661553936989626E-003
   3.0470469789402380E-002   6.7584675258225719E-003
   3.0510509828547454E-002   6.7507821629536344E-003
   3.0550549867692532E-002   6.7430993050921510E-003
   3.0590589906837606E-002   6.7354189522381225E-003
   3.0630629945982681E-002   6.7277411043915472E-003
   3.0670669985127758E-002   6.7200657615524269E-003
   3.0710710024272832E-002   6.7123929237207598E-003
   3.0750750063417910E-002   6.7047225908965459E-003
   3.0790790102562984E-002   6.6970547630797869E-003
   3.0830830141708059E-002   6.6893894402704828E-003
   3.0870870180853136E-002   6.6817266224686311E-003
   3.0910910219998210E-002   6.6740663096742344E-003
   3.0950950259143285E-002   6.6664085018872917E-003
   3.0990990298288362E-002   6.6587531991078013E-003
   3.1031030337433436E-002   6.6511004013357685E-003
   3.1071070376578511E-002   6.6434501085711880E-003
   3.1111110415723588E-002   6.6358023208140599E-003
   3.1151150454868663E-002   6.6281570380643876E-003
   3.1191190494013737E-002   6.6205142603221684E-003
   3.1231230533158814E-002   6.6128739875874034E-003
   3.1271270572303889E-002   6.6052362198600932E-003
   3.1311310611448963E-002   6.5976009571402355E-003
   3.1351350650594037E-002   6.5899681994278335E-003
   3.1391390689739118E-002   6.5823379467228839E-003
   3.1431430728884192E-002   6.5747101990253900E-003
   3.1471470768029267E-002   6.5670849563353494E-003
   3.1511510807174341E-002   6.5594622186527628E-003
   3.1551550846319415E-002   6.5518419859776304E-003
   3.1591590885464489E-002   6.5442242583099519E-003
   3.1631630924609570E-002   6.5366090356497267E-003
   3.1671670963754645E-002   6.5289963179969556E-003
   3.1711711002899719E-002   6.5213861053516394E-003
   3.1751751042044793E-002   6.5137783977137782E-003
   3.1791791081189867E-002   6.5061731950833692E-003
   3.1831831120334941E-002   6.4985704974604153E-003
   3.1871871159480022E-002   6.4909703048449145E-003
   3.1911911198625097E-002   6.4833726172368678E-003
   3.1951951237770171E-002   6.4757774346362752E-003
   3.1991991276915245E-002   6.4681847570431375E-003
   3.2032031316060319E-002   6.4605945844574530E-003
   3.2072071355205393E-002   6.4530069168792226E-003
   3.2112111394350475E-002   6.4454217543084454E-003
   3.2152151433495549E-002   6.4378390967451240E-003
   3.2192191472640623E-002   6.4302589441892558E-003
   3.2232231511785697E-002   6.4226812966408425E-003
   3.2272271550930771E-002   6.4151061540998816E-003
   3.2312311590075846E-002   6.4075335165663756E-003
   3.2352351629220927E-002   6.3999633840403228E-003
   3.2392391668366001E-002   6.3923957565217241E-003
   3.2432431707511075E-002   6.3848306340105803E-003
   3.2472471746656149E-002   6.3772680165068898E-003
   3.2512511785801224E-002   6.3697079040106550E-003
   3.2552551824946305E-002   6.3621502965218717E-003
   3.2592591864091379E-002   6.3545951940405451E-003
   3.2632631903236453E-002   6.3470425965666700E-003
   3.2672671942381527E-002   6.3394925041002506E-003
   3.2712711981526602E-002   6.3319449166412845E-003
   3.2752752020671676E-002   6.3243998341897733E-003
   3.2792792059816757E-002   6.3168572567457145E-003
   3.2832832098961831E-002   6.3093171843091097E-003
   3.2872872138106905E-002   6.3017796168799598E-003
   3.2912912177251979E-002   6.2942445544582649E-003
   3.2952952216397054E-002   6.2867119970440232E-003
   3.2992992255542128E-002   6.2791819446372356E-003
   3.3033032294687209E-002   6.2716543972379012E-003
   3.3073072333832283E-002   6.2641293548460217E-003
   3.3113112372977357E-002   6.2566068174615963E-003
   3.3153152412122432E-002   6.2490867850846250E-003
   3.3193192451267506E-002   6.2415692577151060E-003
   3.3233232490412580E-002   6.2340542353530428E-003
   3.3273272529557661E-002   6.2265417179984319E-003
   3.3313312568702735E-002   6.2190317056512769E-003
   3.3353352607847810E-002   6.2115241983115759E-003
   3.3393392646992884E-002   6.2040191959793281E-003
   3.3433432686137958E-002   6.1965166986545353E-003
   3.3473472725283039E-002   6.1890167063371948E-003
   3.3513512764428113E-002   6.1815192190273101E-003
   3.3553552803573188E-002   6.1740242367248769E-003
   3.3593592842718262E-002   6.1665317594299003E-003
   3.3633632881863336E-002   6.1590417871423770E-003
   3.3673672921008410E-002   6.1515543198623077E-003
   3.3713712960153491E-002   6.1440693575896916E-003
   3.3753752999298565E-002   6.1365869003245305E-003
   3.3793793038443640E-002   6.1291069480668217E-003
   3.3833833077588714E-002   6.1216295008165705E-003
   3.3873873116733788E-002   6.1141545585737698E-003
   3.3913913155878862E-002   6.1066821213384250E-003
   3.3953953195023943E-002   6.0992121891105325E-003
   3.3993993234169018E-002   6.0917447618900958E-003
   3.4034033273314092E-002   6.0842798396771132E-003
   3.4074073312459166E-002   6.0768174224715829E-003
   3.4114113351604240E-002   6.0693575102735093E-003
   3.4154153390749314E-002   6.0619001030828871E-003
   3.4194193429894396E-002   6.0544452008997190E-003
   3.4234233469039470E-002   6.0469928037240077E-003
   3.4274273508184544E-002   6.0395429115557477E-003
   3.4314313547329618E-002   6.0320955243949427E-003
   3.4354353586474692E-002   6.0246506422415918E-003
   3.4394393625619767E-002   6.0172082650956958E-003
   3.4434433664764848E-002   6.0097683929572496E-003
   3.4474473703909922E-002   6.0023310258262626E-003
   3.4514513743054996E-002   5.9948961637027263E-003
   3.4554553782200070E-002   5.9874638065866457E-003
   3.4594593821345145E-002   5.9800339544780210E-003
   3.4634633860490226E-002   5.9726066073768451E-003
   3.4674673899635300E-002   5.9651817652831268E-003
   3.4714713938780374E-002   5.9577594281968625E-003
   3.4754753977925448E-002   5.9503395961180523E-003
   3.4794794017070522E-002   5.9429222690466944E-003
   3.4834834056215597E-002   5.9355074469827932E-003
   3.4874874095360678E-002   5.9280951299263418E-003
   3.4914914134505752E-002   5.9206853178773470E-003
   3.4954954173650826E-002   5.9132780108358089E-003
   3.4994994212795900E-002   5.9058732088017206E-003
   3.5035034251940975E-002   5.8984709117750889E-003
   3.5075074291086049E-002   5.8910711197559104E-003
   3.5115114330231130E-002   5.8836738327441842E-003
   3.5155154369376204E-002   5.8762790507399121E-003
   3.5195194408521278E-002   5.8688867737430976E-003
   3.5235234447666353E-002   5.8614970017537345E-003
   3.5275274486811427E-002   5.8541097347718256E-003
   3.5315314525956501E-002   5.8467249727973732E-003
   3.5355354565101582E-002   5.8393427158303698E-003
   3.5395394604246656E-002   5.8319629638708239E-003
   3.5435434643391731E-002   5.8245857169187320E-003
   3.5475474682536805E-002   5.8172109749740943E-003
   3.5515514721681879E-002   5.8098387380369080E-003
   3.5555554760826953E-002   5.8024690061071783E-003
   3.5595594799972034E-002   5.7951017791849010E-003
   3.5635634839117108E-002   5.7877370572700787E-003
   3.5675674878262183E-002   5.7803748403627130E-003
   3.5715714917407257E-002   5.7730151284627971E-003
   3.5755754956552331E-002   5.7656579215703370E-003
   3.5795794995697412E-002   5.7583032196853300E-003
   3.5835835034842486E-002   5.7509510228077780E-003
   3.5875875073987561E-002   5.7436013309376784E-003
   3.5915915113132635E-002   5.7362541440750345E-003
   3.5955955152277709E-002   5.7289094622198448E-003
   3.5995995191422783E-002   5.7215672853721091E-003
   3.6036035230567864E-002   5.7142276135318274E-003
   3.6076075269712939E-002   5.7068904466989982E-003
   3.6116115308858013E-002   5.6995557848736247E-003
   3.6156155348003087E-002   5.6922236280557027E-003
   3.6196195387148161E-002   5.6848939762452391E-003
   3.6236235426293235E-002   5.6775668294422252E-003
   3.6276275465438317E-002   5.6702421876466663E-003
   3.6316315504583391E-002   5.6629200508585623E-003
   3.6356355543728465E-002   5.6556004190779132E-003
   3.6396395582873539E-002   5.6482832923047156E-003
   3.6436435622018613E-002   5.6409686705389756E-003
   3.6476475661163688E-002   5.6336565537806887E-003
   3.6516515700308769E-002   5.6263469420298516E-003
   3.6556555739453843E-002   5.6190398352864738E-003
   3.6596595778598917E-002   5.6117352335505466E-003
   3.6636635817743991E-002   5.6044331368220752E-003
   3.6676675856889066E-002   5.5971335451010578E-003
   3.6716715896034147E-002   5.5898364583874937E-003
   3.6756755935179221E-002   5.5825418766813819E-003
   3.6796795974324295E-002   5.5752497999827285E-003
   3.6836836013469369E-002   5.5679602282915266E-003
   3.6876876052614443E-002   5.5606731616077779E-003
   3.6916916091759518E-002   5.5533885999314867E-003
   3.6956956130904599E-002   5.5461065432626444E-003
   3.6996996170049673E-002   5.5388269916012587E-003
   3.7037036209194747E-002   5.5315499449473272E-003
   3.7077076248339821E-002   5.5242754033008505E-003
   3.7117116287484896E-002   5.5170033666618254E-003
   3.7157156326629970E-002   5.5097338350302578E-003
   3.7197196365775051E-002   5.5024668084061416E-003
   3.7237236404920125E-002   5.4952022867894787E-003
   3.7277276444065199E-002   5.4879402701802724E-003
   3.7317316483210274E-002   5.4806807585785176E-003
   3.7357356522355348E-002   5.4734237519842195E-003
   3.7397396561500422E-002   5.4661692503973746E-003
   3.7437436600645503E-002   5.4589172538179812E-003
   3.7477476639790577E-002   5.4516677622460426E-003
   3.7517516678935652E-002   5.4444207756815608E-003
   3.7557556718080726E-002   5.4371762941245322E-003
   3.7597596757225800E-002   5.4299343175749568E-003
   3.7637636796370874E-002   5.4226948460328363E-003
   3.7677676835515955E-002   5.4154578794981673E-003
   3.7717716874661029E-002   5.4082234179709549E-003
   3.7757756913806104E-002   5.4009914614511958E-003
   3.7797796952951178E-002   5.3937620099388899E-003
   3.7837836992096252E-002   5.3865350634340371E-003
   3.7877877031241333E-002   5.3793106219366411E-003
   3.7917917070386407E-002   5.3720886854466982E-003
   3.7957957109531482E-002   5.3648692539642086E-003
   3.7997997148676556E-002   5.3576523274891756E-003
   3.8038037187821630E-002   5.3504379060215924E-003
   3.8078077226966704E-002   5.3432259895614658E-003
   3.8118117266111785E-002   5.3360165781087925E-003
   3.8158157305256860E-002   5.3288096716635740E-003
   3.8198197344401934E-002   5.3216052702258071E-003
   3.8238237383547008E-002   5.3144033737954986E-003
   3.8278277422692082E-002   5.3072039823726415E-003
   3.8318317461837156E-002   5.3000070959572376E-003
   3.8358357500982238E-002   5.2928127145492887E-003
   3.8398397540127312E-002   5.2856208381487930E-003
   3.8438437579272386E-002   5.2784314667557522E-003
   3.8478477618417460E-002   5.2712446003701646E-003
   3.8518517657562534E-002   5.2640602389920337E-003
   3.8558557696707609E-002   5.2568783826213526E-003
   3.8598597735852690E-002   5.2496990312581298E-003
   3.8638637774997764E-002   5.2425221849023585E-003
   3.8678677814142838E-002   5.2353478435540404E-003
   3.8718717853287912E-002   5.2281760072131773E-003
   3.8758757892432986E-002   5.2210066758797708E-003
   3.8798797931578061E-002   5.2138398495538158E-003
   3.8838837970723142E-002   5.2066755282353123E-003
   3.8878878009868216E-002   5.1995137119242672E-003
   3.8918918049013290E-002   5.1923544006206735E-003
   3.8958958088158364E-002   5.1851975943245348E-003
   3.8998998127303439E-002   5.1780432930358528E-003
   3.9039038166448520E-002   5.1708914967546205E-003
   3.9079078205593594E-002   5.1637422054808431E-003
   3.9119118244738668E-002   5.1565954192145224E-003
   3.9159158283883742E-002   5.1494511379556532E-003
   3.9199198323028817E-002   5.1423093617042372E-003
   3.9239238362173891E-002   5.1351700904602796E-003
   3.9279278401318972E-002   5.1280333242237700E-003
   3.9319318440464046E-002   5.1208990629947170E-003
   3.9359358479609120E-002   5.1137673067731208E-003
   3.9399398518754195E-002   5.1066380555589760E-003
   3.9439438557899269E-002   5.0995113093522861E-003
   3.9479478597044343E-002   5.0923870681530495E-003
   3.9519518636189424E-002   5.0852653319612660E-003
   3.9559558675334498E-002   5.0781461007769375E-003
   3.9599598714479572E-002   5.0710293746000657E-003
   3.9639638753624647E-002   5.0639151534306436E-003
   3.9679678792769721E-002   5.0568034372686782E-003
   3.9719718831914795E-002   5.0496942261141677E-003
   3.9759758871059876E-002   5.0425875199671070E-003
   3.9799798910204950E-002   5.0354833188275029E-003
   3.9839838949350025E-002   5.0283816226953520E-003
   3.9879878988495099E-002   5.0212824315706579E-003
   3.9919919027640173E-002   5.0141857454534134E-003
   3.9959959066785254E-002   5.0070915643436274E-003
   3.9999999105930328E-002   4.9999998882412910E-003
