   3.3333331843217230E-006   33.611670424536321     
   3.2999999269843104E-004   33.525914617362552     
   6.6333331858118379E-004   33.318351538819513     
   9.9666664446393643E-004   33.291092605977013     
   1.3299999703466892E-003   34.779884584758776     
   1.6633332962294419E-003   34.806752415832960     
   1.9966666221121949E-003   32.918229966462320     
   2.3299999479949474E-003   34.344160613128871     
   2.6633332738777004E-003   34.074309752090301     
   2.9966665997604534E-003   33.544437870835047     
   3.3299999256432059E-003   33.297847403140565     
   3.6633332515259584E-003   32.356884935137828     
   3.9966665774087114E-003   34.671958528810642     
   4.3299999032914644E-003   34.189288855408201     
   4.6633332291742165E-003   34.292567809848414     
   4.9966665550569694E-003   33.979132438816379     
   5.3299998809397224E-003   33.756588673379895     
   5.6633332068224754E-003   33.867373455886082     
   5.9966665327052283E-003   33.500592376635915     
   6.3299998585879804E-003   33.899675559372838     
   6.6633331844707334E-003   33.409657710920690     
   6.9966665103534864E-003   32.868373908698608     
   7.3299998362362385E-003   33.340090477230007     
   7.6633331621189914E-003   33.235742574583149     
   7.9966664880017444E-003   34.259656356588586     
   8.3299998138844974E-003   34.001411960282681     
   8.6633331397672503E-003   33.684265271769938     
   8.9966664656500033E-003   33.302976907337126     
   9.3299997915327545E-003   32.971420426478566     
   9.6633331174155075E-003   33.630873033895405     
   9.9966664432982605E-003   33.687700302304904     
   1.0329999769181013E-002   33.989415494166224     
   1.0663333095063766E-002   33.631032501563041     
   1.0996666420946519E-002   33.503765357523179     
   1.1329999746829272E-002   32.393800173223973     
   1.1663333072712025E-002   32.025922711817060     
   1.1996666398594778E-002   33.705005713692920     
   1.2329999724477530E-002   33.682526617397713     
   1.2663333050360282E-002   34.048056641529932     
   1.2996666376243035E-002   33.467036296318859     
   1.3329999702125788E-002   33.045594690480137     
   1.3663333028008541E-002   32.973660592879682     
   1.3996666353891294E-002   32.029655676723500     
   1.4329999679774047E-002   33.534313623401118     
   1.4663333005656799E-002   32.977668214757742     
   1.4996666331539552E-002   32.830492632509880     
   1.5329999657422304E-002   32.561693953013602     
   1.5663332983305057E-002   32.585748147459249     
   1.5996666309187810E-002   32.875303481726746     
   1.6329999635070563E-002   32.832787582323718     
   1.6663332960953316E-002   32.701545999052584     
   1.6996666286836069E-002   33.869815966935562     
   1.7329999612718822E-002   32.108714267160721     
   1.7663332938601575E-002   33.111169422537223     
   1.7996666264484328E-002   33.488616617057446     
   1.8329999590367081E-002   32.515461172623503     
   1.8663332916249831E-002   32.989438698907620     
   1.8996666242132584E-002   33.171915557869660     
   1.9329999568015337E-002   33.120258228104717     
   1.9663332893898090E-002   32.806802892327660     
   1.9996666219780843E-002   32.810164459383998     
   2.0329999545663596E-002   33.166302011276301     
   2.0663332871546349E-002   32.239798047249764     
   2.0996666197429101E-002   34.551792417306743     
   2.1329999523311854E-002   32.163417307534331     
   2.1663332849194607E-002   33.784944832275329     
   2.1996666175077360E-002   32.603077355466468     
   2.2329999500960113E-002   32.821806878807273     
   2.2663332826842866E-002   33.189397276446037     
   2.2996666152725619E-002   32.632522236769709     
   2.3329999478608372E-002   32.850407331602867     
   2.3663332804491125E-002   32.713946621618497     
   2.3996666130373878E-002   33.367135176884894     
   2.4329999456256628E-002   32.474127118486741     
   2.4663332782139381E-002   31.949398287550306     
   2.4996666108022134E-002   32.028775036069490     
   2.5329999433904887E-002   32.710850776380973     
   2.5663332759787640E-002   32.784380183530700     
   2.5996666085670393E-002   32.981884885087695     
   2.6329999411553145E-002   32.823869389474659     
   2.6663332737435898E-002   33.610239709514843     
   2.6996666063318651E-002   32.716747170750921     
   2.7329999389201404E-002   32.779033127434190     
   2.7663332715084157E-002   33.183674101017516     
   2.7996666040966910E-002   33.746267914844545     
   2.8329999366849663E-002   33.969988304661655     
   2.8663332692732416E-002   33.185916971250407     
   2.8996666018615169E-002   33.408420657743875     
   2.9329999344497919E-002   33.173024940923312     
   2.9663332670380672E-002   33.381106065392302     
   2.9996665996263425E-002   32.790785467069888     
   3.0329999322146178E-002   32.906188840424818     
   3.0663332648028931E-002   33.219348388289163     
   3.0996665973911684E-002   33.524307643161528     
   3.1329999299794437E-002   33.022217577474322     
   3.1663332625677193E-002   32.962825374182877     
   3.1996665951559942E-002   33.359304064969770     
   3.2329999277442692E-002   33.180510174523889     
   3.2663332603325448E-002   33.230420452488879     
   3.2996665929208198E-002   34.060442306658302     
   3.3329999255090954E-002   33.877578821340677     
   3.3663332580973704E-002   32.443639864569342     
   3.3996665906856460E-002   34.259229001611871     
   3.4329999232739210E-002   34.409207849863719     
   3.4663332558621966E-002   33.603384667222791     
   3.4996665884504716E-002   33.649399305974377     
   3.5329999210387472E-002   34.453974264456193     
   3.5663332536270222E-002   34.283943138561959     
   3.5996665862152978E-002   33.443001346338960     
   3.6329999188035728E-002   34.192872507587204     
   3.6663332513918484E-002   34.388842772947555     
   3.6996665839801234E-002   34.042590481569491     
   3.7329999165683983E-002   34.066103971698539     
   3.7663332491566739E-002   34.222293644513101     
   3.7996665817449489E-002   34.333842985442281     
   3.8329999143332245E-002   33.739939963404616     
   3.8663332469214995E-002   33.559129649031995     
   3.8996665795097751E-002   33.418397606094835     
   3.9329999120980501E-002   33.545230100717298     
   3.9663332446863257E-002   35.049461260570837     
   3.9996665772746007E-002   33.660758006491655     
