   3.3333331843217230E-006   42.413515219391108     
   3.2999999269843104E-004   43.442180987548220     
   6.6333331858118379E-004   42.334108957647310     
   9.9666664446393643E-004   42.788134699768065     
   1.3299999703466892E-003   42.780467335341868     
   1.6633332962294419E-003   42.442562974150619     
   1.9966666221121949E-003   43.278595310099924     
   2.3299999479949474E-003   43.436064066969060     
   2.6633332738777004E-003   43.496137228170625     
   2.9966665997604534E-003   42.715746373355422     
   3.3299999256432059E-003   43.481749331606323     
   3.6633332515259584E-003   44.093183546429906     
   3.9966665774087114E-003   43.381536816216908     
   4.3299999032914644E-003   43.625447075925884     
   4.6633332291742165E-003   43.291289423843295     
   4.9966665550569694E-003   42.495393723091944     
   5.3299998809397224E-003   42.766682532367831     
   5.6633332068224754E-003   43.634917249939484     
   5.9966665327052283E-003   43.210389217844956     
   6.3299998585879804E-003   44.093829514558642     
   6.6633331844707334E-003   42.985015430151236     
   6.9966665103534864E-003   43.282551792159296     
   7.3299998362362385E-003   43.593146602977207     
   7.6633331621189914E-003   43.605718484568946     
   7.9966664880017444E-003   43.160823548418776     
   8.3299998138844974E-003   43.001556684098610     
   8.6633331397672503E-003   43.304151379476657     
   8.9966664656500033E-003   43.235871839715841     
   9.3299997915327545E-003   43.980510059401055     
   9.6633331174155075E-003   44.708586357072022     
   9.9966664432982605E-003   43.701285919382379     
   1.0329999769181013E-002   44.528644308540073     
   1.0663333095063766E-002   44.076613995831160     
   1.0996666420946519E-002   43.533522468469812     
   1.1329999746829272E-002   45.266694172723241     
   1.1663333072712025E-002   44.125078807141293     
   1.1996666398594778E-002   44.369526453061319     
   1.2329999724477530E-002   44.959355740190311     
   1.2663333050360282E-002   45.198441757757870     
   1.2996666376243035E-002   45.988508456334436     
   1.3329999702125788E-002   45.004677977421288     
   1.3663333028008541E-002   44.963206715047136     
   1.3996666353891294E-002   44.847003313706992     
   1.4329999679774047E-002   44.742617610088985     
   1.4663333005656799E-002   44.980162231019591     
   1.4996666331539552E-002   44.463395195005461     
   1.5329999657422304E-002   45.616226860683824     
   1.5663332983305057E-002   45.574174795281820     
   1.5996666309187810E-002   44.527801188120293     
   1.6329999635070563E-002   45.666472626721692     
   1.6663332960953316E-002   44.970716558484199     
   1.6996666286836069E-002   46.256735536438448     
   1.7329999612718822E-002   45.676180414183520     
   1.7663332938601575E-002   45.439574845127261     
   1.7996666264484328E-002   46.002023103277992     
   1.8329999590367081E-002   46.707257368302812     
   1.8663332916249831E-002   45.672970890271266     
   1.8996666242132584E-002   45.664183909602343     
   1.9329999568015337E-002   46.015657805049926     
   1.9663332893898090E-002   46.609823011615056     
   1.9996666219780843E-002   46.294538553858438     
   2.0329999545663596E-002   46.215166074421681     
   2.0663332871546349E-002   46.376991309792871     
   2.0996666197429101E-002   46.044851755906912     
   2.1329999523311854E-002   46.092539212684713     
   2.1663332849194607E-002   46.279593536850797     
   2.1996666175077360E-002   45.997415271099300     
   2.2329999500960113E-002   45.730198693779194     
   2.2663332826842866E-002   45.041513859719373     
   2.2996666152725619E-002   45.201959363110468     
   2.3329999478608372E-002   45.677095186252345     
   2.3663332804491125E-002   46.207512594604275     
   2.3996666130373878E-002   46.203962923097187     
   2.4329999456256628E-002   45.597176141162969     
   2.4663332782139381E-002   45.779872516622156     
   2.4996666108022134E-002   45.264276533901310     
   2.5329999433904887E-002   45.394803981955654     
   2.5663332759787640E-002   45.618318264438400     
   2.5996666085670393E-002   45.446054144250688     
   2.6329999411553145E-002   45.290375977985164     
   2.6663332737435898E-002   44.815325279750425     
   2.6996666063318651E-002   44.933094247402863     
   2.7329999389201404E-002   44.104361119123269     
   2.7663332715084157E-002   44.632803375654873     
   2.7996666040966910E-002   44.728952536011271     
   2.8329999366849663E-002   44.026066917344352     
   2.8663332692732416E-002   44.699438576897371     
   2.8996666018615169E-002   43.908820073851679     
   2.9329999344497919E-002   44.624689420263209     
   2.9663332670380672E-002   43.735025524875525     
   2.9996665996263425E-002   43.962660459668683     
   3.0329999322146178E-002   42.924092677964005     
   3.0663332648028931E-002   43.589292074574381     
   3.0996665973911684E-002   43.409671729460911     
   3.1329999299794437E-002   42.641565716186442     
   3.1663332625677193E-002   42.753829638897251     
   3.1996665951559942E-002   42.511533761994770     
   3.2329999277442692E-002   43.148675657846688     
   3.2663332603325448E-002   42.885571173356233     
   3.2996665929208198E-002   42.415600140843971     
   3.3329999255090954E-002   42.541635805332739     
   3.3663332580973704E-002   42.250977347581014     
   3.3996665906856460E-002   41.896972403906965     
   3.4329999232739210E-002   41.163815542409644     
   3.4663332558621966E-002   42.786552566056422     
   3.4996665884504716E-002   42.222752968756538     
   3.5329999210387472E-002   41.845502668202236     
   3.5663332536270222E-002   41.602138280894494     
   3.5996665862152978E-002   41.031614996378224     
   3.6329999188035728E-002   40.153083035028416     
   3.6663332513918484E-002   42.283686324302543     
   3.6996665839801234E-002   41.390846363774365     
   3.7329999165683983E-002   43.062825185376894     
   3.7663332491566739E-002   41.887889898534176     
   3.7996665817449489E-002   41.901030416232075     
   3.8329999143332245E-002   42.094724439953730     
   3.8663332469214995E-002   41.674726256918255     
   3.8996665795097751E-002   41.952528995384867     
   3.9329999120980501E-002   41.690662246720862     
   3.9663332446863257E-002   41.420539036395141     
   3.9996665772746007E-002   42.460643040650332     
