   3.3333331843217230E-006   32.568994639118934     
   3.2999999269843104E-004   32.524707649632646     
   6.6333331858118379E-004   32.460603983190914     
   9.9666664446393643E-004   32.508715133472926     
   1.3299999703466892E-003   32.571519319468401     
   1.6633332962294419E-003   32.499412640025071     
   1.9966666221121949E-003   32.609883137414471     
   2.3299999479949474E-003   32.597606884859921     
   2.6633332738777004E-003   32.624025108643252     
   2.9966665997604534E-003   32.481257579377633     
   3.3299999256432059E-003   32.629826246869364     
   3.6633332515259584E-003   32.684963434566740     
   3.9966665774087114E-003   32.609506600581881     
   4.3299999032914644E-003   32.506128285680909     
   4.6633332291742165E-003   32.592704908989482     
   4.9966665550569694E-003   32.753404744942181     
   5.3299998809397224E-003   32.629867353774394     
   5.6633332068224754E-003   32.830980318848773     
   5.9966665327052283E-003   32.842585749655385     
   6.3299998585879804E-003   32.748203200031760     
   6.6633331844707334E-003   32.783532279259738     
   6.9966665103534864E-003   32.741590483096097     
   7.3299998362362385E-003   32.778195438644723     
   7.6633331621189914E-003   32.828160114495851     
   7.9966664880017444E-003   32.903892177450160     
   8.3299998138844974E-003   33.191394823182989     
   8.6633331397672503E-003   33.054953160631030     
   8.9966664656500033E-003   33.087331822193796     
   9.3299997915327545E-003   33.195485253626202     
   9.6633331174155075E-003   33.350274606050405     
   9.9966664432982605E-003   33.178551468510513     
   1.0329999769181013E-002   33.165026801394248     
   1.0663333095063766E-002   33.276420322432294     
   1.0996666420946519E-002   33.346091445110183     
   1.1329999746829272E-002   33.414969429196006     
   1.1663333072712025E-002   33.347764754481531     
   1.1996666398594778E-002   33.546108114998709     
   1.2329999724477530E-002   33.546715713074079     
   1.2663333050360282E-002   33.738604121371168     
   1.2996666376243035E-002   33.677763850052166     
   1.3329999702125788E-002   33.798585718572618     
   1.3663333028008541E-002   33.995360968184137     
   1.3996666353891294E-002   33.819741768195648     
   1.4329999679774047E-002   33.955272539395573     
   1.4663333005656799E-002   33.999971253077113     
   1.4996666331539552E-002   34.085022129701784     
   1.5329999657422304E-002   34.045532577125137     
   1.5663332983305057E-002   34.298008572759514     
   1.5996666309187810E-002   34.244201896285020     
   1.6329999635070563E-002   34.330137715356983     
   1.6663332960953316E-002   34.514256691294712     
   1.6996666286836069E-002   34.552311582982298     
   1.7329999612718822E-002   34.648833276140664     
   1.7663332938601575E-002   34.555350645499530     
   1.7996666264484328E-002   34.618606312185008     
   1.8329999590367081E-002   34.682792936517956     
   1.8663332916249831E-002   34.900018770247073     
   1.8996666242132584E-002   34.776996728628056     
   1.9329999568015337E-002   35.068840956620143     
   1.9663332893898090E-002   35.161393984473413     
   1.9996666219780843E-002   35.196224252711168     
   2.0329999545663596E-002   35.192480208211656     
   2.0663332871546349E-002   35.473359885803376     
   2.0996666197429101E-002   35.382276538411581     
   2.1329999523311854E-002   35.554532085158613     
   2.1663332849194607E-002   35.475521965169918     
   2.1996666175077360E-002   35.681545262217533     
   2.2329999500960113E-002   35.732772619318638     
   2.2663332826842866E-002   35.948490690031882     
   2.2996666152725619E-002   36.039084643599487     
   2.3329999478608372E-002   36.151425220242039     
   2.3663332804491125E-002   36.033381662633879     
   2.3996666130373878E-002   36.421502859330339     
   2.4329999456256628E-002   36.651103732270343     
   2.4663332782139381E-002   36.596210243811349     
   2.4996666108022134E-002   36.623421049315105     
   2.5329999433904887E-002   36.927447738442595     
   2.5663332759787640E-002   36.778504446148979     
   2.5996666085670393E-002   37.174597584580432     
   2.6329999411553145E-002   37.362998038267378     
   2.6663332737435898E-002   37.337353746214802     
   2.6996666063318651E-002   37.712132458320241     
   2.7329999389201404E-002   37.565707382903270     
   2.7663332715084157E-002   37.872632327058220     
   2.7996666040966910E-002   37.946388248723082     
   2.8329999366849663E-002   37.980039058440724     
   2.8663332692732416E-002   38.174582628282273     
   2.8996666018615169E-002   38.361930520645039     
   2.9329999344497919E-002   38.479417429419001     
   2.9663332670380672E-002   38.508567850340789     
   2.9996665996263425E-002   38.748311434782295     
   3.0329999322146178E-002   38.945178705583373     
   3.0663332648028931E-002   39.051091942316312     
   3.0996665973911684E-002   39.328332003915449     
   3.1329999299794437E-002   39.145053728437091     
   3.1663332625677193E-002   39.380338548468707     
   3.1996665951559942E-002   39.401080279550648     
   3.2329999277442692E-002   39.598479280122234     
   3.2663332603325448E-002   39.663210399056091     
   3.2996665929208198E-002   39.851813076200536     
   3.3329999255090954E-002   39.768041596827906     
   3.3663332580973704E-002   39.872868290700836     
   3.3996665906856460E-002   39.983789312713682     
   3.4329999232739210E-002   39.995939088572300     
   3.4663332558621966E-002   40.179265833632655     
   3.4996665884504716E-002   40.197266971082264     
   3.5329999210387472E-002   40.213111544468426     
   3.5663332536270222E-002   40.235719066272189     
   3.5996665862152978E-002   40.475895738340547     
   3.6329999188035728E-002   40.417180992699642     
   3.6663332513918484E-002   40.520922850432498     
   3.6996665839801234E-002   40.396817398616840     
   3.7329999165683983E-002   40.554949371423533     
   3.7663332491566739E-002   40.419361986958407     
   3.7996665817449489E-002   40.524313120508239     
   3.8329999143332245E-002   40.488625811800276     
   3.8663332469214995E-002   40.502730916721845     
   3.8996665795097751E-002   40.569689193557664     
   3.9329999120980501E-002   40.570992786452095     
   3.9663332446863257E-002   40.648239463534615     
   3.9996665772746007E-002   40.651907889335995     
