   3.3333331843217230E-006   34.341511773023363     
   3.2999999269843104E-004   34.137967352763269     
   6.6333331858118379E-004   34.339735758811933     
   9.9666664446393643E-004   34.291991368368159     
   1.3299999703466892E-003   34.386401934349031     
   1.6633332962294419E-003   34.425278556673305     
   1.9966666221121949E-003   34.070374536818420     
   2.3299999479949474E-003   34.202003073793094     
   2.6633332738777004E-003   34.182969567065413     
   2.9966665997604534E-003   34.227911451445934     
   3.3299999256432059E-003   34.131623470589545     
   3.6633332515259584E-003   34.258720893336267     
   3.9966665774087114E-003   33.940319538264518     
   4.3299999032914644E-003   34.184725644998061     
   4.6633332291742165E-003   34.061590604863881     
   4.9966665550569694E-003   34.185990403172937     
   5.3299998809397224E-003   33.955164154669227     
   5.6633332068224754E-003   34.061075086949003     
   5.9966665327052283E-003   33.882202973081611     
   6.3299998585879804E-003   33.937574633385623     
   6.6633331844707334E-003   33.894343798248649     
   6.9966665103534864E-003   33.698597765049946     
   7.3299998362362385E-003   33.678186398944980     
   7.6633331621189914E-003   33.791088274965901     
   7.9966664880017444E-003   33.738240608692507     
   8.3299998138844974E-003   33.679931003887468     
   8.6633331397672503E-003   33.657619525476534     
   8.9966664656500033E-003   33.588859064517095     
   9.3299997915327545E-003   33.887171501586423     
   9.6633331174155075E-003   33.567232446674005     
   9.9966664432982605E-003   33.582756799513042     
   1.0329999769181013E-002   33.578051651986520     
   1.0663333095063766E-002   33.351578859444601     
   1.0996666420946519E-002   33.716274856892099     
   1.1329999746829272E-002   33.548535706157224     
   1.1663333072712025E-002   33.224130613437524     
   1.1996666398594778E-002   33.297663739080335     
   1.2329999724477530E-002   33.083098955688847     
   1.2663333050360282E-002   33.204695219897580     
   1.2996666376243035E-002   33.299546792021843     
   1.3329999702125788E-002   33.241866198082064     
   1.3663333028008541E-002   33.150900047195002     
   1.3996666353891294E-002   33.458936826386591     
   1.4329999679774047E-002   33.007597680689535     
   1.4663333005656799E-002   33.081853881018652     
   1.4996666331539552E-002   33.135193828087679     
   1.5329999657422304E-002   33.177333283376619     
   1.5663332983305057E-002   33.132188620089387     
   1.5996666309187810E-002   33.231379580885296     
   1.6329999635070563E-002   33.130376282371657     
   1.6663332960953316E-002   33.042935759054444     
   1.6996666286836069E-002   32.925801931662292     
   1.7329999612718822E-002   32.936620728629414     
   1.7663332938601575E-002   33.053999000420760     
   1.7996666264484328E-002   33.374573007566525     
   1.8329999590367081E-002   33.009208479578035     
   1.8663332916249831E-002   32.917910887816028     
   1.8996666242132584E-002   33.155491778171161     
   1.9329999568015337E-002   33.138950933119496     
   1.9663332893898090E-002   32.861184994605665     
   1.9996666219780843E-002   32.990443188119706     
   2.0329999545663596E-002   33.109774225345511     
   2.0663332871546349E-002   32.915073745687252     
   2.0996666197429101E-002   32.974465417187353     
   2.1329999523311854E-002   33.131792285041151     
   2.1663332849194607E-002   33.000337824325378     
   2.1996666175077360E-002   33.230767744130304     
   2.2329999500960113E-002   33.075787294450535     
   2.2663332826842866E-002   32.899646415149832     
   2.2996666152725619E-002   32.976981603376380     
   2.3329999478608372E-002   33.133606386035268     
   2.3663332804491125E-002   33.119368182605086     
   2.3996666130373878E-002   33.147108898566842     
   2.4329999456256628E-002   32.953677535071343     
   2.4663332782139381E-002   32.980860592135144     
   2.4996666108022134E-002   33.271107841863262     
   2.5329999433904887E-002   33.041194429796960     
   2.5663332759787640E-002   33.297810723227578     
   2.5996666085670393E-002   33.277535729681198     
   2.6329999411553145E-002   33.202652430193169     
   2.6663332737435898E-002   33.219491331208630     
   2.6996666063318651E-002   33.218187344653487     
   2.7329999389201404E-002   33.349134575864227     
   2.7663332715084157E-002   33.255582277198052     
   2.7996666040966910E-002   33.452092889563126     
   2.8329999366849663E-002   33.440688988124762     
   2.8663332692732416E-002   33.552702474517027     
   2.8996666018615169E-002   33.541191548469897     
   2.9329999344497919E-002   33.281838008239028     
   2.9663332670380672E-002   33.638910831208484     
   2.9996665996263425E-002   33.849738147403222     
   3.0329999322146178E-002   33.714281543941354     
   3.0663332648028931E-002   33.351896213642512     
   3.0996665973911684E-002   33.644863516903307     
   3.1329999299794437E-002   33.732511382838311     
   3.1663332625677193E-002   33.846582166478683     
   3.1996665951559942E-002   33.627008756061585     
   3.2329999277442692E-002   33.699975203427165     
   3.2663332603325448E-002   33.734044135496411     
   3.2996665929208198E-002   33.931576740594302     
   3.3329999255090954E-002   33.971358126835916     
   3.3663332580973704E-002   33.953526778457672     
   3.3996665906856460E-002   33.994290729503618     
   3.4329999232739210E-002   34.078501899733006     
   3.4663332558621966E-002   34.109742288487055     
   3.4996665884504716E-002   34.032093034748222     
   3.5329999210387472E-002   34.173892959177095     
   3.5663332536270222E-002   34.003352351499068     
   3.5996665862152978E-002   34.118523162882475     
   3.6329999188035728E-002   34.123239853330176     
   3.6663332513918484E-002   34.076677019782387     
   3.6996665839801234E-002   34.156169092849900     
   3.7329999165683983E-002   34.251493792465780     
   3.7663332491566739E-002   34.072127944871141     
   3.7996665817449489E-002   34.146779991912013     
   3.8329999143332245E-002   34.247727616994368     
   3.8663332469214995E-002   34.072704375145783     
   3.8996665795097751E-002   34.060241261878254     
   3.9329999120980501E-002   34.215956951445541     
   3.9663332446863257E-002   34.214002519764207     
   3.9996665772746007E-002   34.396700644486707     
