   3.3333331843217230E-006   43.087804008288195     
   3.2999999269843104E-004   42.359414758734097     
   6.6333331858118379E-004   42.767939697452583     
   9.9666664446393643E-004   42.900712279643940     
   1.3299999703466892E-003   42.464025443337746     
   1.6633332962294419E-003   42.877990120120032     
   1.9966666221121949E-003   42.110922109976080     
   2.3299999479949474E-003   42.367466725183455     
   2.6633332738777004E-003   41.952509659603486     
   2.9966665997604534E-003   42.724033478773109     
   3.3299999256432059E-003   42.789235202560185     
   3.6633332515259584E-003   42.295673484912200     
   3.9966665774087114E-003   42.165194102208346     
   4.3299999032914644E-003   42.238328773988826     
   4.6633332291742165E-003   43.501239158868238     
   4.9966665550569694E-003   43.355130894005868     
   5.3299998809397224E-003   42.960736033027857     
   5.6633332068224754E-003   42.881009390069515     
   5.9966665327052283E-003   43.310043804000998     
   6.3299998585879804E-003   42.528509888753945     
   6.6633331844707334E-003   43.031758126438596     
   6.9966665103534864E-003   43.265142287895323     
   7.3299998362362385E-003   43.668956410471196     
   7.6633331621189914E-003   43.239554876248349     
   7.9966664880017444E-003   43.989108873360713     
   8.3299998138844974E-003   43.492347505400332     
   8.6633331397672503E-003   43.453290802018785     
   8.9966664656500033E-003   43.640109915528292     
   9.3299997915327545E-003   43.212805024170493     
   9.6633331174155075E-003   43.561842963964054     
   9.9966664432982605E-003   43.773209386028832     
   1.0329999769181013E-002   44.084267664988140     
   1.0663333095063766E-002   42.993916488183942     
   1.0996666420946519E-002   43.062133685533233     
   1.1329999746829272E-002   44.188463283555919     
   1.1663333072712025E-002   44.189221208366369     
   1.1996666398594778E-002   44.339879717280802     
   1.2329999724477530E-002   43.793001940466048     
   1.2663333050360282E-002   44.162245581786756     
   1.2996666376243035E-002   44.410641341248663     
   1.3329999702125788E-002   44.295220455787238     
   1.3663333028008541E-002   44.311574051366563     
   1.3996666353891294E-002   44.093744313187301     
   1.4329999679774047E-002   44.559446868385422     
   1.4663333005656799E-002   45.635411398762336     
   1.4996666331539552E-002   44.868558066010756     
   1.5329999657422304E-002   45.563616260969866     
   1.5663332983305057E-002   44.919051552367378     
   1.5996666309187810E-002   45.018401953350939     
   1.6329999635070563E-002   43.605820874936171     
   1.6663332960953316E-002   45.034953992849466     
   1.6996666286836069E-002   44.702721220330140     
   1.7329999612718822E-002   45.234669767152390     
   1.7663332938601575E-002   44.904596792301021     
   1.7996666264484328E-002   44.901461138029610     
   1.8329999590367081E-002   44.542657287781168     
   1.8663332916249831E-002   44.997776233355907     
   1.8996666242132584E-002   44.519649762167603     
   1.9329999568015337E-002   45.789183917668780     
   1.9663332893898090E-002   45.483815948177515     
   1.9996666219780843E-002   45.429042916609468     
   2.0329999545663596E-002   44.170089027399598     
   2.0663332871546349E-002   44.962166801790687     
   2.0996666197429101E-002   45.084054060506617     
   2.1329999523311854E-002   44.674702513904926     
   2.1663332849194607E-002   45.217950265276123     
   2.1996666175077360E-002   44.723210682656799     
   2.2329999500960113E-002   44.125829212456999     
   2.2663332826842866E-002   45.557910390790738     
   2.2996666152725619E-002   45.106843831457553     
   2.3329999478608372E-002   45.621991980300962     
   2.3663332804491125E-002   44.440306862114298     
   2.3996666130373878E-002   45.233247105275318     
   2.4329999456256628E-002   44.965960381604646     
   2.4663332782139381E-002   43.407174241542201     
   2.4996666108022134E-002   43.139383896843100     
   2.5329999433904887E-002   44.912754599945686     
   2.5663332759787640E-002   43.864363802505395     
   2.5996666085670393E-002   44.964709061170630     
   2.6329999411553145E-002   43.877834496637405     
   2.6663332737435898E-002   44.419170492841744     
   2.6996666063318651E-002   44.564554608906832     
   2.7329999389201404E-002   44.179045750555851     
   2.7663332715084157E-002   43.485934236048038     
   2.7996666040966910E-002   43.159196955577961     
   2.8329999366849663E-002   44.051941020238992     
   2.8663332692732416E-002   43.809873584088464     
   2.8996666018615169E-002   43.240366173600641     
   2.9329999344497919E-002   43.446631756977112     
   2.9663332670380672E-002   43.330032773802408     
   2.9996665996263425E-002   43.684832331967492     
   3.0329999322146178E-002   43.935291881610212     
   3.0663332648028931E-002   43.723693001717031     
   3.0996665973911684E-002   43.691643413021765     
   3.1329999299794437E-002   43.739287358760961     
   3.1663332625677193E-002   44.566406460790049     
   3.1996665951559942E-002   43.043888567716664     
   3.2329999277442692E-002   42.549700525345308     
   3.2663332603325448E-002   43.635249878889283     
   3.2996665929208198E-002   43.814373169866890     
   3.3329999255090954E-002   42.508085811498006     
   3.3663332580973704E-002   42.985368197688501     
   3.3996665906856460E-002   42.940463833250554     
   3.4329999232739210E-002   42.612859726238987     
   3.4663332558621966E-002   43.028748281984491     
   3.4996665884504716E-002   43.006159717425824     
   3.5329999210387472E-002   43.438647481343374     
   3.5663332536270222E-002   42.671124744647706     
   3.5996665862152978E-002   43.665824027576605     
   3.6329999188035728E-002   43.369282811953831     
   3.6663332513918484E-002   42.212391023486759     
   3.6996665839801234E-002   42.731084064899470     
   3.7329999165683983E-002   42.825795647230485     
   3.7663332491566739E-002   42.008510812439859     
   3.7996665817449489E-002   42.142966175377659     
   3.8329999143332245E-002   42.338552105862981     
   3.8663332469214995E-002   43.572908560059147     
   3.8996665795097751E-002   42.123710477864165     
   3.9329999120980501E-002   42.473287012950983     
   3.9663332446863257E-002   43.426825259421761     
   3.9996665772746007E-002   42.450978168407410     
