   3.3333331843217230E-006   34.271295143461266     
   3.2999999269843104E-004   33.726848730417451     
   6.6333331858118379E-004   34.180964341622499     
   9.9666664446393643E-004   34.196219086028059     
   1.3299999703466892E-003   33.635821149917184     
   1.6633332962294419E-003   33.851926230677471     
   1.9966666221121949E-003   34.108636725196462     
   2.3299999479949474E-003   32.608904160843352     
   2.6633332738777004E-003   33.476820127670202     
   2.9966665997604534E-003   34.211482775725443     
   3.3299999256432059E-003   33.891034946593528     
   3.6633332515259584E-003   34.076977867466120     
   3.9966665774087114E-003   34.316588702757400     
   4.3299999032914644E-003   33.418254256576994     
   4.6633332291742165E-003   34.284878392357150     
   4.9966665550569694E-003   34.411971017405513     
   5.3299998809397224E-003   33.515226712811618     
   5.6633332068224754E-003   34.062931629737648     
   5.9966665327052283E-003   34.231585610211162     
   6.3299998585879804E-003   33.888926756839126     
   6.6633331844707334E-003   33.796535747807404     
   6.9966665103534864E-003   33.535149843964909     
   7.3299998362362385E-003   33.169552207577830     
   7.6633331621189914E-003   33.913028613049370     
   7.9966664880017444E-003   34.262413203650972     
   8.3299998138844974E-003   33.490173942026807     
   8.6633331397672503E-003   34.240856309420977     
   8.9966664656500033E-003   33.262787066244407     
   9.3299997915327545E-003   34.597916801308898     
   9.6633331174155075E-003   33.233853297211340     
   9.9966664432982605E-003   33.070914345386335     
   1.0329999769181013E-002   33.707664893792007     
   1.0663333095063766E-002   33.328179018950131     
   1.0996666420946519E-002   33.671437550118739     
   1.1329999746829272E-002   32.828400576737408     
   1.1663333072712025E-002   33.152944425866295     
   1.1996666398594778E-002   33.297237234483454     
   1.2329999724477530E-002   33.324351346498133     
   1.2663333050360282E-002   32.983163952079565     
   1.2996666376243035E-002   33.224624023021988     
   1.3329999702125788E-002   33.404157785335791     
   1.3663333028008541E-002   32.768926003622028     
   1.3996666353891294E-002   33.318105934228861     
   1.4329999679774047E-002   32.970698767895406     
   1.4663333005656799E-002   33.481467417258138     
   1.4996666331539552E-002   33.280191589415821     
   1.5329999657422304E-002   33.508162191841365     
   1.5663332983305057E-002   33.058351628053785     
   1.5996666309187810E-002   32.128303531746099     
   1.6329999635070563E-002   32.844935779737199     
   1.6663332960953316E-002   33.352369118172383     
   1.6996666286836069E-002   33.730513364985306     
   1.7329999612718822E-002   33.814090326343241     
   1.7663332938601575E-002   33.352229763108269     
   1.7996666264484328E-002   32.800759873199105     
   1.8329999590367081E-002   33.012002522182108     
   1.8663332916249831E-002   33.209152311177910     
   1.8996666242132584E-002   33.578311638661006     
   1.9329999568015337E-002   33.245969557016736     
   1.9663332893898090E-002   32.736025102573471     
   1.9996666219780843E-002   33.185437550013461     
   2.0329999545663596E-002   32.958028450028323     
   2.0663332871546349E-002   33.021112207357149     
   2.0996666197429101E-002   32.905884110123395     
   2.1329999523311854E-002   33.079857576866658     
   2.1663332849194607E-002   32.474185956173464     
   2.1996666175077360E-002   32.973273500563423     
   2.2329999500960113E-002   32.658922584791831     
   2.2663332826842866E-002   32.876601368506421     
   2.2996666152725619E-002   33.458023247297241     
   2.3329999478608372E-002   33.249050710724774     
   2.3663332804491125E-002   33.499828081844925     
   2.3996666130373878E-002   32.200407658988162     
   2.4329999456256628E-002   32.603459638200533     
   2.4663332782139381E-002   33.538969174288546     
   2.4996666108022134E-002   34.078100156264405     
   2.5329999433904887E-002   33.452379366566930     
   2.5663332759787640E-002   33.716663350970919     
   2.5996666085670393E-002   33.374707973956703     
   2.6329999411553145E-002   32.704052804564654     
   2.6663332737435898E-002   33.067840618146342     
   2.6996666063318651E-002   33.190073522917103     
   2.7329999389201404E-002   33.241523428524907     
   2.7663332715084157E-002   32.752163954571316     
   2.7996666040966910E-002   33.912411384085253     
   2.8329999366849663E-002   34.427679145722536     
   2.8663332692732416E-002   33.236479567191026     
   2.8996666018615169E-002   32.850045781132607     
   2.9329999344497919E-002   33.645424530522327     
   2.9663332670380672E-002   33.717422522606299     
   2.9996665996263425E-002   33.534313979693600     
   3.0329999322146178E-002   33.783245832143280     
   3.0663332648028931E-002   33.474647097238957     
   3.0996665973911684E-002   32.905250889874132     
   3.1329999299794437E-002   32.935197559499272     
   3.1663332625677193E-002   33.612904568366652     
   3.1996665951559942E-002   33.867597929861120     
   3.2329999277442692E-002   33.183678101640020     
   3.2663332603325448E-002   33.136508200572763     
   3.2996665929208198E-002   32.993093020177064     
   3.3329999255090954E-002   34.548811519680854     
   3.3663332580973704E-002   33.372086927408390     
   3.3996665906856460E-002   33.909487308469650     
   3.4329999232739210E-002   33.414608237316131     
   3.4663332558621966E-002   33.509450675291795     
   3.4996665884504716E-002   35.014811021461163     
   3.5329999210387472E-002   34.708238076359955     
   3.5663332536270222E-002   33.576778498146759     
   3.5996665862152978E-002   34.084628147436824     
   3.6329999188035728E-002   33.857235707169345     
   3.6663332513918484E-002   35.522556310753210     
   3.6996665839801234E-002   33.194221326920029     
   3.7329999165683983E-002   35.381820860204840     
   3.7663332491566739E-002   34.466411896806122     
   3.7996665817449489E-002   33.918430229664118     
   3.8329999143332245E-002   34.077773712476009     
   3.8663332469214995E-002   34.413789371167312     
   3.8996665795097751E-002   34.812270762603227     
   3.9329999120980501E-002   34.030768482030943     
   3.9663332446863257E-002   34.168705865129141     
   3.9996665772746007E-002   34.270129837355185     
