   0.0000000000000000        426.02248438760012        400.00000000000000     
   3.9999999105930327E-005   426.18947495113139        400.00000000000000     
   7.9999998211860654E-005   426.24680682976481        400.00000000000000     
   1.1999999731779099E-004   426.19313144192961        400.00000000000000     
   1.5999999642372131E-004   426.02761984888343        400.00000000000000     
   1.9999999552965163E-004   425.74997110655124        400.00000000000000     
   2.3999999463558198E-004   425.36041784470257        400.00000000000000     
   2.7999999374151227E-004   424.85972899848230        400.00000000000000     
   3.1999999284744262E-004   424.24920963947886        400.00000000000000     
   3.5999999195337296E-004   423.53069787653646        400.00000000000000     
   3.9999999105930326E-004   422.70655882007509        400.00000000000000     
   4.3999999016523361E-004   421.77967562746835        400.00000000000000     
   4.7999998927116395E-004   420.75343767070132        400.00000000000000     
   5.1999998837709430E-004   419.63172589075788        400.00000000000000     
   5.5999998748302454E-004   418.41889542570095        400.00000000000000     
   5.9999998658895489E-004   417.11975562081727        400.00000000000000     
   6.3999998569488523E-004   415.73954754932345        400.00000000000000     
   6.7999998480081558E-004   414.28391919064876        400.00000000000000     
   7.1999998390674593E-004   412.75889842999675        400.00000000000000     
   7.5999998301267617E-004   411.17086405764161        400.00000000000000     
   7.9999998211860652E-004   409.52651495896134        400.00000000000000     
   8.3999998122453686E-004   407.83283769656515        400.00000000000000     
   8.7999998033046721E-004   406.09707269389008        400.00000000000000     
   9.1999997943639756E-004   404.32667923535666        400.00000000000000     
   9.5999997854232791E-004   402.52929950155669        400.00000000000000     
   9.9999997764825825E-004   400.71272185912653        400.00000000000000     
   1.0399999767541886E-003   398.88484362395235        400.00000000000000     
   1.0799999758601187E-003   397.05363351336308        400.00000000000000     
   1.1199999749660491E-003   395.22709399810583        400.00000000000000     
   1.1599999740719794E-003   393.41322375837177        400.00000000000000     
   1.1999999731779098E-003   391.61998044013382        400.00000000000000     
   1.2399999722838401E-003   389.85524389879879        400.00000000000000     
   1.2799999713897705E-003   388.12678010688967        400.00000000000000     
   1.3199999704957008E-003   386.44220589136006        400.00000000000000     
   1.3599999696016312E-003   384.80895465446366        400.00000000000000     
   1.3999999687075615E-003   383.23424322004547        400.00000000000000     
   1.4399999678134919E-003   381.72503993489119        400.00000000000000     
   1.4799999669194222E-003   380.28803414260841        400.00000000000000     
   1.5199999660253523E-003   378.92960713549871        400.00000000000000     
   1.5599999651312827E-003   377.65580467828102        400.00000000000000     
   1.5999999642372130E-003   376.47231118638302        400.00000000000000     
   1.6399999633431434E-003   375.38442563097908        400.00000000000000     
   1.6799999624490737E-003   374.39703923311907        400.00000000000000     
   1.7199999615550041E-003   373.51461500018127        400.00000000000000     
   1.7599999606609344E-003   372.74116914956284        400.00000000000000     
   1.7999999597668648E-003   372.08025445702174        400.00000000000000     
   1.8399999588727951E-003   371.53494556032257        400.00000000000000     
   1.8799999579787255E-003   371.10782624289004        400.00000000000000     
   1.9199999570846558E-003   370.80097871691174        400.00000000000000     
   1.9599999561905859E-003   370.61597492071257        400.00000000000000     
   1.9999999552965165E-003   370.55386984119320        400.00000000000000     
   2.0399999544024466E-003   370.61519686856417        400.00000000000000     
   2.0799999535083772E-003   370.79996518741268        400.00000000000000     
   2.1199999526143073E-003   371.10765920525267        400.00000000000000     
   2.1599999517202375E-003   371.53724001693490        400.00000000000000     
   2.1999999508261680E-003   372.08714890061333        400.00000000000000     
   2.2399999499320982E-003   372.75531283819413        400.00000000000000     
   2.2799999490380287E-003   373.53915205024401        400.00000000000000     
   2.3199999481439589E-003   374.43558953213665        400.00000000000000     
   2.3599999472498894E-003   375.44106257462363        400.00000000000000     
   2.3999999463558195E-003   376.55153624797055        400.00000000000000     
   2.4399999454617501E-003   377.76251882423907        400.00000000000000     
   2.4799999445676802E-003   379.06907910712198        400.00000000000000     
   2.5199999436736108E-003   380.46586563297257        400.00000000000000     
   2.5599999427795409E-003   381.94712770020874        400.00000000000000     
   2.5999999418854711E-003   383.50673817717364        400.00000000000000     
   2.6399999409914016E-003   385.13821803076593        400.00000000000000     
   2.6799999400973318E-003   386.83476250979720        400.00000000000000     
   2.7199999392032623E-003   388.58926890803605        400.00000000000000     
   2.7599999383091925E-003   390.39436582248612        400.00000000000000     
   2.7999999374151230E-003   392.24244381254329        400.00000000000000     
   2.8399999365210532E-003   394.12568735550803        400.00000000000000     
   2.8799999356269837E-003   396.03610798355487        400.00000000000000     
   2.9199999347329138E-003   397.96557847683448        400.00000000000000     
   2.9599999338388444E-003   399.90586797707988        400.00000000000000     
   2.9999999329447745E-003   401.84867787597653        400.00000000000000     
   3.0399999320507047E-003   403.78567832295880        400.00000000000000     
   3.0799999311566352E-003   405.70854518799649        400.00000000000000     
   3.1199999302625654E-003   407.60899730665903        400.00000000000000     
   3.1599999293684959E-003   409.47883382736762        400.00000000000000     
   3.1999999284744261E-003   411.30997147447454        400.00000000000000     
   3.2399999275803566E-003   413.09448153575028        400.00000000000000     
   3.2799999266862868E-003   414.82462637923123        400.00000000000000     
   3.3199999257922173E-003   416.49289530217914        400.00000000000000     
   3.3599999248981475E-003   418.09203951437877        400.00000000000000     
   3.3999999240040780E-003   419.61510605909621        400.00000000000000     
   3.4399999231100081E-003   421.05547047788542        400.00000000000000     
   3.4799999222159383E-003   422.40686803004735        400.00000000000000     
   3.5199999213218688E-003   423.66342328391346        400.00000000000000     
   3.5599999204277990E-003   424.81967790526346        400.00000000000000     
   3.5999999195337295E-003   425.87061647794593        400.00000000000000     
   3.6399999186396597E-003   426.81169020319726        400.00000000000000     
   3.6799999177455902E-003   427.63883833699214        400.00000000000000     
   3.7199999168515204E-003   428.34850723899808        400.00000000000000     
   3.7599999159574509E-003   428.93766692212120        400.00000000000000     
   3.7999999150633811E-003   429.40382500805413        400.00000000000000     
   3.8399999141693116E-003   429.74503801150536        400.00000000000000     
   3.8799999132752418E-003   429.95991989365785        400.00000000000000     
   3.9199999123811719E-003   430.04764784371480        400.00000000000000     
   3.9599999114871024E-003   430.00796526586964        400.00000000000000     
   3.9999999105930330E-003   429.84118196750842        400.00000000000000     
   4.0399999096989627E-003   429.54817156272657        400.00000000000000     
   4.0799999088048933E-003   429.13036612302830        400.00000000000000     
   4.1199999079108238E-003   428.58974812432166        400.00000000000000     
   4.1599999070167544E-003   427.92883975571971        400.00000000000000     
   4.1999999061226841E-003   427.15068967113984        400.00000000000000     
   4.2399999052286147E-003   426.25885727910344        400.00000000000000     
   4.2799999043345452E-003   425.25739467934517        400.00000000000000     
   4.3199999034404749E-003   424.15082636677221        400.00000000000000     
   4.3599999025464055E-003   422.94412683392102        400.00000000000000     
   4.3999999016523361E-003   421.64269621227561        400.00000000000000     
   4.4399999007582666E-003   420.25233410061696        400.00000000000000     
   4.4799998998641963E-003   418.77921173503233        400.00000000000000     
   4.5199998989701269E-003   417.22984266026003        400.00000000000000     
   4.5599998980760574E-003   415.61105206582789        400.00000000000000     
   4.5999998971819880E-003   413.92994495292953        400.00000000000000     
   4.6399998962879177E-003   412.19387329934267        400.00000000000000     
   4.6799998953938483E-003   410.41040238994088        400.00000000000000     
   4.7199998944997788E-003   408.58727647962439        400.00000000000000     
   4.7599998936057085E-003   406.73238395390052        400.00000000000000     
   4.7999998927116391E-003   404.85372214997085        400.00000000000000     
   4.8399998918175697E-003   402.95936199814696        400.00000000000000     
   4.8799998909235002E-003   401.05741263981747        400.00000000000000     
   4.9199998900294299E-003   399.15598617416708        400.00000000000000     
   4.9599998891353605E-003   397.26316268140340        400.00000000000000     
   4.9999998882412910E-003   395.38695566558471        400.00000000000000     
   5.0399998873472216E-003   393.53527805522964        400.00000000000000     
   5.0799998864531513E-003   391.71590889486885        400.00000000000000     
   5.1199998855590819E-003   389.93646085554769        400.00000000000000     
   5.1599998846650124E-003   388.20434868713016        400.00000000000000     
   5.1999998837709421E-003   386.52675873001425        400.00000000000000     
   5.2399998828768727E-003   384.91061959865362        400.00000000000000     
   5.2799998819828033E-003   383.36257414401263        400.00000000000000     
   5.3199998810887338E-003   381.88895279680327        400.00000000000000     
   5.3599998801946635E-003   380.49574838800623        400.00000000000000     
   5.3999998793005941E-003   379.18859253775776        400.00000000000000     
   5.4399998784065247E-003   377.97273369813524        400.00000000000000     
   5.4799998775124552E-003   376.85301692966095        400.00000000000000     
   5.5199998766183849E-003   375.83386548542433        400.00000000000000     
   5.5599998757243155E-003   374.91926427055068        400.00000000000000     
   5.5999998748302460E-003   374.11274523823050        400.00000000000000     
   5.6399998739361757E-003   373.41737477675025        400.00000000000000     
   5.6799998730421063E-003   372.83574313468222        400.00000000000000     
   5.7199998721480369E-003   372.36995592382038        400.00000000000000     
   5.7599998712539674E-003   372.02162773134330        400.00000000000000     
   5.7999998703598971E-003   371.79187786418106        400.00000000000000     
   5.8399998694658277E-003   371.68132823959814        400.00000000000000     
   5.8799998685717583E-003   371.69010342659010        400.00000000000000     
   5.9199998676776888E-003   371.81783283287876        400.00000000000000     
   5.9599998667836185E-003   372.06365502210173        400.00000000000000     
   5.9999998658895491E-003   372.42622413528500        400.00000000000000     
   6.0399998649954796E-003   372.90371837992950        400.00000000000000     
   6.0799998641014093E-003   373.49385053911402        400.00000000000000     
   6.1199998632073399E-003   374.19388044201423        400.00000000000000     
   6.1599998623132705E-003   375.00062932625076        400.00000000000000     
   6.1999998614192010E-003   375.91049601164485        400.00000000000000     
   6.2399998605251307E-003   376.91947479435458        400.00000000000000     
   6.2799998596310613E-003   378.02317496016491        400.00000000000000     
   6.3199998587369919E-003   379.21684180598339        400.00000000000000     
   6.3599998578429224E-003   380.49537904950347        400.00000000000000     
   6.3999998569488521E-003   381.85337249866512        400.00000000000000     
   6.4399998560547827E-003   383.28511484505157        400.00000000000000     
   6.4799998551607133E-003   384.78463143885250        400.00000000000000     
   6.5199998542666429E-003   386.34570689756845        400.00000000000000     
   6.5599998533725735E-003   387.96191239634004        400.00000000000000     
   6.5999998524785041E-003   389.62663348467282        400.00000000000000     
   6.6399998515844346E-003   391.33309827252788        400.00000000000000     
   6.6799998506903643E-003   393.07440582820544        400.00000000000000     
   6.7199998497962949E-003   394.84355463123882        400.00000000000000     
   6.7599998489022255E-003   396.63347092562100        400.00000000000000     
   6.7999998480081560E-003   398.43703682205307        400.00000000000000     
   6.8399998471140857E-003   400.24711800253965        400.00000000000000     
   6.8799998462200163E-003   402.05659088646314        400.00000000000000     
   6.9199998453259469E-003   403.85836912417147        400.00000000000000     
   6.9599998444318766E-003   405.64542929205425        400.00000000000000     
   6.9999998435378071E-003   407.41083567191350        400.00000000000000     
   7.0399998426437377E-003   409.14776400704739        400.00000000000000     
   7.0799998417496682E-003   410.84952413778444        400.00000000000000     
   7.1199998408555979E-003   412.50958142999411        400.00000000000000     
   7.1599998399615285E-003   414.12157692136014        400.00000000000000     
   7.1999998390674591E-003   415.67934612164606        400.00000000000000     
   7.2399998381733896E-003   417.17693641480452        400.00000000000000     
   7.2799998372793193E-003   418.60862302236427        400.00000000000000     
   7.3199998363852499E-003   419.96892349897729        400.00000000000000     
   7.3599998354911805E-003   421.25261074219060        400.00000000000000     
   7.3999998345971102E-003   422.45472450931646        400.00000000000000     
   7.4399998337030407E-003   423.57058144461956        400.00000000000000     
   7.4799998328089713E-003   424.59578362978795        400.00000000000000     
   7.5199998319149019E-003   425.52622567980580        400.00000000000000     
   7.5599998310208315E-003   426.35810041472860        400.00000000000000     
   7.5999998301267621E-003   427.08790314555347        400.00000000000000     
   7.6399998292326927E-003   427.71243461920511        400.00000000000000     
   7.6799998283386232E-003   428.22880267371949        400.00000000000000     
   7.7199998274445529E-003   428.63442265990057        400.00000000000000     
   7.7599998265504835E-003   428.92701669010330        400.00000000000000     
   7.7999998256564141E-003   429.10461177835322        400.00000000000000     
   7.8399998247623438E-003   429.16553693875420        400.00000000000000     
   7.8799998238682743E-003   429.10841931114322        400.00000000000000     
   7.9199998229742049E-003   428.93217938419258        400.00000000000000     
   7.9599998220801355E-003   428.63602538675650        400.00000000000000     
   7.9999998211860660E-003   428.21944691818572        400.00000000000000     
   8.0399998202919966E-003   427.68220788773164        400.00000000000000     
   8.0799998193979254E-003   427.02433883201525        400.00000000000000     
   8.1199998185038560E-003   426.24612867793161        400.00000000000000     
   8.1599998176097865E-003   425.34811601640791        400.00000000000000     
   8.1999998167157171E-003   424.33107995009846        400.00000000000000     
   8.2399998158216477E-003   423.19603057554315        400.00000000000000     
   8.2799998149275782E-003   421.94419915752303        400.00000000000000     
   8.3199998140335088E-003   420.57702805043442        400.00000000000000     
   8.3599998131394376E-003   419.09616041845601        400.00000000000000     
   8.3999998122453682E-003   417.50342980322893        400.00000000000000     
   8.4399998113512988E-003   415.80084958469632        400.00000000000000     
   8.4799998104572293E-003   413.99060237771442        400.00000000000000     
   8.5199998095631599E-003   412.07502940410336        400.00000000000000     
   8.5599998086690905E-003   410.05661987695987        400.00000000000000     
   8.5999998077750210E-003   407.93800043135150        400.00000000000000     
   8.6399998068809498E-003   405.72192463295130        400.00000000000000     
   8.6799998059868804E-003   403.41126259380246        400.00000000000000     
   8.7199998050928110E-003   401.00899072218931        400.00000000000000     
   8.7599998041987415E-003   398.51818163159476        400.00000000000000     
   8.7999998033046721E-003   395.94199423187155        400.00000000000000     
   8.8399998024106027E-003   393.28366402413417        400.00000000000000     
   8.8799998015165332E-003   390.54649361938948        400.00000000000000     
   8.9199998006224638E-003   387.73384349961935        400.00000000000000     
   8.9599997997283926E-003   384.84912303887018        400.00000000000000     
   8.9999997988343232E-003   381.89578180084573        400.00000000000000     
   9.0399997979402538E-003   378.87730112860800        400.00000000000000     
   9.0799997970461843E-003   375.79718604109542        400.00000000000000     
   9.1199997961521149E-003   372.65895745042945        400.00000000000000     
   9.1599997952580454E-003   369.46614471318708        400.00000000000000     
   9.1999997943639760E-003   366.22227852810511        400.00000000000000     
   9.2399997934699048E-003   362.93088419190417        400.00000000000000     
   9.2799997925758354E-003   359.59547522414340        400.00000000000000     
   9.3199997916817660E-003   356.21954737114442        400.00000000000000     
   9.3599997907876965E-003   352.80657299810161        400.00000000000000     
   9.3999997898936271E-003   349.35999587746323        400.00000000000000     
   9.4399997889995577E-003   345.88322638052222        400.00000000000000     
   9.4799997881054882E-003   342.37963707789589        400.00000000000000     
   9.5199997872114171E-003   338.85255875318478        400.00000000000000     
   9.5599997863173476E-003   335.30527683258344        400.00000000000000     
   9.5999997854232782E-003   331.74102823156051        400.00000000000000     
   9.6399997845292087E-003   328.16299861795187        400.00000000000000     
   9.6799997836351393E-003   324.57432008893358        400.00000000000000     
   9.7199997827410699E-003   320.97806925733022        400.00000000000000     
   9.7599997818470004E-003   317.37726574066153        400.00000000000000     
   9.7999997809529310E-003   313.77487104416900        400.00000000000000     
   9.8399997800588598E-003   310.17378782688888        400.00000000000000     
   9.8799997791647904E-003   306.57685953763138        400.00000000000000     
   9.9199997782707210E-003   302.98687040552960        400.00000000000000     
   9.9599997773766515E-003   299.40654576764996        400.00000000000000     
   9.9999997764825821E-003   295.83855271406856        200.00000000000000     
   1.0039999775588513E-002   292.28550102878415        200.00000000000000     
   1.0079999774694443E-002   288.74994440296041        200.00000000000000     
   1.0119999773800372E-002   285.23438189521084        200.00000000000000     
   1.0159999772906303E-002   281.74125961205647        200.00000000000000     
   1.0199999772012233E-002   278.27297258026579        200.00000000000000     
   1.0239999771118164E-002   274.83186678156511        200.00000000000000     
   1.0279999770224094E-002   271.42024131922801        200.00000000000000     
   1.0319999769330025E-002   268.04035068524655        200.00000000000000     
   1.0359999768435955E-002   264.69440709628213        200.00000000000000     
   1.0399999767541884E-002   261.38458286625252        200.00000000000000     
   1.0439999766647815E-002   258.11301278337442        200.00000000000000     
   1.0479999765753745E-002   254.88179645962754        200.00000000000000     
   1.0519999764859676E-002   251.69300062101181        200.00000000000000     
   1.0559999763965607E-002   248.54866130758489        200.00000000000000     
   1.0599999763071537E-002   245.45078595308215        200.00000000000000     
   1.0639999762177468E-002   242.40135531494946        200.00000000000000     
   1.0679999761283396E-002   239.40232522681728        200.00000000000000     
   1.0719999760389327E-002   236.45562814679840        200.00000000000000     
   1.0759999759495258E-002   233.56317447651443        200.00000000000000     
   1.0799999758601188E-002   230.72685362738571        200.00000000000000     
   1.0839999757707119E-002   227.94853481247316        200.00000000000000     
   1.0879999756813049E-002   225.23006754401871        200.00000000000000     
   1.0919999755918980E-002   222.57328181873660        200.00000000000000     
   1.0959999755024910E-002   219.97998797492315        200.00000000000000     
   1.0999999754130839E-002   217.45197620747891        200.00000000000000     
   1.1039999753236770E-002   214.99101572902438        200.00000000000000     
   1.1079999752342700E-002   212.59885356740102        200.00000000000000     
   1.1119999751448631E-002   210.27721299197822        200.00000000000000     
   1.1159999750554562E-002   208.02779156332281        200.00000000000000     
   1.1199999749660492E-002   205.85225880294445        200.00000000000000     
   1.1239999748766423E-002   203.75225348197546        200.00000000000000     
   1.1279999747872351E-002   201.72938052979922        200.00000000000000     
   1.1319999746978282E-002   199.78520756578905        200.00000000000000     
   1.1359999746084213E-002   197.92126105947946        200.00000000000000     
   1.1399999745190143E-002   196.13902212663257        200.00000000000000     
   1.1439999744296074E-002   194.43992197083435        200.00000000000000     
   1.1479999743402004E-002   192.82533698239953        200.00000000000000     
   1.1519999742507935E-002   191.29658350854854        200.00000000000000     
   1.1559999741613864E-002   189.85491231098337        200.00000000000000     
   1.1599999740719794E-002   188.50150272919410        200.00000000000000     
   1.1639999739825725E-002   187.23745657001641        200.00000000000000     
   1.1679999738931655E-002   186.06379174618863        200.00000000000000     
   1.1719999738037586E-002   184.98143568887508        200.00000000000000     
   1.1759999737143517E-002   183.99121856136830        200.00000000000000     
   1.1799999736249447E-002   183.09386630342345        200.00000000000000     
   1.1839999735355378E-002   182.28999353792784        200.00000000000000     
   1.1879999734461306E-002   181.58009637384149        200.00000000000000     
   1.1919999733567237E-002   180.96454514157671        200.00000000000000     
   1.1959999732673168E-002   180.44357709917549        200.00000000000000     
   1.1999999731779098E-002   180.01728914979890        200.00000000000000     
   1.2039999730885029E-002   179.68563061314592        200.00000000000000     
   1.2079999729990959E-002   179.44839609543993        200.00000000000000     
   1.2119999729096890E-002   179.30521850454795        200.00000000000000     
   1.2159999728202819E-002   179.25556225862195        200.00000000000000     
   1.2199999727308749E-002   179.29871673830939        200.00000000000000     
   1.2239999726414680E-002   179.43379003410098        200.00000000000000     
   1.2279999725520610E-002   179.65970304169196        200.00000000000000     
   1.2319999724626541E-002   179.97518395932809        200.00000000000000     
   1.2359999723732472E-002   180.37876324196424        200.00000000000000     
   1.2399999722838402E-002   180.86876906761762        200.00000000000000     
   1.2439999721944331E-002   181.44332337158221        200.00000000000000     
   1.2479999721050261E-002   182.10033850408684        200.00000000000000     
   1.2519999720156192E-002   182.83751456655460        200.00000000000000     
   1.2559999719262123E-002   183.65233748081181        200.00000000000000     
   1.2599999718368053E-002   184.54207784435781        200.00000000000000     
   1.2639999717473984E-002   185.50379062316324        200.00000000000000     
   1.2679999716579914E-002   186.53431573134165        200.00000000000000     
   1.2719999715685845E-002   187.63027954449453        200.00000000000000     
   1.2759999714791774E-002   188.78809739046471        200.00000000000000     
   1.2799999713897704E-002   190.00397705772889        200.00000000000000     
   1.2839999713003635E-002   191.27392335765379        200.00000000000000     
   1.2879999712109565E-002   192.59374377236693        200.00000000000000     
   1.2919999711215496E-002   193.95905521505833        200.00000000000000     
   1.2959999710321427E-002   195.36529192414045        200.00000000000000     
   1.2999999709427357E-002   196.80771450688437        200.00000000000000     
   1.3039999708533286E-002   198.28142014194671        200.00000000000000     
   1.3079999707639216E-002   199.78135394363179        200.00000000000000     
   1.3119999706745147E-002   201.30232148384303        200.00000000000000     
   1.3159999705851078E-002   202.83900246052144        200.00000000000000     
   1.3199999704957008E-002   204.38596549397337        200.00000000000000     
   1.3239999704062939E-002   205.93768402494845        200.00000000000000     
   1.3279999703168869E-002   207.48855328065886        200.00000000000000     
   1.3319999702274798E-002   209.03290826723807        200.00000000000000     
   1.3359999701380729E-002   210.11428591705106        200.00000000000000     
   1.3399999700486659E-002   210.94691867867436        200.00000000000000     
   1.3439999699592590E-002   211.74963726921550        200.00000000000000     
   1.3479999698698520E-002   212.51717777782201        200.00000000000000     
   1.3519999697804451E-002   213.24447932658040        200.00000000000000     
   1.3559999696910381E-002   213.92670621318911        200.00000000000000     
   1.3599999696016312E-002   214.55926932926127        200.00000000000000     
   1.3639999695122241E-002   215.13784674379036        200.00000000000000     
   1.3679999694228171E-002   215.65840334381048        200.00000000000000     
   1.3719999693334102E-002   216.11720942741772        200.00000000000000     
   1.3759999692440033E-002   216.51085814809815        200.00000000000000     
   1.3799999691545963E-002   216.83628171371117        200.00000000000000     
   1.3839999690651894E-002   217.09076624843249        200.00000000000000     
   1.3879999689757824E-002   217.27196523149010        200.00000000000000     
   1.3919999688863753E-002   217.37791143253185        200.00000000000000     
   1.3959999687969684E-002   217.40702726994081        200.00000000000000     
   1.3999999687075614E-002   217.35813352529047        200.00000000000000     
   1.4039999686181545E-002   217.23045635434892        200.00000000000000     
   1.4079999685287475E-002   217.02363254259467        200.00000000000000     
   1.4119999684393406E-002   216.73771296095703        200.00000000000000     
   1.4159999683499336E-002   216.37316418548076        200.00000000000000     
   1.4199999682605265E-002   215.93086825271956        200.00000000000000     
   1.4239999681711196E-002   215.41212053085576        200.00000000000000     
   1.4279999680817126E-002   214.81862569480293        200.00000000000000     
   1.4319999679923057E-002   214.15249180177526        200.00000000000000     
   1.4359999679028988E-002   213.41622247202957        200.00000000000000     
   1.4399999678134918E-002   212.61270718760699        200.00000000000000     
   1.4439999677240849E-002   211.74520972993892        200.00000000000000     
   1.4479999676346779E-002   210.81735478509401        200.00000000000000     
   1.4519999675452708E-002   209.83311275320230        200.00000000000000     
   1.4559999674558639E-002   208.79678280620993        200.00000000000000     
   1.4599999673664569E-002   207.71297424557034        200.00000000000000     
   1.4639999672770500E-002   206.58658621876629        200.00000000000000     
   1.4679999671876430E-002   205.42278586069779        200.00000000000000     
   1.4719999670982361E-002   204.22698493293626        200.00000000000000     
   1.4759999670088291E-002   203.00481504070325        200.00000000000000     
   1.4799999669194220E-002   201.76210151412559        200.00000000000000     
   1.4839999668300151E-002   200.50483604691098        200.00000000000000     
   1.4879999667406081E-002   199.23914819208747        200.00000000000000     
   1.4919999666512012E-002   197.97127582082595        200.00000000000000     
   1.4959999665617943E-002   196.70753465668386        200.00000000000000     
   1.4999999664723873E-002   195.45428700383533        200.00000000000000     
   1.5039999663829804E-002   194.21790979400780        200.00000000000000     
   1.5079999662935733E-002   193.00476208289817        200.00000000000000     
   1.5119999662041663E-002   191.82115213282393        200.00000000000000     
   1.5159999661147594E-002   190.67330422419434        200.00000000000000     
   1.5199999660253524E-002   189.56732534409232        200.00000000000000     
   1.5239999659359455E-002   188.50917190573932        200.00000000000000     
   1.5279999658465385E-002   187.50461665788805        200.00000000000000     
   1.5319999657571316E-002   186.55921594810729        200.00000000000000     
   1.5359999656677246E-002   185.67827750850378        200.00000000000000     
   1.5399999655783175E-002   184.86682893650195        200.00000000000000     
   1.5439999654889106E-002   184.12958704684328        200.00000000000000     
   1.5479999653995036E-002   183.47092827383221        200.00000000000000     
   1.5519999653100967E-002   182.89486030494024        200.00000000000000     
   1.5559999652206898E-002   182.40499512809291        200.00000000000000     
   1.5599999651312828E-002   182.00452367513267        200.00000000000000     
   1.5639999650418759E-002   181.69619224302249        200.00000000000000     
   1.5679999649524688E-002   181.48228087213212        200.00000000000000     
   1.5719999648630620E-002   181.36458385738337        200.00000000000000     
   1.5759999647736549E-002   181.34439256296201        200.00000000000000     
   1.5799999646842477E-002   181.42248070466158        200.00000000000000     
   1.5839999645948410E-002   181.59909225560079        200.00000000000000     
   1.5879999645054339E-002   181.87393212101858        200.00000000000000     
   1.5919999644160271E-002   182.24615971599562        200.00000000000000     
   1.5959999643266200E-002   182.71438556631335        200.00000000000000     
   1.5999999642372132E-002   183.27667103721132        200.00000000000000     
   1.6039999641478061E-002   183.93053127756812        200.00000000000000     
   1.6079999640583993E-002   184.67294144811049        200.00000000000000     
   1.6119999639689922E-002   185.50034628170519        200.00000000000000     
   1.6159999638795851E-002   186.40867300176924        200.00000000000000     
   1.6199999637901783E-002   187.39334760150425        200.00000000000000     
   1.6239999637007712E-002   188.44931446220357        200.00000000000000     
   1.6279999636113644E-002   189.57105926357079        200.00000000000000     
   1.6319999635219573E-002   190.75263511301006        200.00000000000000     
   1.6359999634325505E-002   191.98769179458480        200.00000000000000     
   1.6399999633431434E-002   193.26950801199803        200.00000000000000     
   1.6439999632537363E-002   194.59102647393993        200.00000000000000     
   1.6479999631643295E-002   195.94489164473114        200.00000000000000     
   1.6519999630749224E-002   197.32348995877041        200.00000000000000     
   1.6559999629855156E-002   198.71899227415415        200.00000000000000     
   1.6599999628961085E-002   200.12339831933656        200.00000000000000     
   1.6639999628067018E-002   201.52858286714672        200.00000000000000     
   1.6679999627172946E-002   202.92634335312911        200.00000000000000     
   1.6719999626278875E-002   204.30844864035888        200.00000000000000     
   1.6759999625384808E-002   205.66668862072387        200.00000000000000     
   1.6799999624490736E-002   206.99292433344525        200.00000000000000     
   1.6839999623596669E-002   208.27913827539379        200.00000000000000     
   1.6879999622702598E-002   209.51748457466547        200.00000000000000     
   1.6919999621808530E-002   210.70033869894777        200.00000000000000     
   1.6959999620914459E-002   211.82034637340516        200.00000000000000     
   1.6999999620020387E-002   212.87047138909006        200.00000000000000     
   1.7039999619126320E-002   213.84404199211352        200.00000000000000     
   1.7079999618232249E-002   214.73479555582554        200.00000000000000     
   1.7119999617338181E-002   215.53692125285781        200.00000000000000     
   1.7159999616444110E-002   216.24510046080167        200.00000000000000     
   1.7199999615550042E-002   216.85454465429044        200.00000000000000     
   1.7239999614655971E-002   217.36103055696336        200.00000000000000     
   1.7279999613761900E-002   217.76093234894020        200.00000000000000     
   1.7319999612867832E-002   218.05125074865214        200.00000000000000     
   1.7359999611973761E-002   218.22963881180706        200.00000000000000     
   1.7399999611079693E-002   218.29442431464057        200.00000000000000     
   1.7439999610185622E-002   218.24462861296826        200.00000000000000     
   1.7479999609291554E-002   218.07998189272058        200.00000000000000     
   1.7519999608397483E-002   217.80093475123098        200.00000000000000     
   1.7559999607503412E-002   217.40866607133111        200.00000000000000     
   1.7599999606609344E-002   216.90508717205375        200.00000000000000     
   1.7639999605715273E-002   216.29284224023357        200.00000000000000     
   1.7679999604821205E-002   215.57530506641118        200.00000000000000     
   1.7719999603927134E-002   214.75657212603198        200.00000000000000     
   1.7759999603033066E-002   213.84145206293354        200.00000000000000     
   1.7799999602138995E-002   212.83545164650059        200.00000000000000     
   1.7839999601244928E-002   211.74475828661028        200.00000000000000     
   1.7879999600350856E-002   210.57621920168677        200.00000000000000     
   1.7919999599456785E-002   209.33731734485150        200.00000000000000     
   1.7959999598562718E-002   208.03614420143987        200.00000000000000     
   1.7999999597668646E-002   206.68136957816876        200.00000000000000     
   1.8039999596774579E-002   205.28220851016954        200.00000000000000     
   1.8079999595880508E-002   203.84838541707703        200.00000000000000     
   1.8119999594986440E-002   202.39009564361604        200.00000000000000     
   1.8159999594092369E-002   200.91796452384452        200.00000000000000     
   1.8199999593198297E-002   199.44300411156368        200.00000000000000     
   1.8239999592304230E-002   197.97656772264770        200.00000000000000     
   1.8279999591410159E-002   196.53030243831176        200.00000000000000     
   1.8319999590516091E-002   195.11609972184982        200.00000000000000     
   1.8359999589622020E-002   193.74604430529314        200.00000000000000     
   1.8399999588727952E-002   192.43236150688048        200.00000000000000     
   1.8439999587833881E-002   191.18736314537753        200.00000000000000     
   1.8479999586939810E-002   190.02339222315069        200.00000000000000     
   1.8519999586045742E-002   188.95276655664023        200.00000000000000     
   1.8559999585151671E-002   187.98772154044394        200.00000000000000     
   1.8599999584257603E-002   187.14035223968486        200.00000000000000     
   1.8639999583363532E-002   186.42255501459010        200.00000000000000     
   1.8679999582469464E-002   185.84596889123264        200.00000000000000     
   1.8719999581575393E-002   185.42191690303909        200.00000000000000     
   1.8759999580681322E-002   185.16134763881024        200.00000000000000     
   1.8799999579787254E-002   185.07477724442629        200.00000000000000     
   1.8839999578893183E-002   185.17223213694982        200.00000000000000     
   1.8879999577999115E-002   185.46319270117377        200.00000000000000     
   1.8919999577105044E-002   185.95653824956369        200.00000000000000     
   1.8959999576210976E-002   186.66049353669325        200.00000000000000     
   1.8999999575316905E-002   187.58257712834612        200.00000000000000     
   1.9039999574422834E-002   188.72955193310082        200.00000000000000     
   1.9079999573528766E-002   190.10737821014641        200.00000000000000     
   1.9119999572634695E-002   191.72116937086784        200.00000000000000     
   1.9159999571740628E-002   193.57515089314768        200.00000000000000     
   1.9199999570846556E-002   195.67262266596677        200.00000000000000     
   1.9239999569952489E-002   198.01592507750775        200.00000000000000     
   1.9279999569058417E-002   200.60640915227921        200.00000000000000     
   1.9319999568164346E-002   203.44441103161660        200.00000000000000     
   1.9359999567270279E-002   206.52923107703495        200.00000000000000     
   1.9399999566376207E-002   209.85911785729223        200.00000000000000     
   1.9439999565482140E-002   213.43125725754899        200.00000000000000     
   1.9479999564588069E-002   217.24176692272744        200.00000000000000     
   1.9519999563694001E-002   221.28569621721266        200.00000000000000     
   1.9559999562799930E-002   225.55703184949192        200.00000000000000     
   1.9599999561905862E-002   230.04870927353230        200.00000000000000     
   1.9639999561011791E-002   234.75262993889578        200.00000000000000     
   1.9679999560117720E-002   239.65968441925182        200.00000000000000     
   1.9719999559223652E-002   244.75978140444079        200.00000000000000     
   1.9759999558329581E-002   250.04188249520672        200.00000000000000     
   1.9799999557435513E-002   255.49404269261447        200.00000000000000     
   1.9839999556541442E-002   261.10345642667033        200.00000000000000     
   1.9879999555647374E-002   266.85650892142991        200.00000000000000     
   1.9919999554753303E-002   272.73883264750879        200.00000000000000     
   1.9959999553859232E-002   278.73536856811847        200.00000000000000     
   1.9999999552965164E-002   284.83043184216638        200.00000000000000     
   2.0039999552071093E-002   291.00778160817407        400.00000000000000     
   2.0079999551177025E-002   297.25069443646663        400.00000000000000     
   2.0119999550282954E-002   303.54204100459697        400.00000000000000     
   2.0159999549388886E-002   309.86436552300876        400.00000000000000     
   2.0199999548494815E-002   316.19996741465258        400.00000000000000     
   2.0239999547600744E-002   322.53098473412444        400.00000000000000     
   2.0279999546706676E-002   328.83947879898517        400.00000000000000     
   2.0319999545812605E-002   335.10751949842870        400.00000000000000     
   2.0359999544918538E-002   341.31727074238324        400.00000000000000     
   2.0399999544024466E-002   347.45107551733446        400.00000000000000     
   2.0439999543130399E-002   353.49154002358375        400.00000000000000     
   2.0479999542236327E-002   359.42161638187645        400.00000000000000     
   2.0519999541342256E-002   365.22468341521954        400.00000000000000     
   2.0559999540448189E-002   370.88462503363513        400.00000000000000     
   2.0599999539554117E-002   376.38590577528851        400.00000000000000     
   2.0639999538660050E-002   381.71364308626374        400.00000000000000     
   2.0679999537765979E-002   386.85367595272709        400.00000000000000     
   2.0719999536871911E-002   391.79262953280733        400.00000000000000     
   2.0759999535977840E-002   396.51797547059573        400.00000000000000     
   2.0799999535083769E-002   401.01808761075466        400.00000000000000     
   2.0839999534189701E-002   405.28229286873420        400.00000000000000     
   2.0879999533295630E-002   409.30091704805523        400.00000000000000     
   2.0919999532401562E-002   413.06532543212154        400.00000000000000     
   2.0959999531507491E-002   416.56795801304503        400.00000000000000     
   2.0999999530613423E-002   419.80235925380595        400.00000000000000     
   2.1039999529719352E-002   422.76320231234746        400.00000000000000     
   2.1079999528825281E-002   425.44630768671220        400.00000000000000     
   2.1119999527931213E-002   427.84865626895117        400.00000000000000     
   2.1159999527037142E-002   429.96839682212845        400.00000000000000     
   2.1199999526143074E-002   431.80484791934202        400.00000000000000     
   2.1239999525249003E-002   433.35849440623758        400.00000000000000     
   2.1279999524354935E-002   434.63097846914729        400.00000000000000     
   2.1319999523460864E-002   435.62508540989705        400.00000000000000     
   2.1359999522566793E-002   436.34472424548483        400.00000000000000     
   2.1399999521672725E-002   436.79490326673380        400.00000000000000     
   2.1439999520778654E-002   436.98170070458400        400.00000000000000     
   2.1479999519884586E-002   436.91223066633523        400.00000000000000     
   2.1519999518990515E-002   436.59460451707110        400.00000000000000     
   2.1559999518096448E-002   436.03788789387403        400.00000000000000     
   2.1599999517202376E-002   435.25205355256094        400.00000000000000     
   2.1639999516308309E-002   434.24793025871179        400.00000000000000     
   2.1679999515414237E-002   433.03714794685288        400.00000000000000     
   2.1719999514520166E-002   431.63207938401439        400.00000000000000     
   2.1759999513626099E-002   430.04577858649890        400.00000000000000     
   2.1799999512732027E-002   428.29191625173672        400.00000000000000     
   2.1839999511837960E-002   426.38471248043629        400.00000000000000     
   2.1879999510943889E-002   424.33886707797711        400.00000000000000     
   2.1919999510049821E-002   422.16948773787453        400.00000000000000     
   2.1959999509155750E-002   419.89201642412223        400.00000000000000     
   2.1999999508261679E-002   417.52215428314423        400.00000000000000     
   2.2039999507367611E-002   415.07578542954798        400.00000000000000     
   2.2079999506473540E-002   412.56889996282825        400.00000000000000     
   2.2119999505579472E-002   410.01751658411132        400.00000000000000     
   2.2159999504685401E-002   407.43760519278300        400.00000000000000     
   2.2199999503791333E-002   404.84500985199406        400.00000000000000     
   2.2239999502897262E-002   402.25537251925209        400.00000000000000     
   2.2279999502003191E-002   399.68405794324667        400.00000000000000     
   2.2319999501109123E-002   397.14608013044131        400.00000000000000     
   2.2359999500215052E-002   394.65603078441444        400.00000000000000     
   2.2399999499320984E-002   392.22801011726148        400.00000000000000     
   2.2439999498426913E-002   389.87556042531565        400.00000000000000     
   2.2479999497532845E-002   387.61160281086455        400.00000000000000     
   2.2519999496638774E-002   385.44837741731095        400.00000000000000     
   2.2559999495744703E-002   383.39738752732893        400.00000000000000     
   2.2599999494850635E-002   381.46934785204195        400.00000000000000     
   2.2639999493956564E-002   379.67413731414354        400.00000000000000     
   2.2679999493062496E-002   378.02075659947280        400.00000000000000     
   2.2719999492168425E-002   376.51729072001842        400.00000000000000     
   2.2759999491274358E-002   375.17087679696806        400.00000000000000     
   2.2799999490380286E-002   373.98767723575884        400.00000000000000     
   2.2839999489486215E-002   372.97285842629793        400.00000000000000     
   2.2879999488592147E-002   372.13057506145657        400.00000000000000     
   2.2919999487698076E-002   371.46396012570068        400.00000000000000     
   2.2959999486804009E-002   370.97512056423341        400.00000000000000     
   2.2999999485909937E-002   370.66513860156039        400.00000000000000     
   2.3039999485015870E-002   370.53407863767740        400.00000000000000     
   2.3079999484121799E-002   370.58099961055814        400.00000000000000     
   2.3119999483227727E-002   370.80397267587119        400.00000000000000     
   2.3159999482333660E-002   371.20010401931569        400.00000000000000     
   2.3199999481439589E-002   371.76556258408016        400.00000000000000     
   2.3239999480545521E-002   372.49561246608647        400.00000000000000     
   2.3279999479651450E-002   373.38464970316227        400.00000000000000     
   2.3319999478757382E-002   374.42624316134987        400.00000000000000     
   2.3359999477863311E-002   375.61317920240339        400.00000000000000     
   2.3399999476969243E-002   376.93750980114083        400.00000000000000     
   2.3439999476075172E-002   378.39060376989954        400.00000000000000     
   2.3479999475181101E-002   379.96320073962647        400.00000000000000     
   2.3519999474287033E-002   381.64546754316063        400.00000000000000     
   2.3559999473392962E-002   383.42705664579216        400.00000000000000     
   2.3599999472498894E-002   385.29716627091040        400.00000000000000     
   2.3639999471604823E-002   387.24460187429730        400.00000000000000     
   2.3679999470710755E-002   389.25783862894855        400.00000000000000     
   2.3719999469816684E-002   391.32508459289426        400.00000000000000     
   2.3759999468922613E-002   393.43434424497752        400.00000000000000     
   2.3799999468028545E-002   395.57348208744264        400.00000000000000     
   2.3839999467134474E-002   397.73028602921505        400.00000000000000     
   2.3879999466240406E-002   399.89253027937690        400.00000000000000     
   2.3919999465346335E-002   402.04803749629502        400.00000000000000     
   2.3959999464452267E-002   404.18473995372170        400.00000000000000     
   2.3999999463558196E-002   406.29073950060831        400.00000000000000     
   2.4039999462664125E-002   408.35436610615784        400.00000000000000     
   2.4079999461770057E-002   410.36423479538053        400.00000000000000     
   2.4119999460875986E-002   412.30930079308160        400.00000000000000     
   2.4159999459981919E-002   414.17891270549188        400.00000000000000     
   2.4199999459087847E-002   415.96286357863238        400.00000000000000     
   2.4239999458193780E-002   417.65143968091763        400.00000000000000     
   2.4279999457299709E-002   419.23546686440704        400.00000000000000     
   2.4319999456405637E-002   420.70635436464278        400.00000000000000     
   2.4359999455511570E-002   422.05613590317137        400.00000000000000     
   2.4399999454617499E-002   423.27750795991028        400.00000000000000     
   2.4439999453723431E-002   424.36386508456980        400.00000000000000     
   2.4479999452829360E-002   425.30933211768564        400.00000000000000     
   2.4519999451935292E-002   426.10879319277268        400.00000000000000     
   2.4559999451041221E-002   426.75791739185610        400.00000000000000     
   2.4599999450147150E-002   427.25318092765963        400.00000000000000     
   2.4639999449253082E-002   427.59188572726720        400.00000000000000     
   2.4679999448359011E-002   427.77217429453037        400.00000000000000     
   2.4719999447464943E-002   427.79304073223147        400.00000000000000     
   2.4759999446570872E-002   427.65433781033789        400.00000000000000     
   2.4799999445676804E-002   427.35677997397732        400.00000000000000     
   2.4839999444782733E-002   426.90194219425592        400.00000000000000     
   2.4879999443888662E-002   426.29225457708247        400.00000000000000     
   2.4919999442994594E-002   425.53099265982826        400.00000000000000     
   2.4959999442100523E-002   424.62226334324129        400.00000000000000     
   2.4999999441206455E-002   423.57098642649976        400.00000000000000     
   2.5039999440312384E-002   422.38287173671779        400.00000000000000     
   2.5079999439418316E-002   421.06439187051296        400.00000000000000     
   2.5119999438524245E-002   419.62275059422495        400.00000000000000     
   2.5159999437630177E-002   418.06584698085868        400.00000000000000     
   2.5199999436736106E-002   416.40223539541154        400.00000000000000     
   2.5239999435842035E-002   414.64108147556271        400.00000000000000     
   2.5279999434947967E-002   412.79211429127844        400.00000000000000     
   2.5319999434053896E-002   410.86557490406835        400.00000000000000     
   2.5359999433159829E-002   408.87216158393420        400.00000000000000     
   2.5399999432265757E-002   406.82297197866382        400.00000000000000     
   2.5439999431371690E-002   404.72944256544622        400.00000000000000     
   2.5479999430477619E-002   402.60328574803822        400.00000000000000     
   2.5519999429583547E-002   400.45642499322190        400.00000000000000     
   2.5559999428689480E-002   398.30092842733507        400.00000000000000     
   2.5599999427795408E-002   396.14894133660670        400.00000000000000     
   2.5639999426901341E-002   394.01261803326338        400.00000000000000     
   2.5679999426007270E-002   391.90405356245577        400.00000000000000     
   2.5719999425113202E-002   389.83521573246691        400.00000000000000     
   2.5759999424219131E-002   387.81787795222112        400.00000000000000     
   2.5799999423325060E-002   385.86355335553583        400.00000000000000     
   2.5839999422430992E-002   383.98343068087405        400.00000000000000     
   2.5879999421536921E-002   382.18831235860290        400.00000000000000     
   2.5919999420642853E-002   380.48855523517312        400.00000000000000     
   2.5959999419748782E-002   378.89401433554673        400.00000000000000     
   2.5999999418854714E-002   377.41399003212348        400.00000000000000     
   2.6039999417960643E-002   376.05717895082518        400.00000000000000     
   2.6079999417066572E-002   374.83162890370966        400.00000000000000     
   2.6119999416172504E-002   373.74469809309687        400.00000000000000     
   2.6159999415278433E-002   372.80301878562511        400.00000000000000     
   2.6199999414384365E-002   372.01246560666573        400.00000000000000     
   2.6239999413490294E-002   371.37812855702509        400.00000000000000     
   2.6279999412596226E-002   370.90429080564707        400.00000000000000     
   2.6319999411702155E-002   370.59441126495159        400.00000000000000     
   2.6359999410808084E-002   370.45111191025080        400.00000000000000     
   2.6399999409914016E-002   370.47616976205393        400.00000000000000     
   2.6439999409019945E-002   370.67051341069919        400.00000000000000     
   2.6479999408125877E-002   371.03422392706381        400.00000000000000     
   2.6519999407231806E-002   371.56653997161777        400.00000000000000     
   2.6559999406337739E-002   372.26586688707181        400.00000000000000     
   2.6599999405443667E-002   373.12978953758955        400.00000000000000     
   2.6639999404549596E-002   374.15508864003760        400.00000000000000     
   2.6679999403655529E-002   375.29283555076620        400.00000000000000     
   2.6719999402761457E-002   376.48940769557993        400.00000000000000     
   2.6759999401867390E-002   377.82718802361632        400.00000000000000     
   2.6799999400973318E-002   379.30005410146595        400.00000000000000     
   2.6839999400079251E-002   380.90130690131417        400.00000000000000     
   2.6879999399185180E-002   382.62370009375348        400.00000000000000     
   2.6919999398291108E-002   384.45947012391071        400.00000000000000     
   2.6959999397397041E-002   386.40036689547378        400.00000000000000     
   2.6999999396502970E-002   388.43768490337141        400.00000000000000     
   2.7039999395608902E-002   390.56229467274102        400.00000000000000     
   2.7079999394714831E-002   392.76467437906803        400.00000000000000     
   2.7119999393820763E-002   395.03494154176332        400.00000000000000     
   2.7159999392926692E-002   397.36288470064602        400.00000000000000     
   2.7199999392032624E-002   399.73799500159726        400.00000000000000     
   2.7239999391138553E-002   402.14949763380986        400.00000000000000     
   2.7279999390244482E-002   404.58638307638836        400.00000000000000     
   2.7319999389350414E-002   407.03743812632587        400.00000000000000     
   2.7359999388456343E-002   409.49127669302965        400.00000000000000     
   2.7399999387562275E-002   411.93637035632776        400.00000000000000     
   2.7439999386668204E-002   414.36107869527382        400.00000000000000     
   2.7479999385774136E-002   416.75367940387565        400.00000000000000     
   2.7519999384880065E-002   419.10239821708763        400.00000000000000     
   2.7559999383985994E-002   421.39543867597462        400.00000000000000     
   2.7599999383091926E-002   423.62101176476813        400.00000000000000     
   2.7639999382197855E-002   425.76736545466980        400.00000000000000     
   2.7679999381303787E-002   427.82281418961600        400.00000000000000     
   2.7719999380409716E-002   429.77576834786083        400.00000000000000     
   2.7759999379515649E-002   431.61476371018824        400.00000000000000     
   2.7799999378621577E-002   433.32849096081429        400.00000000000000     
   2.7839999377727506E-002   434.90582524074858        400.00000000000000     
   2.7879999376833439E-002   436.33585576549427        400.00000000000000     
   2.7919999375939367E-002   437.60791550968679        400.00000000000000     
   2.7959999375045300E-002   438.71161095063809        400.00000000000000     
   2.7999999374151228E-002   439.63685185092743        400.00000000000000     
   2.8039999373257161E-002   440.37388104729030        400.00000000000000     
   2.8079999372363090E-002   440.91330419926913        400.00000000000000     
   2.8119999371469018E-002   441.24611943663234        400.00000000000000     
   2.8159999370574951E-002   441.36374682954823        400.00000000000000     
   2.8199999369680880E-002   441.25805759025286        400.00000000000000     
   2.8239999368786812E-002   440.92140289963595        400.00000000000000     
   2.8279999367892741E-002   440.34664223707716        400.00000000000000     
   2.8319999366998673E-002   439.52717107725761        400.00000000000000     
   2.8359999366104602E-002   438.45694780383366        400.00000000000000     
   2.8399999365210531E-002   437.13051967707253        400.00000000000000     
   2.8439999364316463E-002   435.54304768112161        400.00000000000000     
   2.8479999363422392E-002   433.69033006678228        400.00000000000000     
   2.8519999362528324E-002   431.56882439779855        400.00000000000000     
   2.8559999361634253E-002   429.17566790300822        400.00000000000000     
   2.8599999360740185E-002   426.50869593345487        400.00000000000000     
   2.8639999359846114E-002   423.56645832307885        400.00000000000000     
   2.8679999358952043E-002   420.34823345389356        400.00000000000000     
   2.8719999358057975E-002   416.85403983196085        400.00000000000000     
   2.8759999357163904E-002   413.08464498898746        400.00000000000000     
   2.8799999356269836E-002   409.04157153609862        400.00000000000000     
   2.8839999355375765E-002   404.72710021127159        400.00000000000000     
   2.8879999354481697E-002   400.14426978001444        400.00000000000000     
   2.8919999353587626E-002   395.29687366998706        400.00000000000000     
   2.8959999352693559E-002   390.18945324423635        400.00000000000000     
   2.8999999351799487E-002   384.82728764429066        400.00000000000000     
   2.9039999350905416E-002   379.21638016319315        400.00000000000000     
   2.9079999350011349E-002   373.36344113933848        400.00000000000000     
   2.9119999349117277E-002   367.27586739420781        400.00000000000000     
   2.9159999348223210E-002   360.96171827034578        400.00000000000000     
   2.9199999347329138E-002   354.42968835971772        400.00000000000000     
   2.9239999346435071E-002   347.68907704623933        400.00000000000000     
   2.9279999345541000E-002   340.74975501945113        400.00000000000000     
   2.9319999344646928E-002   333.62212794822528        400.00000000000000     
   2.9359999343752861E-002   326.31709753367727        400.00000000000000     
   2.9399999342858790E-002   318.84602018846255        400.00000000000000     
   2.9439999341964722E-002   311.22066361493620        400.00000000000000     
   2.9479999341070651E-002   303.45316157678502        400.00000000000000     
   2.9519999340176583E-002   295.55596717727133        400.00000000000000     
   2.9559999339282512E-002   287.54180497194727        400.00000000000000     
   2.9599999338388441E-002   279.42362225419009        400.00000000000000     
   2.9639999337494373E-002   271.21453985820932        400.00000000000000     
   2.9679999336600302E-002   262.92780282602041        400.00000000000000     
   2.9719999335706234E-002   254.57673128238898        400.00000000000000     
   2.9759999334812163E-002   246.17467185499433        400.00000000000000     
   2.9799999333918095E-002   237.73494996613329        400.00000000000000     
   2.9839999333024024E-002   229.27082330757597        400.00000000000000     
   2.9879999332129953E-002   220.79543679183166        400.00000000000000     
   2.9919999331235885E-002   212.32177925162688        400.00000000000000     
   2.9959999330341814E-002   203.86264213513263        400.00000000000000     
   2.9999999329447746E-002   195.43058041790820        0.0000000000000000     
   3.0039999328553675E-002   187.03787592419468        0.0000000000000000     
   3.0079999327659607E-002   178.69650322044578        0.0000000000000000     
   3.0119999326765536E-002   170.41809821351336        0.0000000000000000     
   3.0159999325871465E-002   162.21392955501665        0.0000000000000000     
   3.0199999324977397E-002   154.09487292274500        0.0000000000000000     
   3.0239999324083326E-002   146.07138821980595        0.0000000000000000     
   3.0279999323189258E-002   138.15349970309850        0.0000000000000000     
   3.0319999322295187E-002   130.35077902493441        0.0000000000000000     
   3.0359999321401120E-002   122.67233114551205        0.0000000000000000     
   3.0399999320507048E-002   115.12678304983042        0.0000000000000000     
   3.0439999319612977E-002   107.72227518061105        0.0000000000000000     
   3.0479999318718910E-002   100.46645547917380        0.0000000000000000     
   3.0519999317824838E-002   93.366475908977293        0.0000000000000000     
   3.0559999316930771E-002   86.428991321821940        0.0000000000000000     
   3.0599999316036700E-002   79.660160514558612        0.0000000000000000     
   3.0639999315142632E-002   73.065649314413719        0.0000000000000000     
   3.0679999314248561E-002   66.650635523849076        0.0000000000000000     
   3.0719999313354493E-002   60.419815550920916        0.0000000000000000     
   3.0759999312460422E-002   54.377412548462758        0.0000000000000000     
   3.0799999311566351E-002   48.527185884781140        0.0000000000000000     
   3.0839999310672283E-002   42.872441769892561        0.0000000000000000     
   3.0879999309778212E-002   37.416044864361645        0.0000000000000000     
   3.0919999308884144E-002   32.160430702423973        0.0000000000000000     
   3.0959999307990073E-002   27.107618767074023        0.0000000000000000     
   3.0999999307096005E-002   22.259226061954507        0.0000000000000000     
   3.1039999306201934E-002   17.616481033106307        0.0000000000000000     
   3.1079999305307863E-002   13.180237702628107        0.0000000000000000     
   3.1119999304413795E-002   8.9509898860153427        0.0000000000000000     
   3.1159999303519724E-002   4.9288853751470034        0.0000000000000000     
   3.1199999302625656E-002   1.1137399794619731        0.0000000000000000     
   3.1239999301731585E-002  -2.4949486712917488        0.0000000000000000     
   3.1279999300837517E-002  -5.8979876484324718        0.0000000000000000     
   3.1319999299943446E-002  -9.0964756445552162        0.0000000000000000     
   3.1359999299049375E-002  -12.091790356412863        0.0000000000000000     
   3.1399999298155304E-002  -14.885576383554531        0.0000000000000000     
   3.1439999297261240E-002  -17.479733685297106        0.0000000000000000     
   3.1479999296367168E-002  -19.876406628346675        0.0000000000000000     
   3.1519999295473097E-002  -22.077973647495103        0.0000000000000000     
   3.1559999294579026E-002  -24.087037532228930        0.0000000000000000     
   3.1599999293684955E-002  -25.906416342960316        0.0000000000000000     
   3.1639999292790891E-002  -27.539134951831915        0.0000000000000000     
   3.1679999291896820E-002  -28.988417194773469        0.0000000000000000     
   3.1719999291002748E-002  -30.257678613650885        0.0000000000000000     
   3.1759999290108677E-002  -31.350519760010897        0.0000000000000000     
   3.1799999289214613E-002  -32.270720025065636        0.0000000000000000     
   3.1839999288320542E-002  -33.022231954235203        0.0000000000000000     
   3.1879999287426471E-002  -33.609175998740447        0.0000000000000000     
   3.1919999286532399E-002  -34.035835651481143        0.0000000000000000     
   3.1959999285638328E-002  -34.306652909714884        0.0000000000000000     
   3.1999999284744264E-002  -34.426224002940657        0.0000000000000000     
   3.2039999283850193E-002  -34.399295320853213        0.0000000000000000     
   3.2079999282956122E-002  -34.230759473353061        0.0000000000000000     
   3.2119999282062051E-002  -33.925651412347726        0.0000000000000000     
   3.2159999281167986E-002  -33.489144543523437        0.0000000000000000     
   3.2199999280273915E-002  -32.926546755411501        0.0000000000000000     
   3.2239999279379844E-002  -32.243296292955741        0.0000000000000000     
   3.2279999278485773E-002  -31.444957403427409        0.0000000000000000     
   3.2319999277591702E-002  -30.537215683965250        0.0000000000000000     
   3.2359999276697637E-002  -29.525873062233536        0.0000000000000000     
   3.2399999275803566E-002  -28.416842344754681        0.0000000000000000     
   3.2439999274909495E-002  -27.216141271321494        0.0000000000000000     
   3.2479999274015424E-002  -25.929886018615729        0.0000000000000000     
   3.2519999273121353E-002  -24.564284101645423        0.0000000000000000     
   3.2559999272227289E-002  -23.125626627950879        0.0000000000000000     
   3.2599999271333217E-002  -21.620279866579772        0.0000000000000000     
   3.2639999270439146E-002  -20.054676101644848        0.0000000000000000     
   3.2679999269545075E-002  -18.435303748733720        0.0000000000000000     
   3.2719999268651011E-002  -16.768696721489704        0.0000000000000000     
   3.2759999267756940E-002  -15.061423045248022        0.0000000000000000     
   3.2799999266862868E-002  -13.320072724573377        0.0000000000000000     
   3.2839999265968797E-002  -11.551244881810165        0.0000000000000000     
   3.2879999265074726E-002  -9.7615341941863178        0.0000000000000000     
   3.2919999264180662E-002  -7.9575166674712685        0.0000000000000000     
   3.2959999263286591E-002  -6.1457347945519922        0.0000000000000000     
   3.2999999262392520E-002  -4.3326821573673815        0.0000000000000000     
   3.3039999261498448E-002  -2.5247875403384654        0.0000000000000000     
   3.3079999260604377E-002 -0.72839863250908732        0.0000000000000000     
   3.3119999259710313E-002   1.0502345959827766        0.0000000000000000     
   3.3159999258816242E-002   2.8049767499983207        0.0000000000000000     
   3.3199999257922171E-002   4.5298239984372373        0.0000000000000000     
   3.3239999257028099E-002   6.2189210912469273        0.0000000000000000     
   3.3279999256134035E-002   7.8665782953010792        0.0000000000000000     
   3.3319999255239964E-002   9.4672881372555242        0.0000000000000000     
   3.3359999254345893E-002   11.015741840102825        0.0000000000000000     
   3.3399999253451822E-002   12.506845340185000        0.0000000000000000     
   3.3439999252557751E-002   13.935734772942659        0.0000000000000000     
   3.3479999251663686E-002   15.297791318635802        0.0000000000000000     
   3.3519999250769615E-002   16.588655303638067        0.0000000000000000     
   3.3559999249875544E-002   17.804239458638698        0.0000000000000000     
   3.3599999248981473E-002   18.940741242058934        0.0000000000000000     
   3.3639999248087409E-002   19.994654145129832        0.0000000000000000     
   3.3679999247193337E-002   20.962777904220022        0.0000000000000000     
   3.3719999246299266E-002   21.842227556007618        0.0000000000000000     
   3.3759999245405195E-002   22.630441281786624        0.0000000000000000     
   3.3799999244511124E-002   23.325186998408832        0.0000000000000000     
   3.3839999243617060E-002   23.924567664896617        0.0000000000000000     
   3.3879999242722988E-002   24.427025285426261        0.0000000000000000     
   3.3919999241828917E-002   24.831343601004022        0.0000000000000000     
   3.3959999240934846E-002   25.136649473523395        0.0000000000000000     
   3.3999999240040775E-002   25.342412976868534        0.0000000000000000     
   3.4039999239146711E-002   25.448446220110952        0.0000000000000000     
   3.4079999238252640E-002   25.454900937517852        0.0000000000000000     
   3.4119999237358568E-002   25.362264888923786        0.0000000000000000     
   3.4159999236464497E-002   25.171357121868827        0.0000000000000000     
   3.4199999235570433E-002   24.883322153752594        0.0000000000000000     
   3.4239999234676362E-002   24.499623137960629        0.0000000000000000     
   3.4279999233782291E-002   24.022034082514672        0.0000000000000000     
   3.4319999232888219E-002   23.452631193203967        0.0000000000000000     
   3.4359999231994148E-002   22.793783415429637        0.0000000000000000     
   3.4399999231100084E-002   22.048142250103343        0.0000000000000000     
   3.4439999230206013E-002   21.218630918999004        0.0000000000000000     
   3.4479999229311942E-002   20.308432953938805        0.0000000000000000     
   3.4519999228417871E-002   19.320980282265158        0.0000000000000000     
   3.4559999227523799E-002   18.259940878204567        0.0000000000000000     
   3.4599999226629735E-002   17.129206046150372        0.0000000000000000     
   3.4639999225735664E-002   15.932877397604058        0.0000000000000000     
   3.4679999224841593E-002   14.675253578693043        0.0000000000000000     
   3.4719999223947522E-002   13.360816799885054        0.0000000000000000     
   3.4759999223053457E-002   11.994219213901179        0.0000000000000000     
   3.4799999222159386E-002   10.580269181963743        0.0000000000000000     
   3.4839999221265315E-002   9.1239174625352657        0.0000000000000000     
   3.4879999220371244E-002   7.6302433507112735        0.0000000000000000     
   3.4919999219477173E-002   6.1044407905097406        0.0000000000000000     
   3.4959999218583108E-002   4.5518044765469234        0.0000000000000000     
   3.4999999217689037E-002   2.9777159561214308        0.0000000000000000     
   3.5039999216794966E-002   1.3876297375512983        0.0000000000000000     
   3.5079999215900895E-002 -0.21294059409983898        0.0000000000000000     
   3.5119999215006824E-002  -1.8184362570717694        0.0000000000000000     
   3.5159999214112760E-002  -3.4232671556195222        0.0000000000000000     
   3.5199999213218688E-002  -5.0218257754608766        0.0000000000000000     
   3.5239999212324617E-002  -6.6085011045787905        0.0000000000000000     
   3.5279999211430546E-002  -8.1776925939212468        0.0000000000000000     
   3.5319999210536482E-002  -9.7238241737612139        0.0000000000000000     
   3.5359999209642411E-002  -11.241358342052818        0.0000000000000000     
   3.5399999208748339E-002  -12.724810340940662        0.0000000000000000     
   3.5439999207854268E-002  -14.168762436736072        0.0000000000000000     
   3.5479999206960197E-002  -15.567878317081378        0.0000000000000000     
   3.5519999206066133E-002  -16.916917616781490        0.0000000000000000     
   3.5559999205172062E-002  -18.210750580788179        0.0000000000000000     
   3.5599999204277991E-002  -19.444372869232915        0.0000000000000000     
   3.5639999203383919E-002  -20.612920505102071        0.0000000000000000     
   3.5679999202489855E-002  -21.711684960308492        0.0000000000000000     
   3.5719999201595784E-002  -22.736128370439122        0.0000000000000000     
   3.5759999200701713E-002  -23.681898862529977        0.0000000000000000     
   3.5799999199807642E-002  -24.544845973754839        0.0000000000000000     
   3.5839999198913570E-002  -25.321036132120550        0.0000000000000000     
   3.5879999198019506E-002  -26.006768163062578        0.0000000000000000     
   3.5919999197125435E-002  -26.598588778437975        0.0000000000000000     
   3.5959999196231364E-002  -27.093307996798288        0.0000000000000000     
   3.5999999195337293E-002  -27.488014436170058        0.0000000000000000     
   3.6039999194443222E-002  -27.780090412898311        0.0000000000000000     
   3.6079999193549157E-002  -27.967226772600050        0.0000000000000000     
   3.6119999192655086E-002  -28.047437371972055        0.0000000000000000     
   3.6159999191761015E-002  -28.019073123277291        0.0000000000000000     
   3.6199999190866944E-002  -27.880835506863310        0.0000000000000000     
   3.6239999189972880E-002  -27.631789451223966        0.0000000000000000     
   3.6279999189078808E-002  -27.271375474966625        0.0000000000000000     
   3.6319999188184737E-002  -26.799420980766701        0.0000000000000000     
   3.6359999187290666E-002  -26.216150588050130        0.0000000000000000     
   3.6399999186396595E-002  -25.522195388910777        0.0000000000000000     
   3.6439999185502531E-002  -24.718601010669577        0.0000000000000000     
   3.6479999184608460E-002  -23.806834368718935        0.0000000000000000     
   3.6519999183714388E-002  -22.788788994815011        0.0000000000000000     
   3.6559999182820317E-002  -21.666788828992232        0.0000000000000000     
   3.6599999181926246E-002  -20.443590367691193        0.0000000000000000     
   3.6639999181032182E-002  -19.122383066644801        0.0000000000000000     
   3.6679999180138111E-002  -17.706787904491325        0.0000000000000000     
   3.6719999179244039E-002  -16.200854021995490        0.0000000000000000     
   3.6759999178349968E-002  -14.609053362105129        0.0000000000000000     
   3.6799999177455904E-002  -12.936273247765476        0.0000000000000000     
   3.6839999176561833E-002  -11.187806847381808        0.0000000000000000     
   3.6879999175667762E-002  -9.3693414919245566        0.0000000000000000     
   3.6919999174773691E-002  -7.4869448227737347        0.0000000000000000     
   3.6959999173879619E-002  -5.5470487653112093        0.0000000000000000     
   3.6999999172985555E-002  -3.5564313398333134        0.0000000000000000     
   3.7039999172091484E-002  -1.5221963383335797        0.0000000000000000     
   3.7079999171197413E-002  0.54824908711677312        0.0000000000000000     
   3.7119999170303342E-002   2.6472188614889873        0.0000000000000000     
   3.7159999169409270E-002   4.7667743696214240        0.0000000000000000     
   3.7199999168515206E-002   6.8987526885522668        0.0000000000000000     
   3.7239999167621135E-002   9.0347965574580176        0.0000000000000000     
   3.7279999166727064E-002   11.166385958588963        0.0000000000000000     
   3.7319999165832993E-002   13.284871168957000        0.0000000000000000     
   3.7359999164938928E-002   15.381507130297981        0.0000000000000000     
   3.7399999164044857E-002   17.447488974044568        0.0000000000000000     
   3.7439999163150786E-002   19.473988528889528        0.0000000000000000     
   3.7479999162256715E-002   21.452191631083455        0.0000000000000000     
   3.7519999161362644E-002   23.373336051984449        0.0000000000000000     
   3.7559999160468580E-002   25.228749853515001        0.0000000000000000     
   3.7599999159574508E-002   27.009889980199585        0.0000000000000000     
   3.7639999158680437E-002   28.708380896193418        0.0000000000000000     
   3.7679999157786366E-002   30.316053077160536        0.0000000000000000     
   3.7719999156892302E-002   31.824981169911638        0.0000000000000000     
   3.7759999155998231E-002   33.227521637185532        0.0000000000000000     
   3.7799999155104159E-002   34.516349710733664        0.0000000000000000     
   3.7839999154210088E-002   35.684495482735251        0.0000000000000000     
   3.7879999153316017E-002   36.725378973319650        0.0000000000000000     
   3.7919999152421953E-002   37.632844020441972        0.0000000000000000     
   3.7959999151527882E-002   38.401190847208142        0.0000000000000000     
   3.7999999150633811E-002   39.025207170918883        0.0000000000000000     
   3.8039999149739739E-002   39.500197727215834        0.0000000000000000     
   3.8079999148845668E-002   39.822012091682858        0.0000000000000000     
   3.8119999147951604E-002   39.987070689801612        0.0000000000000000     
   3.8159999147057533E-002   39.992388894217711        0.0000000000000000     
   3.8199999146163462E-002   39.835599115517496        0.0000000000000000     
   3.8239999145269390E-002   39.514970799284932        0.0000000000000000     
   3.8279999144375326E-002   39.029428247728994        0.0000000000000000     
   3.8319999143481255E-002   38.378566188856283        0.0000000000000000     
   3.8359999142587184E-002   37.562663019805711        0.0000000000000000     
   3.8399999141693113E-002   36.582691653698156        0.0000000000000000     
   3.8439999140799042E-002   35.440327901196284        0.0000000000000000     
   3.8479999139904977E-002   34.137956319066568        0.0000000000000000     
   3.8519999139010906E-002   32.678673458428456        0.0000000000000000     
   3.8559999138116835E-002   31.066288445413200        0.0000000000000000     
   3.8599999137222764E-002   29.305320826620928        0.0000000000000000     
   3.8639999136328693E-002   27.400995611534981        0.0000000000000000     
   3.8679999135434628E-002   25.359235443971556        0.0000000000000000     
   3.8719999134540557E-002   23.186649835180319        0.0000000000000000     
   3.8759999133646486E-002   20.890521392513399        0.0000000000000000     
   3.8799999132752415E-002   18.478788980104198        0.0000000000000000     
   3.8839999131858351E-002   15.960027751881457        0.0000000000000000     
   3.8879999130964280E-002   13.343426002998607        0.0000000000000000     
   3.8919999130070208E-002   10.638758793431673        0.0000000000000000     
   3.8959999129176137E-002   7.8563583076097974        0.0000000000000000     
   3.8999999128282066E-002   5.0070809265211169        0.0000000000000000     
   3.9039999127388002E-002   2.1022710040508148        0.0000000000000000     
   3.9079999126493931E-002 -0.84627864243808681        0.0000000000000000     
   3.9119999125599859E-002  -3.8263694961441450        0.0000000000000000     
   3.9159999124705788E-002  -6.8254433042039491        0.0000000000000000     
   3.9199999123811724E-002  -9.8306311581138228        0.0000000000000000     
   3.9239999122917653E-002  -12.828805579139765        0.0000000000000000     
   3.9279999122023582E-002  -15.806635464439873        0.0000000000000000     
   3.9319999121129511E-002  -18.750643715151309        0.0000000000000000     
   3.9359999120235439E-002  -21.647267331634886        0.0000000000000000     
   3.9399999119341375E-002  -24.482919723651520        0.0000000000000000     
   3.9439999118447304E-002  -27.244054945351554        0.0000000000000000     
   3.9479999117553233E-002  -29.917233527075844        0.0000000000000000     
   3.9519999116659162E-002  -32.489189538983219        0.0000000000000000     
   3.9559999115765090E-002  -34.946898486165935        0.0000000000000000     
   3.9599999114871026E-002  -37.277645602120216        0.0000000000000000     
   3.9639999113976955E-002  -39.469094077972912        0.0000000000000000     
   3.9679999113082884E-002  -41.509352739731312        0.0000000000000000     
   3.9719999112188813E-002  -43.387042665681086        0.0000000000000000     
   3.9759999111294748E-002  -45.091362221882534        0.0000000000000000     
   3.9799999110400677E-002  -46.612149986033948        0.0000000000000000     
   3.9839999109506606E-002  -47.939945029495746        0.0000000000000000     
   3.9879999108612535E-002  -49.066044034394928        0.0000000000000000     
   3.9919999107718464E-002  -49.982554737805145        0.0000000000000000     
   3.9959999106824400E-002  -50.682445218131505        0.0000000000000000     
   3.9999999105930328E-002  -51.159588570010783        0.0000000000000000     
