   0.0000000000000000        40.083172853176436        0.0000000000000000     
   3.9999999105930327E-005   40.098712347381692        1.2566350293207649     
   7.9999998211860654E-005   40.128613517212827        2.5132576561604241     
   1.1999999731779099E-004   40.172843010114995        3.7698554781602800     
   1.5999999642372131E-004   40.231365029749625        5.0264160932064472     
   1.9999999552965163E-004   40.304141432989645        6.2829270995522588     
   2.3999999463558198E-004   40.391131854341644        7.5393760959406695     
   2.7999999374151227E-004   40.492293857102027        8.7957506817266378     
   3.1999999284744262E-004   40.607583110202270        10.052038456999538     
   3.5999999195337296E-004   40.736953589355110        11.308227022705516     
   3.9999999105930326E-004   40.880357800781134        12.564303980769884     
   4.3999999016523361E-004   41.037747025491065        13.820256934219477     
   4.7999998927116395E-004   41.209071581808637        15.076073487305003     
   5.1999998837709430E-004   41.394281103565604        16.331741245623380     
   5.5999998748302454E-004   41.593324831174641        17.587247816240083     
   5.9999998658895489E-004   41.806151912591950        18.842580807811444     
   6.3999998569488523E-004   42.032711711033215        20.097727830706937     
   6.7999998480081558E-004   42.272954116186519        21.352676497131480     
   7.1999998390674593E-004   42.526829855591998        22.607414421247690     
   7.5999998301267617E-004   42.794290802819972        23.861929219298126     
   7.9999998211860652E-004   43.075290279084115        25.116208509727517     
   8.3999998122453686E-004   43.369783344961050        26.370239913304943     
   8.7999998033046721E-004   43.677727078968026        27.624011053246033     
   9.1999997943639756E-004   43.999080839855665        28.877509555335116     
   9.5999997854232791E-004   44.333806509614242        30.130723048047358     
   9.9999997764825825E-004   44.681868714359041        31.383639162670825     
   1.0399999767541886E-003   45.043235020450773        32.636245533428607     
   1.0799999758601187E-003   45.417876103422472        33.888529797600825     
   1.1199999749660491E-003   45.805765887512642        35.140479595646681     
   1.1599999740719794E-003   46.206881653847731        36.392082571326419     
   1.1999999731779098E-003   46.621204115576056        37.643326371823264     
   1.2399999722838401E-003   47.048717458512314        38.894198647865359     
   1.2799999713897705E-003   47.489409346122109        40.144687053847669     
   1.3199999704957008E-003   47.943270887943477        41.394779247953764     
   1.3599999696016312E-003   48.410296570809209        42.644462892277701     
   1.3999999687075615E-003   48.890484152499702        43.893725652945719     
   1.4399999678134919E-003   49.383834517715577        45.142555200238057     
   1.4799999669194222E-003   49.890351496514938        46.390939208710556     
   1.5199999660253523E-003   50.410041645607805        47.638865357316369     
   1.5599999651312827E-003   50.942913993139442        48.886321329527519     
   1.5999999642372130E-003   51.488979747829660        50.133294813456494     
   1.6399999633431434E-003   52.048251973556020        51.379773501977766     
   1.6799999624490737E-003   52.620745230689749        52.625745092849193     
   1.7199999615550041E-003   53.206475185699567        53.871197288833542     
   1.7599999606609344E-003   53.805458190741547        55.116117797819712     
   1.7999999597668648E-003   54.417710835150579        56.360494332944235     
   1.8399999588727951E-003   55.043249470935862        57.604314612712372     
   1.8799999579787255E-003   55.682089714569550        58.847566361119462     
   1.9199999570846558E-003   56.334245927536045        60.090237307771957     
   1.9599999561905859E-003   56.999730678283328        61.332315188008621     
   1.9999999552965165E-003   57.678554188389036        62.573787743021555     
   2.0399999544024466E-003   58.370723765921099        63.814642719977144     
   2.0799999535083772E-003   59.076243229129609        65.054867872137066     
   2.1199999526143073E-003   59.795112323769402        66.294450958979056     
   2.1599999517202375E-003   60.527326137496651        67.533379746317820     
   2.1999999508261680E-003   61.272874514932205        68.771642006425722     
   2.2399999499320982E-003   62.031741477116455        70.009225518153471     
   2.2799999490380287E-003   62.803904649208192        71.246118067050787     
   2.3199999481439589E-003   63.589334700393373        72.482307445486853     
   2.3599999472498894E-003   64.387994800070572        73.717781452770922     
   2.3999999463558195E-003   65.199840094464292        74.952527895272624     
   2.4399999454617501E-003   66.024817207882350        76.186534586542393     
   2.4799999445676802E-003   66.862863772875286        77.419789347431674     
   2.5199999436736108E-003   67.713907993577237        78.652280006213232     
   2.5599999427795409E-003   68.577868246493921        79.883994398701120     
   2.5999999418854711E-003   69.454652722967552        81.114920368370875     
   2.6399999409914016E-003   70.344159117466234        82.345045766479458     
   2.6799999400973318E-003   71.246274365741698        83.574358452185166     
   2.7199999392032623E-003   72.160874436738524        84.802846292667354     
   2.7599999383091925E-003   73.087824181948648        86.030497163246338     
   2.7999999374151230E-003   74.026977245663659        87.257298947502989     
   2.8399999365210532E-003   74.978176039290517        88.483239537398305     
   2.8799999356269837E-003   75.941251782567221        89.708306833392896     
   2.9199999347329138E-003   76.916024614129810        90.932488744566484     
   2.9599999338388444E-003   77.902303773460019        92.155773188737143     
   2.9999999329447745E-003   78.899887855763197        93.378148092580616     
   3.0399999320507047E-003   79.908565140813735        94.599601391749374     
   3.0799999311566352E-003   80.928113996243439        95.820121030991871     
   3.1199999302625654E-003   81.958303355149951        97.039694964271277     
   3.1599999293684959E-003   82.998893267276401        98.258311154884609     
   3.1999999284744261E-003   84.049635522353597        99.475957575581347     
   3.2399999275803566E-003   85.110274343517943        100.69262220868225     
   3.2799999266862868E-003   86.180547148029845        101.90829304619788     
   3.3199999257922173E-003   87.260185371815325        103.12295808994725     
   3.3599999248981475E-003   88.348915353664111        104.33660535167601     
   3.3999999240040780E-003   89.446459274231117        105.54922285317505     
   3.4399999231100081E-003   90.552536144329650        106.76079862639850     
   3.4799999222159383E-003   91.666862836374477        107.97132071358190     
   3.5199999213218688E-003   92.789155152241577        109.18077716736039     
   3.5599999204277990E-003   93.919128920275014        110.38915605088629     
   3.5999999195337295E-003   95.056501113687375        111.59644543794727     
   3.6399999186396597E-003   96.200990982190490        112.80263341308377     
   3.6799999177455902E-003   97.352321188350999        114.00770807170677     
   3.7199999168515204E-003   98.510218939912932        115.21165752021530     
   3.7599999159574509E-003   99.674417109154788        116.41446987611359     
   3.7999999150633811E-003   100.84465533027516        117.61613326812869     
   3.8399999141693116E-003   102.02068106581558        118.81663583632742     
   3.8799999132752418E-003   103.20225063323844        120.01596573223337     
   3.9199999123811719E-003   104.38913018299044        121.21411111894402     
   3.9599999114871024E-003   105.58109661968092        122.41106017124747     
   3.9999999105930330E-003   106.77793845839740        123.60680107573916     
   4.0399999096989627E-003   107.97945660866131        124.80132203093837     
   4.0799999088048933E-003   109.18546507908798        125.99461124740495     
   4.1199999079108238E-003   110.39579159644541        127.18665694785538     
   4.1599999070167544E-003   111.61027813350955        128.37744736727922     
   4.1999999061226841E-003   112.82878134086405        129.56697075305505     
   4.2399999052286147E-003   114.05117287859998        130.75521536506673     
   4.2799999043345452E-003   115.27733964470015        131.94216947581893     
   4.3199999034404749E-003   116.50718389776289        133.12782137055314     
   4.3599999025464055E-003   117.74062327258973        134.31215934736318     
   4.3999999016523361E-003   118.97759068804703        135.49517171731068     
   4.4399999007582666E-003   120.21803414747998        136.67684680454056     
   4.4799998998641963E-003   121.46191643281890        137.85717294639602     
   4.5199998989701269E-003   122.70921469434663        139.03613849353400     
   4.5599998980760574E-003   123.95991993889191        140.21373181003983     
   4.5999998971819880E-003   125.21403641997486        141.38994127354226     
   4.6399998962879177E-003   126.47158093413280        142.56475527532808     
   4.6799998953938483E-003   127.73258202831633        143.73816222045673     
   4.7199998944997788E-003   128.99707912384190        144.91015052787478     
   4.7599998936057085E-003   130.26512156292515        146.08070863053010     
   4.7999998927116391E-003   131.53676758430063        147.24982497548612     
   4.8399998918175697E-003   132.81208323484483        148.41748802403598     
   4.8799998909235002E-003   134.09114122447392        149.58368625181603     
   4.9199998900294299E-003   135.37401973187670        150.74840814892002     
   4.9599998891353605E-003   136.66080116887841        151.91164222001234     
   4.9999998882412910E-003   137.95157091139814        153.07337698444175     
   5.0399998873472216E-003   139.24641600508849        154.23360097635447     
   5.0799998864531513E-003   140.54542385381029        155.39230274480741     
   5.1199998855590819E-003   141.84868089911546        156.54947085388136     
   5.1599998846650124E-003   143.15627129888892        157.70509388279353     
   5.1999998837709421E-003   144.46827561323354        158.85916042601056     
   5.2399998828768727E-003   145.78476950558360        160.01165909336103     
   5.2799998819828033E-003   147.10582246689268        161.16257851014763     
   5.3199998810887338E-003   148.43149657058350        162.31190731725980     
   5.3599998801946635E-003   149.76184526574451        163.45963417128553     
   5.3999998793005941E-003   151.09691221584697        164.60574774462350     
   5.4399998784065247E-003   152.43673019000988        165.75023672559493     
   5.4799998775124552E-003   153.78132001357383        166.89308981855490     
   5.5199998766183849E-003   155.13068958446195        168.03429574400403     
   5.5599998757243155E-003   156.48483296149627        169.17384323870016     
   5.5999998748302460E-003   157.84372953050675        170.31172105576883     
   5.6399998739361757E-003   159.20734325373039        171.44791796481474     
   5.6799998730421063E-003   160.57562200761203        172.58242275203250     
   5.7199998721480369E-003   161.94849701373536        173.71522422031722     
   5.7599998712539674E-003   163.32588236719243        174.84631118937517     
   5.7999998703598971E-003   164.70767466624864        175.97567249583392     
   5.8399998694658277E-003   166.09375274670319        177.10329699335276     
   5.8799998685717583E-003   167.48397752383499        178.22917355273248     
   5.9199998676776888E-003   168.87819194430719        179.35329106202533     
   5.9599998667836185E-003   170.27622104984442        180.47563842664476     
   5.9999998658895491E-003   171.67787215391459        181.59620456947474     
   6.0399998649954796E-003   173.08293513203148        182.71497843097922     
   6.0799998641014093E-003   174.49118282565877        183.83194896931124     
   6.1199998632073399E-003   175.90237155901880        184.94710516042196     
   6.1599998623132705E-003   177.31624176742699        186.06043599816925     
   6.1999998614192010E-003   178.73251873504859        187.17193049442673     
   6.2399998605251307E-003   180.15091343924894        188.28157767919177     
   6.2799998596310613E-003   181.57112349795534        189.38936660069402     
   6.3199998587369919E-003   182.99283421569811        190.49528632550349     
   6.3599998578429224E-003   184.41571972323652        191.59932593863834     
   6.3999998569488521E-003   185.83944420492327        192.70147454367270     
   6.4399998560547827E-003   187.26366320721687        193.80172126284424     
   6.4799998551607133E-003   188.68802502102719        194.90005523716135     
   6.5199998542666429E-003   190.11217212988424        195.99646562651054     
   6.5599998533725735E-003   191.53574271525912        197.09094160976332     
   6.5999998524785041E-003   192.95837220974795        198.18347238488298     
   6.6399998515844346E-003   194.37969488827227        199.27404716903126     
   6.6799998506903643E-003   195.79934548694328        200.36265519867470     
   6.7199998497962949E-003   197.21696083881744        201.44928572969096     
   6.7599998489022255E-003   198.63218151540531        202.53392803747477     
   6.7999998480081560E-003   200.04465346255012        203.61657141704384     
   6.8399998471140857E-003   201.45402961909701        204.69720518314452     
   6.8799998462200163E-003   202.85997150672148        205.77581867035724     
   6.9199998453259469E-003   204.26215077928856        206.85240123320165     
   6.9599998444318766E-003   205.66025072026181        207.92694224624196     
   6.9999998435378071E-003   207.05396767690752        208.99943110419167     
   7.0399998426437377E-003   208.44301242038310        210.06985722201802     
   7.0799998417496682E-003   209.82711142124808        211.13821003504682     
   7.1199998408555979E-003   211.20600803047842        212.20447899906651     
   7.1599998399615285E-003   212.57946355671791        213.26865359043236     
   7.1999998390674591E-003   213.94725823122866        214.33072330617026     
   7.2399998381733896E-003   215.30919205283004        215.39067766408010     
   7.2799998372793193E-003   216.66508550600918        216.44850620283984     
   7.3199998363852499E-003   218.01478014634972        217.50419848210822     
   7.3599998354911805E-003   219.35813904844542        218.55774408262815     
   7.3999998345971102E-003   220.69504711252512        219.60913260632930     
   7.4399998337030407E-003   222.02541122711719        220.65835367643075     
   7.4799998328089713E-003   223.34916028619082        221.70539693754358     
   7.5199998319149019E-003   224.66624506034731        222.75025205577296     
   7.5599998310208315E-003   225.97663792274307        223.79290871882009     
   7.5999998301267621E-003   227.28033243154400        224.83335663608409     
   7.6399998292326927E-003   228.57734277178150        225.87158553876355     
   7.6799998283386232E-003   229.86770306052694        226.90758517995766     
   7.7199998274445529E-003   231.15146652029210        227.94134533476770     
   7.7599998265504835E-003   232.42870452650408        228.97285580039775     
   7.7999998256564141E-003   233.69950553577542        230.00210639625536     
   7.8399998247623438E-003   234.96397390249109        231.02908696405211     
   7.8799998238682743E-003   236.22222859197024        232.05378736790382     
   7.9199998229742049E-003   237.47440179909478        233.07619749443066     
   7.9599998220801355E-003   238.72063748187858        234.09630725285689     
   7.9999998211860660E-003   239.96108981991367        235.11410657511038     
   8.0399998202919966E-003   241.19592160804405        236.12958541592229     
   8.0799998193979254E-003   242.42530259591476        237.14273375292581     
   8.1199998185038560E-003   243.64940778428624        238.15354158675527     
   8.1599998176097865E-003   244.86841568914446        239.16199894114496     
   8.1999998167157171E-003   246.08250658471917        240.16809586302736     
   8.2399998158216477E-003   247.29186073652036        241.17182242263144     
   8.2799998149275782E-003   248.49665663543945        242.17316871358071     
   8.3199998140335088E-003   249.69706924383252        243.17212485299103     
   8.3599998131394376E-003   250.89326826431335        244.16868098156800     
   8.3999998122453682E-003   252.08541644175210        245.16282726370454     
   8.4399998113512988E-003   253.27366790867896        246.15455388757752     
   8.4799998104572293E-003   254.45816658397010        247.14385106524506     
   8.5199998095631599E-003   255.63904463431788        248.13070903274280     
   8.5599998086690905E-003   256.81642100759416        249.11511805018048     
   8.5999998077750210E-003   257.99040004677306        250.09706840183807     
   8.6399998068809498E-003   259.16107019262927        251.07655039626135     
   8.6799998059868804E-003   260.32850278294154        252.05355436635810     
   8.7199998050928110E-003   261.49275095542868        253.02807066949291     
   8.7599998041987415E-003   262.65384866112350        254.00008968758277     
   8.7999998033046721E-003   263.81180979434691        254.96960182719189     
   8.8399998024106027E-003   264.96662744489169        255.93659751962633     
   8.8799998015165332E-003   266.11827327744703        256.90106722102843     
   8.9199998006224638E-003   267.26669704270665        257.86300141247114     
   8.9599997997283926E-003   268.41182622400487        258.82239060005168     
   8.9999997988343232E-003   269.55356582268161        259.77922531498569     
   9.0399997979402538E-003   270.69179828476996        260.73349611370031     
   9.0799997970461843E-003   271.82638357091167        261.68519357792746     
   9.1199997961521149E-003   272.95715937075323        262.63430831479673     
   9.1599997952580454E-003   274.08394146237237        263.58083095692854     
   9.1999997943639760E-003   275.20652421658116        264.52475216252583     
   9.2399997934699048E-003   276.32468124521750        265.46606261546691     
   9.2799997925758354E-003   277.43816619180228        266.40475302539727     
   9.3199997916817660E-003   278.54671366217019        267.34081412782081     
   9.3599997907876965E-003   279.65004029191738        268.27423668419192     
   9.3999997898936271E-003   280.74784594672508        269.20501148200628     
   9.4399997889995577E-003   281.83981505082318        270.13312933489192     
   9.4799997881054882E-003   282.92561803806876        271.05858108269979     
   9.5199997872114171E-003   284.00491291932087        271.98135759159425     
   9.5599997863173476E-003   285.07734695900388        272.90144975414313     
   9.5999997854232782E-003   286.14255845297976        273.81884848940791     
   9.6399997845292087E-003   287.20017859909598        274.73354474303284     
   9.6799997836351393E-003   288.24983345104403        275.64552948733467     
   9.7199997827410699E-003   289.29114594546951        276.55479372139155     
   9.7599997818470004E-003   290.32373799162536        277.46132847113228     
   9.7999997809529310E-003   291.34723261224855        278.36512478942421     
   9.8399997800588598E-003   292.36125612380459        279.26617375616212     
   9.8799997791647904E-003   293.36544034375714        280.16446647835596     
   9.9199997782707210E-003   294.35942481212129        281.05999409021877     
   9.9599997773766515E-003   295.34285901423249        281.95274775325402     
   9.9999997764825821E-003   296.31540459142991        282.84271865634298     
   1.0039999775588513E-002   297.27673752621462        283.72989801583174     
   1.0079999774694443E-002   298.22655028840342        284.61427707561757     
   1.0119999773800372E-002   299.16455392886382        285.49584710723570     
   1.0159999772906303E-002   300.09048010759147        286.37459940994546     
   1.0199999772012233E-002   301.00408304317369        287.25052531081582     
   1.0239999771118164E-002   301.90514137107402        288.12361616481132     
   1.0279999770224094E-002   302.79345989867977        288.99386335487725     
   1.0319999769330025E-002   303.66887124565858        289.86125829202467     
   1.0359999768435955E-002   304.53123735888659        290.72579241541519     
   1.0399999767541884E-002   305.38045089201472        291.58745719244564     
   1.0439999766647815E-002   306.21643644064449        292.44624411883211     
   1.0479999765753745E-002   307.03915162505638        293.30214471869380     
   1.0519999764859676E-002   307.84858801349895        294.15515054463685     
   1.0559999763965607E-002   308.64477188015036        295.00525317783763     
   1.0599999763071537E-002   309.42776479303251        295.85244422812605     
   1.0639999762177468E-002   310.19766402836126        296.69671533406785     
   1.0679999761283396E-002   310.95460280903774        297.53805816304759     
   1.0719999760389327E-002   311.69875036622722        298.37646441135087     
   1.0759999759495258E-002   312.43031182420174        299.21192580424594     
   1.0799999758601188E-002   313.14952790984518        300.04443409606563     
   1.0839999757707119E-002   313.85667448940518        300.87398107028889     
   1.0879999756813049E-002   314.55206193623133        301.70055853962151     
   1.0919999755918980E-002   315.23603433432214        302.52415834607700     
   1.0959999755024910E-002   315.90896852354786        303.34477236105744     
   1.0999999754130839E-002   316.57127299336298        304.16239248543320     
   1.1039999753236770E-002   317.22338663270148        304.97701064962342     
   1.1079999752342700E-002   317.86577734453221        305.78861881367521     
   1.1119999751448631E-002   318.49894053424498        306.59720896734319     
   1.1159999750554562E-002   319.12339748161810        307.40277313016861     
   1.1199999749660492E-002   319.73969360661897        308.20530335155786     
   1.1239999748766423E-002   320.34839663966528        309.00479171086124     
   1.1279999747872351E-002   320.95009470725591        309.80123031745097     
   1.1319999746978282E-002   321.54539434406365        310.59461131079911     
   1.1359999746084213E-002   322.13491844265155        311.38492686055514     
   1.1399999745190143E-002   322.71930415197392        312.17216916662323     
   1.1439999744296074E-002   323.29920073570031        312.95633045923915     
   1.1479999743402004E-002   323.87526740122314        313.73740299904711     
   1.1519999742507935E-002   324.44817110994148        314.51537907717602     
   1.1559999741613864E-002   325.01858437906662        315.29025101531568     
   1.1599999740719794E-002   325.58718308481366        316.06201116579251     
   1.1639999739825725E-002   326.15464427637545        316.83065191164485     
   1.1679999738931655E-002   326.72164400959451        317.59616566669854     
   1.1719999738037586E-002   327.28885520869977        318.35854487564143     
   1.1759999737143517E-002   327.85694556393253        319.11778201409800     
   1.1799999736249447E-002   328.42657547228913        319.87386958870394     
   1.1839999735355378E-002   328.99839602803411        320.62680013717954     
   1.1879999734461306E-002   329.57304706902204        321.37656622840399     
   1.1919999733567237E-002   330.15115528429737        322.12316046248827     
   1.1959999732673168E-002   330.73333238783158        322.86657547084820     
   1.1999999731779098E-002   331.32017336271650        323.60680391627733     
   1.2039999730885029E-002   331.91225477955891        324.34383849301952     
   1.2079999729990959E-002   332.51013319231464        325.07767192684042     
   1.2119999729096890E-002   333.11434361429900        325.80829697510001     
   1.2159999728202819E-002   333.72539807664310        326.53570642682365     
   1.2199999727308749E-002   334.34378427104014        327.25989310277328     
   1.2239999726414680E-002   334.96996427822347        327.98084985551839     
   1.2279999725520610E-002   335.60437338326750        328.69856956950650     
   1.2319999724626541E-002   336.24741897846286        329.41304516113343     
   1.2359999723732472E-002   336.89947955425350        330.12426957881303     
   1.2399999722838402E-002   337.56090377844430        330.83223580304713     
   1.2439999721944331E-002   338.23200966369518        331.53693684649454     
   1.2479999721050261E-002   338.91308382311581        332.23836575404005     
   1.2519999720156192E-002   339.60438081362611        332.93651560286304     
   1.2559999719262123E-002   340.30612256662562        333.63137950250609     
   1.2599999718368053E-002   341.01849790540911        334.32295059494265     
   1.2639999717473984E-002   341.74166214869012        335.01122205464486     
   1.2679999716579914E-002   342.47573679953479        335.69618708865090     
   1.2719999715685845E-002   343.22080931897489        336.37783893663197     
   1.2759999714791774E-002   343.97693298353238        337.05617087095914     
   1.2799999713897704E-002   344.74412682587257        337.73117619676975     
   1.2839999713003635E-002   345.52237565780058        338.40284825203344     
   1.2879999712109565E-002   346.31163017480020        339.07118040761776     
   1.2919999711215496E-002   347.11180714131638        339.73616606735379     
   1.2959999710321427E-002   347.92278965596995        340.39779866810113     
   1.2999999709427357E-002   348.74442749588479        341.05607167981276     
   1.3039999708533286E-002   349.57653753928815        341.71097860559951     
   1.3079999707639216E-002   350.41890426550992        342.36251298179405     
   1.3119999706745147E-002   351.27128033147136        343.01066837801466     
   1.3159999705851078E-002   352.13338722369815        343.65543839722909     
   1.3199999704957008E-002   353.00491598480829        344.29681667581696     
   1.3239999704062939E-002   353.88552801336061        344.93479688363340     
   1.3279999703168869E-002   354.77485593581594        345.56937272407106     
   1.3319999702274798E-002   355.67250454926250        346.20053793412200     
   1.3359999701380729E-002   356.01908901782684        346.82828628444020     
   1.3399999700486659E-002   356.08882098105875        347.45261157940246     
   1.3439999699592590E-002   356.16010975289436        348.07350765716996     
   1.3479999698698520E-002   356.23288988995290        348.69096838974860     
   1.3519999697804451E-002   356.30709517004675        349.30498768304994     
   1.3559999696910381E-002   356.38265926847185        349.91555947695110     
   1.3599999696016312E-002   356.45951641094808        350.52267774535466     
   1.3639999695122241E-002   356.53760200217965        351.12633649624809     
   1.3679999694228171E-002   356.61685322907300        351.72652977176278     
   1.3719999693334102E-002   356.69720963771675        352.32325164823322     
   1.3759999692440033E-002   356.77861368328394        352.91649623625506     
   1.3799999691545963E-002   356.86101125209746        353.50625768074326     
   1.3839999690651894E-002   356.94435215515477        354.09253016099024     
   1.3879999689757824E-002   357.02859059248766        354.67530789072310     
   1.3919999688863753E-002   357.11368558779384        355.25458511816026     
   1.3959999687969684E-002   357.19960139285865        355.83035612606938     
   1.3999999687075614E-002   357.28630786135420        356.40261523182261     
   1.4039999686181545E-002   357.37378079167604        356.97135678745326     
   1.4079999685287475E-002   357.46200223856113        357.53657517971146     
   1.4119999684393406E-002   357.55096079329894        358.09826483011966     
   1.4159999683499336E-002   357.64065183243451        358.65642019502741     
   1.4199999682605265E-002   357.73107773493444        359.21103576566622     
   1.4239999681711196E-002   357.82224806786570        359.76210606820410     
   1.4279999680817126E-002   357.91417974072584        360.30962566379930     
   1.4319999679923057E-002   358.00689712862442        360.85358914865418     
   1.4359999679028988E-002   358.10043216461298        361.39399115406849     
   1.4399999678134918E-002   358.19482440152530        361.93082634649215     
   1.4439999677240849E-002   358.29012104376540        362.46408942757841     
   1.4479999676346779E-002   358.38637694956691        362.99377513423559     
   1.4519999675452708E-002   358.48365460430523        363.51987823867933     
   1.4559999674558639E-002   358.58202406552323        364.04239354848403     
   1.4599999673664569E-002   358.68156288039694        364.56131590663438     
   1.4639999672770500E-002   358.78235597642794        365.07664019157579     
   1.4679999671876430E-002   358.88449552621722        365.58836131726537     
   1.4719999670982361E-002   358.98808078722703        366.09647423322195     
   1.4759999670088291E-002   359.09321791749340        366.60097392457590     
   1.4799999669194220E-002   359.20001976830235        367.10185541211860     
   1.4839999668300151E-002   359.30860565488626        367.59911375235174     
   1.4879999667406081E-002   359.41910110623945        368.09274403753608     
   1.4919999666512012E-002   359.53163759519060        368.58274139573950     
   1.4959999665617943E-002   359.64635224989325        369.06910099088589     
   1.4999999664723873E-002   359.76338754792977        369.55181802280197     
   1.5039999663829804E-002   359.88289099424929        370.03088772726522     
   1.5079999662935733E-002   360.00501478416481        370.50630537605088     
   1.5119999662041663E-002   360.12991545265430        370.97806627697838     
   1.5159999661147594E-002   360.25775351122508        371.44616577395789     
   1.5199999660253524E-002   360.38869307358607        371.91059924703603     
   1.5239999659359455E-002   360.52290147138643        372.37136211244172     
   1.5279999658465385E-002   360.66054886126403        372.82844982263128     
   1.5319999657571316E-002   360.80180782443648        373.28185786633321     
   1.5359999656677246E-002   360.94685296005594        373.73158176859289     
   1.5399999655783175E-002   361.09586047352815        374.17761709081674     
   1.5439999654889106E-002   361.24900776097013        374.61995943081610     
   1.5479999653995036E-002   361.40647299095679        375.05860442285018     
   1.5519999653100967E-002   361.56843468468196        375.49354773766993     
   1.5559999652206898E-002   361.73507129561494        375.92478508256011     
   1.5599999651312828E-002   361.90656078971142        376.35231220138201     
   1.5639999650418759E-002   362.08308022718887        376.77612487461533     
   1.5679999649524688E-002   362.26480534684418        377.19621891939988     
   1.5719999648630620E-002   362.45191015384654        377.61259018957685     
   1.5759999647736549E-002   362.64456651189391        378.02523457572948     
   1.5799999646842477E-002   362.84294374058180        378.43414800522413     
   1.5839999645948410E-002   363.04720821878016        378.83932644225024     
   1.5879999645054339E-002   363.25752299477875        379.24076588785988     
   1.5919999644160271E-002   363.47404740390323        379.63846238000758     
   1.5959999643266200E-002   363.69693669426636        380.03241199358928     
   1.5999999642372132E-002   363.92634166126913        380.42261084048118     
   1.6039999641478061E-002   364.16240829142140        380.80905506957788     
   1.6079999640583993E-002   364.40527741600397        381.19174086683080     
   1.6119999639689922E-002   364.65508437505270        381.57066445528523     
   1.6159999638795851E-002   364.91195869210122        381.94582209511816     
   1.6199999637901783E-002   365.17602376007289        382.31721008367504     
   1.6239999637007712E-002   365.44739653867526        382.68482475550616     
   1.6279999636113644E-002   365.72618726361196        383.04866248240279     
   1.6319999635219573E-002   366.01249916787998        383.40871967343327     
   1.6359999634325505E-002   366.30642821539766        383.76499277497840     
   1.6399999633431434E-002   366.60806284716233        384.11747827076618     
   1.6439999632537363E-002   366.91748374010723        384.46617268190698     
   1.6479999631643295E-002   367.23476357880111        384.81107256692746     
   1.6519999630749224E-002   367.55996684009853        385.15217452180485     
   1.6559999629855156E-002   367.89314959082395        385.48947518000045     
   1.6599999628961085E-002   368.23435929854759        385.82297121249258     
   1.6639999628067018E-002   368.58363465549280        386.15265932780994     
   1.6679999627172946E-002   368.94100541557998        386.47853627206382     
   1.6719999626278875E-002   369.30649224461052        386.80059882898001     
   1.6759999625384808E-002   369.68010658356263        387.11884381993116     
   1.6799999624490736E-002   370.06185052495636        387.43326810396724     
   1.6839999623596669E-002   370.45171670224437        387.74386857784754     
   1.6879999622702598E-002   370.84968819215385        388.05064217607048     
   1.6919999621808530E-002   371.25573842990434        388.35358587090440     
   1.6959999620914459E-002   371.66983113721966        388.65269667241711     
   1.6999999620020387E-002   372.09192026303140        388.94797162850563     
   1.7039999619126320E-002   372.52194993678000        389.23940782492519     
   1.7079999618232249E-002   372.95985443420267        389.52700238531799     
   1.7119999617338181E-002   373.40555815549288        389.81075247124170     
   1.7159999616444110E-002   373.85897561572074        390.09065528219742     
   1.7199999615550042E-002   374.32001144739411        390.36670805565711     
   1.7239999614655971E-002   374.78856041503315        390.63890806709134     
   1.7279999613761900E-002   375.26450744164629        390.90725262999564     
   1.7319999612867832E-002   375.74772764697195        391.17173909591742     
   1.7359999611973761E-002   376.23808639736916        391.43236485448193     
   1.7399999611079693E-002   376.73543936722837        391.68912733341790     
   1.7439999610185622E-002   377.23963261177647        391.94202399858324     
   1.7479999609291554E-002   377.75050265115004        392.19105235398979     
   1.7519999608397483E-002   378.26787656561277        392.43620994182817     
   1.7559999607503412E-002   378.79157210178727        392.67749434249174     
   1.7599999606609344E-002   379.32139778977540        392.91490317460079     
   1.7639999605715273E-002   379.85715307103862        393.14843409502578     
   1.7679999604821205E-002   380.39862843691225        393.37808479891083     
   1.7719999603927134E-002   380.94560557761440        393.60385301969598     
   1.7759999603033066E-002   381.49785754162843        393.82573652913993     
   1.7799999602138995E-002   382.05514890531299        394.04373313734180     
   1.7839999601244928E-002   382.61723595260582        394.25784069276312     
   1.7879999600350856E-002   383.18386686467795        394.46805708224855     
   1.7919999599456785E-002   383.75478191938976        394.67438023104711     
   1.7959999598562718E-002   384.32971370039979        394.87680810283251     
   1.7999999597668646E-002   384.90838731575900        395.07533869972320     
   1.8039999596774579E-002   385.49052062583917        395.26997006230238     
   1.8079999595880508E-002   386.07582448040841        395.46070026963679     
   1.8119999594986440E-002   386.66400296467924        395.64752743929625     
   1.8159999594092369E-002   387.25475365414047        395.83044972737190     
   1.8199999593198297E-002   387.84776787796773        396.00946532849457     
   1.8239999592304230E-002   388.44273099080584        396.18457247585246     
   1.8279999591410159E-002   389.03932265269719        396.35576944120851     
   1.8319999590516091E-002   389.63721711692540        396.52305453491778     
   1.8359999589622020E-002   390.23608352552446        396.68642610594384     
   1.8399999588727952E-002   390.83558621219544        396.84588254187508     
   1.8439999587833881E-002   391.43538501235389        397.00142226894081     
   1.8479999586939810E-002   392.03513558002226        397.15304375202669     
   1.8519999586045742E-002   392.63448971126121        397.30074549468969     
   1.8559999585151671E-002   393.23309567382302        397.44452603917330     
   1.8599999584257603E-002   393.83059854269516        397.58438396642134     
   1.8639999583363532E-002   394.42664054117660        397.72031789609258     
   1.8679999582469464E-002   395.02086138713020        397.85232648657399     
   1.8719999581575393E-002   395.61289864402318        397.98040843499382     
   1.8759999580681322E-002   396.20238807636042        398.10456247723505     
   1.8799999579787254E-002   396.78896400909724        398.22478738794723     
   1.8839999578893183E-002   397.37225969059824        398.34108198055895     
   1.8879999577999115E-002   397.95190765870467        398.45344510728967     
   1.8919999577105044E-002   398.52754010944409        398.56187565916031     
   1.8959999576210976E-002   399.09878926791009        398.66637256600529     
   1.8999999575316905E-002   399.66528776082635        398.76693479648219     
   1.9039999574422834E-002   400.22666899028832        398.86356135808228     
   1.9079999573528766E-002   400.78256750817269        398.95625129714045     
   1.9119999572634695E-002   401.33261939068694        399.04500369884431     
   1.9159999571740628E-002   401.87646261252479        399.12981768724347     
   1.9199999570846556E-002   402.41373742007670        399.21069242525806     
   1.9239999569952489E-002   402.94408670314783        399.28762711468698     
   1.9279999569058417E-002   403.46715636461198        399.36062099621591     
   1.9319999568164346E-002   403.98259568744669        399.42967334942460     
   1.9359999567270279E-002   404.49005769856336        399.49478349279428     
   1.9399999566376207E-002   404.98919952886513        399.55595078371397     
   1.9439999565482140E-002   405.47968276895386        399.61317461848716     
   1.9479999564588069E-002   405.96117381990598        399.66645443233784     
   1.9519999563694001E-002   406.43334423854299        399.71578969941555     
   1.9559999562799930E-002   406.89587107662595        399.76117993280116     
   1.9599999561905862E-002   407.34843721339786        399.80262468451133     
   1.9639999561011791E-002   407.79073168092168        399.84012354550316     
   1.9679999560117720E-002   408.22244998165587        399.87367614567796     
   1.9719999559223652E-002   408.64329439772195        399.90328215388507     
   1.9759999558329581E-002   409.05297429133446        399.92894127792511     
   1.9799999557435513E-002   409.45120639587554        399.95065326455295     
   1.9839999556541442E-002   409.83771509710954        399.96841789948002     
   1.9879999555647374E-002   410.21223270404857        399.98223500737646     
   1.9919999554753303E-002   410.57449970900541        399.99210445187299     
   1.9959999553859232E-002   410.92426503637779        399.99802613556227     
   1.9999999552965164E-002   411.26128627974936        399.99999999999960     
   2.0039999552071093E-002   411.58532992688771        399.99802602570378     
   2.0079999551177025E-002   411.89617157227417        399.99210423215703     
   2.0119999550282954E-002   412.19359611680272        399.98223467780520     
   2.0159999549388886E-002   412.47739795432540        399.96841746005674     
   2.0199999548494815E-002   412.74738114474235        399.95065271528205     
   2.0239999547600744E-002   413.00335957337342        399.92894061881191     
   2.0279999546706676E-002   413.24515709636449        399.90328138493612     
   2.0319999545812605E-002   413.47260767192654        399.87367526690082     
   2.0359999544918538E-002   413.68555547722775        399.84012255690658     
   2.0399999544024466E-002   413.88385501079699        399.80262358610497     
   2.0439999543130399E-002   414.06737118032765        399.76117872459588     
   2.0479999542236327E-002   414.23597937580058        399.71578838142329     
   2.0519999541342256E-002   414.38956552789210        399.66645300457162     
   2.0559999540448189E-002   414.52802615164285        399.61317308096113     
   2.0599999539554117E-002   414.65126837542437        399.55594913644313     
   2.0639999538660050E-002   414.75920995525013        399.49478173579502     
   2.0679999537765979E-002   414.85177927453213        399.42967148271424     
   2.0719999536871911E-002   414.92891532939308        399.36061901981287     
   2.0759999535977840E-002   414.99056769970582        399.28762502861076     
   2.0799999535083769E-002   415.03669650603325        399.21069022952929     
   2.0839999534189701E-002   415.06727235269909        399.12981538188382     
   2.0879999533295630E-002   415.08227625723237        399.04500128387650     
   2.0919999532401562E-002   415.08169956646640        398.95624877258831     
   2.0959999531507491E-002   415.06554385960033        398.86355872397075     
   2.0999999530613423E-002   415.03382083855820        398.76693205283715     
   2.1039999529719352E-002   414.98655220600131        398.66636971285396     
   2.1079999528825281E-002   414.92376953138591        398.56187269653083     
   2.1119999527931213E-002   414.84551410547061        398.45344203521120     
   2.1159999527037142E-002   414.75183678370308        398.34107879906196     
   2.1199999526143074E-002   414.64279781894101        398.22478409706298     
   2.1239999525249003E-002   414.51846668397326        398.10455907699605     
   2.1279999524354935E-002   414.37892188432795        397.98040492543367     
   2.1319999523460864E-002   414.22425076187272        397.85232286772725     
   2.1359999522566793E-002   414.05454928972426        397.72031416799513     
   2.1399999521672725E-002   413.86992185898981        397.58438012910983     
   2.1439999520778654E-002   413.67048105788427        397.44452209268559     
   2.1479999519884586E-002   413.45634744377418        397.30074143906484     
   2.1519999518990515E-002   413.22764930869556        397.15303958730465     
   2.1559999518096448E-002   412.98452243891421        397.00141799516274     
   2.1599999517202376E-002   412.72710986908697        396.84587815908310     
   2.1639999516308309E-002   412.45556163159580        396.68642161418120     
   2.1679999515414237E-002   412.17003450161644        396.52304993422882     
   2.1719999514520166E-002   411.87069173849414        396.35576473163871     
   2.1759999513626099E-002   411.55770282398117        396.18456765744821     
   2.1799999512732027E-002   411.23124319790765        396.00946040130356     
   2.1839999511837960E-002   410.89149399182355        395.83044469144261     
   2.1879999510943889E-002   410.53864176117651        395.64752229467837     
   2.1919999510049821E-002   410.17287821654838        395.46069501638112     
   2.1959999509155750E-002   409.79439995449007        395.26996470046083     
   2.1999999508261679E-002   409.40340818846676        395.07533322934876     
   2.2039999507367611E-002   409.00010848042217        394.87680252397905     
   2.2079999506473540E-002   408.58471047345608        394.67437454376977     
   2.2119999505579472E-002   408.15742762609295        394.46805128660338     
   2.2159999504685401E-002   407.71847694860469        394.25783478880732     
   2.2199999503791333E-002   407.26807874183970        394.04372712513367     
   2.2239999502897262E-002   406.80645633898860        393.82573040873876     
   2.2279999502003191E-002   406.33383585069788        393.60384679116225     
   2.2319999501109123E-002   405.85044591393762        393.37807846230601     
   2.2359999500215052E-002   405.35651744499143        393.14842765041243     
   2.2399999499320984E-002   404.85228339693373        392.91489662204242     
   2.2439999498426913E-002   404.33797852193391        392.67748768205308     
   2.2479999497532845E-002   403.81383913870900        392.43620317357494     
   2.2519999496638774E-002   403.28010290542261        392.19104547798884     
   2.2559999495744703E-002   402.73700859831081        391.94201701490238     
   2.2599999494850635E-002   402.18479589629817        391.68912024212602     
   2.2639999493956564E-002   401.62370517183950        391.43235765564907     
   2.2679999493062496E-002   401.05397728820907        391.17173178961468     
   2.2719999492168425E-002   400.47585340343397        390.90724521629511     
   2.2759999491274358E-002   399.88957478105021        390.63890054606611     
   2.2799999490380286E-002   399.29538260783943        390.36670042738149     
   2.2839999489486215E-002   398.69351781868437        390.09064754674665     
   2.2879999488592147E-002   398.08422092865788        389.81074462869219     
   2.2919999487698076E-002   397.46773187244901        389.52699443574704     
   2.2959999486804009E-002   396.84428985119723        389.23939976841126     
   2.2999999485909937E-002   396.21413318679993        388.94796346512834     
   2.3039999485015870E-002   395.57749918373105        388.65268840225696     
   2.3079999484121799E-002   394.93462399839393        388.35357749404307     
   2.3119999483227727E-002   394.28574251601157        388.05063369259062     
   2.3159999482333660E-002   393.63108823504166        387.74385998783288     
   2.3199999481439589E-002   392.97089315908653        387.43325940750253     
   2.3239999480545521E-002   392.30538769624826        387.11883501710219     
   2.3279999479651450E-002   391.63480056586968        386.80058991987380     
   2.3319999478757382E-002   390.95935871257723        386.47852725676813     
   2.3359999477863311E-002   390.27928722753933        386.15265020641385     
   2.3399999476969243E-002   389.59480927682097        385.82296198508607     
   2.3439999476075172E-002   388.90614603672248        385.48946584667459     
   2.3479999475181101E-002   388.21351663596067        385.15216508265183     
   2.3519999474287033E-002   387.51713810454567        384.81106302204040     
   2.3559999473392962E-002   386.81722532918872        384.46616303138012     
   2.3599999472498894E-002   386.11399101507351        384.11746851469468     
   2.3639999471604823E-002   385.40764565380493        383.76498291345860     
   2.3679999470710755E-002   384.69839749733586        383.40870970656249     
   2.3719999469816684E-002   383.98645253767785        383.04865241027937     
   2.3759999468922613E-002   383.27201449217068        382.68481457822958     
   2.3799999468028545E-002   382.55528479409662        382.31719980134574     
   2.3839999467134474E-002   381.83646258840548        381.94581170783761     
   2.3879999466240406E-002   381.11574473231065        381.57065396315579     
   2.3919999465346335E-002   380.39332580051826        381.19173026995622     
   2.3959999464452267E-002   379.66939809482648        380.80904436806270     
   2.3999999463558196E-002   378.94415165785227        380.42260003443096     
   2.4039999462664125E-002   378.21777429061160        380.03240108311076     
   2.4079999461770057E-002   377.49045157369494        379.63845136520837     
   2.4119999460875986E-002   376.76236689176471        379.24075476884877     
   2.4159999459981919E-002   376.03370146109933        378.83931521913695     
   2.4199999459087847E-002   375.30463435991527        378.43413667811939     
   2.4239999458193780E-002   374.57534256118311        378.02522314474504     
   2.4279999457299709E-002   373.84600096765769        377.61257865482554     
   2.4319999456405637E-002   373.11678244885104        377.19620728099568     
   2.4359999455511570E-002   372.38785787965810        376.77611313267306     
   2.4399999454617499E-002   371.65939618036191        376.35230035601745     
   2.4439999453723431E-002   370.93156435773875        375.92477313389020     
   2.4479999452829360E-002   370.20452754698437        375.49353568581262     
   2.4519999451935292E-002   369.47844905418947        375.05859226792444     
   2.4559999451041221E-002   368.75349039908906        374.61994717294186     
   2.4599999450147150E-002   368.02981135782107        374.17760473011509     
   2.4639999449253082E-002   367.30757000542559        373.73156930518564     
   2.4679999448359011E-002   366.58692275782482        373.28184530034343     
   2.4719999447464943E-002   365.86802441302854        372.82843715418306     
   2.4759999446570872E-002   365.15102819131602        372.37134934166011     
   2.4799999445676804E-002   364.43608577414494        371.91058637404700     
   2.4839999444782733E-002   363.72334734155135        371.44615279888853     
   2.4879999443888662E-002   363.01296160781021        370.97805319995672     
   2.4919999442994594E-002   362.30507585512555        370.50629219720599     
   2.4959999442100523E-002   361.59983596513791        370.03087444672713     
   2.4999999441206455E-002   360.89738644803765        369.55180464070179     
   2.5039999440312384E-002   360.19787046907737        369.06908750735573     
   2.5079999439418316E-002   359.50142987229424        368.58272781091244     
   2.5119999438524245E-002   358.80820520125718        368.09273035154615     
   2.5159999437630177E-002   358.11833571665676        367.59909996533401     
   2.5199999436736106E-002   357.43195941057559        367.10184152420919     
   2.5239999435842035E-002   356.74921301727784        366.60095993591187     
   2.5279999434947967E-002   356.07023202036885        366.09646014394133     
   2.5319999434053896E-002   355.39515065618457        365.58834712750723     
   2.5359999433159829E-002   354.72410191328316        365.07662590148016     
   2.5399999432265757E-002   354.05721752791129        364.56130151634233     
   2.5439999431371690E-002   353.39462797534060        364.04237905813756     
   2.5479999430477619E-002   352.73646245696858        363.51986364842151     
   2.5519999429583547E-002   352.08284888308850        362.99376044421041     
   2.5559999428689480E-002   351.43391385125250        362.46407463793071     
   2.5599999427795408E-002   350.78978262014527        361.93081145736812     
   2.5639999426901341E-002   350.15057907890821        361.39397616561484     
   2.5679999426007270E-002   349.51642571185579        360.85357406101906     
   2.5719999425113202E-002   348.88744355853777        360.30961047713146     
   2.5759999424219131E-002   348.26375216910350        359.76209078265350     
   2.5799999423325060E-002   347.64546955494569        359.21102038138378     
   2.5839999422430992E-002   347.03271213458999        358.65640471216477     
   2.5879999421536921E-002   346.42559467482420        358.09824924882980     
   2.5919999420642853E-002   345.82423022705331        357.53655950014814     
   2.5959999419748782E-002   345.22873005887897        356.97134100977121     
   2.5999999418854714E-002   344.63920358091440        356.40259935617757     
   2.6039999417960643E-002   344.05575826884007        355.83034015261802     
   2.6079999417066572E-002   343.47849958072504        355.25456904706027     
   2.6119999416172504E-002   342.90753086962832        354.67529172213295     
   2.6159999415278433E-002   342.34295329152349        354.09251389506971     
   2.6199999414384365E-002   341.78486570856643        353.50624131765278     
   2.6239999413490294E-002   341.23336458775822        352.91647977615611     
   2.6279999412596226E-002   340.68854389503946        352.32323509128832     
   2.6319999411702155E-002   340.15049498486746        351.72651311813524     
   2.6359999410808084E-002   339.61930648533075        351.12631974610235     
   2.6399999409914016E-002   339.09506417885268        350.52266089885609     
   2.6439999409019945E-002   338.57785087855353        349.91554253426591     
   2.6479999408125877E-002   338.06774630032510        349.30497064434530     
   2.6519999407231806E-002   337.56482693069154        348.69095125519266     
   2.6559999406337739E-002   337.06916589053151        348.07349042693193     
   2.6599999405443667E-002   336.58083279472504        347.45259425365242     
   2.6639999404549596E-002   336.09989360781844        346.82826886334908     
   2.6679999403655529E-002   335.56152084066292        346.20052041786170     
   2.6719999402761457E-002   334.89886340891786        345.56935511281443     
   2.6759999401867390E-002   334.24079104510770        344.93477917755445     
   2.6799999400973318E-002   333.58741305576513        344.29679887509030     
   2.6839999400079251E-002   332.93883426525593        343.65542050203032     
   2.6879999399185180E-002   332.29515459001664        343.01065038852056     
   2.6919999398291108E-002   331.65646861570036        342.36249489818204     
   2.6959999397397041E-002   331.02286517848381        341.71096042804817     
   2.6999999396502970E-002   330.39442695176160        341.05605340850150     
   2.7039999395608902E-002   329.77123003942813        340.39778030321020     
   2.7079999394714831E-002   329.15334357692149        339.73614760906446     
   2.7119999393820763E-002   328.54082934117383        339.07116185611233     
   2.7159999392926692E-002   327.93374137058441        338.40282960749494     
   2.7199999392032624E-002   327.33212559609910        337.73115745938213     
   2.7239999391138553E-002   326.73601948444571        337.05615204090736     
   2.7279999390244482E-002   326.14545169455283        336.37782001410181     
   2.7319999389350414E-002   325.56044174813297        335.69616807382914     
   2.7359999388456343E-002   324.98099971539040        335.01120294771931     
   2.7399999387562275E-002   324.40712591677993        334.32293139610186     
   2.7439999386668204E-002   323.83881064170419        333.63136021193947     
   2.7479999385774136E-002   323.27603388501512        332.93649622076094     
   2.7519999384880065E-002   322.71876510215043        332.23834628059370     
   2.7559999383985994E-002   322.16696298370238        331.53691728189636     
   2.7599999383091926E-002   321.62057525019452        330.83221614749004     
   2.7639999382197855E-002   321.07953846780271        330.12424983249116     
   2.7679999381303787E-002   320.54377788573584        329.41302532424157     
   2.7719999380409716E-002   320.01320729595926        328.69854964224044     
   2.7759999379515649E-002   319.48772891591545        327.98082983807478     
   2.7799999378621577E-002   318.96723329486525        327.25987299534972     
   2.7839999377727506E-002   318.45159924445079        326.53568622961870     
   2.7879999376833439E-002   317.94069379404289        325.80827668831279     
   2.7919999375939367E-002   317.43437217141036        325.07765155067125     
   2.7959999375045300E-002   316.93247780921530        324.34381802766950     
   2.7999999374151228E-002   316.43484237780632        323.60678336194854     
   2.8039999373257161E-002   315.94128584474521        322.86655482774341     
   2.8079999372363090E-002   315.45161656146593        322.12313973081126     
   2.8119999371469018E-002   314.96563137742794        321.37654540835939     
   2.8159999370574951E-002   314.48311578208040        320.62677922897279     
   2.8199999369680880E-002   314.00384407491146        319.87384859254132     
   2.8239999368786812E-002   313.52757956380674        319.11776093018688     
   2.8279999367892741E-002   313.05407479189103        318.35852370418979     
   2.8319999366998673E-002   312.58307179297105        317.59614440791529     
   2.8359999366104602E-002   312.11430237563445        316.83063056574008     
   2.8399999365210531E-002   311.64748843599955        316.06198973297666     
   2.8439999364316463E-002   311.18234229904283        315.29022949580036     
   2.8479999363422392E-002   310.71856708834662        314.51535747117356     
   2.8519999362528324E-002   310.25585712404893        313.73738130677066     
   2.8559999361634253E-002   309.79389834867948        312.95630868090302     
   2.8599999360740185E-002   309.33236878048018        312.17214730244217     
   2.8639999359846114E-002   308.87093899372570        311.38490491074521     
   2.8679999358952043E-002   308.40927262544568        310.59458927557677     
   2.8719999358057975E-002   307.94702690786522        309.80120819703359     
   2.8759999357163904E-002   307.48385322575928        309.00476950546738     
   2.8799999356269836E-002   307.01939769781967        308.20528106140642     
   2.8839999355375765E-002   306.55330178100763        307.40275075547981     
   2.8879999354481697E-002   306.08520289675999        306.59718650833770     
   2.8919999353587626E-002   305.61473507778851        305.78859627057477     
   2.8959999352693559E-002   305.14152963410169        304.97698802265052     
   2.8999999351799487E-002   304.66521583674438        304.16236977481111     
   2.9039999350905416E-002   304.18542161764526        303.34474956701047     
   2.9079999350011349E-002   303.70177428382317        302.52413546882991     
   2.9119999349117277E-002   303.21390124410129        301.70053557940014     
   2.9159999348223210E-002   302.72143074634891        300.87395802731993     
   2.9199999347329138E-002   302.22399262316429        300.04441097057651     
   2.9239999346435071E-002   301.72121904380128        299.21190259646477     
   2.9279999345541000E-002   301.21274527004158        298.37644112150679     
   2.9319999344646928E-002   300.69821041361496        297.53803479137048     
   2.9359999343752861E-002   300.17725819268776        296.69669188078831     
   2.9399999342858790E-002   299.64953768485429        295.85242069347561     
   2.9439999341964722E-002   299.11470407400532        295.00522956204856     
   2.9479999341070651E-002   298.57241938838314        294.15512684794220     
   2.9519999340176583E-002   298.02235322709089        293.30212094132736     
   2.9559999339282512E-002   297.46418347229644        292.44622026102866     
   2.9599999338388441E-002   296.89759698434136        291.58743325444078     
   2.9639999337494373E-002   296.32229027697872        290.72576839744505     
   2.9679999336600302E-002   295.73797016996377        289.86123419432624     
   2.9719999335706234E-002   295.14435441625284        288.99383917768830     
   2.9759999334812163E-002   294.54117230112246        288.12359190837066     
   2.9799999333918095E-002   293.92816521056579        287.25050097536274     
   2.9839999333024024E-002   293.30508716641623        286.37457499572031     
   2.9879999332129953E-002   292.67170532574596        285.49582261447915     
   2.9919999331235885E-002   292.02780044218900        284.61425250457148     
   2.9959999330341814E-002   291.37316728698511        283.72987336673867     
   2.9999999329447746E-002   290.70761502767942        282.84269392944623     
   3.0039999328553675E-002   290.03096756257577        281.95272294879754     
   3.0079999327659607E-002   289.34306380922470        281.05996920844746     
   3.0119999326765536E-002   288.64375794541633        280.16444151951532     
   3.0159999325871465E-002   287.93291960135480        279.26614872049856     
   3.0199999324977397E-002   287.21043400190632        278.36509967718473     
   3.0239999324083326E-002   286.47620205804407        277.46130328256481     
   3.0279999323189258E-002   285.73014040684495        276.55476845674468     
   3.0319999322295187E-002   284.97218139963894        275.64550414685766     
   3.0359999321401120E-002   284.20227303816603        274.73351932697574     
   3.0399999320507048E-002   283.42037885883673        273.81882299802191     
   3.0439999319612977E-002   282.62647776546032        272.90142418767959     
   3.0479999318718910E-002   281.82056381105525        271.98133195030545     
   3.0519999317824838E-002   281.00264592960627        271.05855536683885     
   3.0559999316930771E-002   280.17274761889200        270.13310354471247     
   3.0599999316036700E-002   279.33090657574309        269.20498561776321     
   3.0639999315142632E-002   278.47717428533855        268.27421074614023     
   3.0679999314248561E-002   277.61161556637006        267.34078811621669     
   3.0719999313354493E-002   276.73430807412734        266.40472694049720     
   3.0759999312460422E-002   275.84534176376786        265.46603645752856     
   3.0799999311566351E-002   274.94481831622363        264.52472593180738     
   3.0839999310672283E-002   274.03285052938310        263.58080465368863     
   3.0879999309778212E-002   273.10956167735065        262.63428193929519     
   3.0919999308884144E-002   272.17508484073227        261.68516713042447     
   3.0959999307990073E-002   271.22956221103135        260.73346959445701     
   3.0999999307096005E-002   270.27314437235231        259.77919872426378     
   3.1039999306201934E-002   269.30598956370090        258.82236393811360     
   3.1079999305307863E-002   268.32826292525573        257.86297467957996     
   3.1119999304413795E-002   267.34013573203555        256.90104041744809     
   3.1159999303519724E-002   266.34178461843402        255.93657064562132     
   3.1199999302625656E-002   265.33339079711078        254.96957488302749     
   3.1239999301731585E-002   264.31513927573388        254.00006267352487     
   3.1279999300837517E-002   263.28721807505423        253.02804358580815     
   3.1319999299943446E-002   262.24981745176217        252.05352721331363     
   3.1359999299049375E-002   261.20312912952437        251.07652317412547     
   3.1399999298155304E-002   260.14734554154768        250.09704111087925     
   3.1439999297261240E-002   259.08265908792418        249.11509069066801     
   3.1479999296367168E-002   258.00926141093242        248.13068160494689     
   3.1519999295473097E-002   256.92734269135798        247.14382356943619     
   3.1559999294579026E-002   255.83709096878587        246.15452632402736     
   3.1599999293684955E-002   254.73869148868613        245.16279963268497     
   3.1639999292790891E-002   253.63232607897709        244.16865328335166     
   3.1679999291896820E-002   252.51817255861135        243.17209708785143     
   3.1719999291002748E-002   251.39640418056672        242.17314088179168     
   3.1759999290108677E-002   250.26718911147168        241.17179452446788     
   3.1799999289214613E-002   249.13068994992605        240.16806789876441     
   3.1839999288320542E-002   247.98706328540592        239.16197091105875     
   3.1879999287426471E-002   246.83645929946368        238.15351349112242     
   3.1919999286532399E-002   245.67902141076092        237.14270559202356     
   3.1959999285638328E-002   244.51488596528705        236.12955719002881     
   3.1999999284744264E-002   243.34418197292320        235.11407828450393     
   3.2039999283850193E-002   242.16703089134549        234.09627889781683     
   3.2079999282956122E-002   240.98354645804716        233.07616907523686     
   3.2119999282062051E-002   239.79383457109478        232.05375888483678     
   3.2159999281167986E-002   238.59799321902506        231.02905841739278     
   3.2199999280273915E-002   237.39611246011768        230.00207778628575     
   3.2239999279379844E-002   236.18827445106555        228.97282712740014     
   3.2279999278485773E-002   234.97455352490257        227.94131659902504     
   3.2319999277591702E-002   233.75501631783317        226.90755638175352     
   3.2359999276697637E-002   232.52972194443376        225.87155667838203     
   3.2399999275803566E-002   231.29872222050437        224.83332771381041     
   3.2439999274909495E-002   230.06206193265470        223.79287973493948     
   3.2479999274015424E-002   228.81977915352763        222.75022301057149     
   3.2519999273121353E-002   227.57190560137431        221.70536783130791     
   3.2559999272227289E-002   226.31846704250489        220.65832450944799     
   3.2599999271333217E-002   225.05948373496227        219.60910337888748     
   3.2639999270439146E-002   223.79497091157424        218.55771479501590     
   3.2679999269545075E-002   222.52493930036772        217.50416913461444     
   3.2719999268651011E-002   221.24939568014557        216.44847679575398     
   3.2759999267756940E-002   219.96834346884930        215.39064819769257     
   3.2799999266862868E-002   218.68178334216691        214.33069378077190     
   3.2839999265968797E-002   217.38971387967001        213.26862400631478     
   3.2879999265074726E-002   216.09213223561326        212.20444935652134     
   3.2919999264180662E-002   214.78903483135932        211.13818033436669     
   3.2959999263286591E-002   213.48041806626551        210.06982746349615     
   3.2999999262392520E-002   212.16627904370597        208.99940128812173     
   3.3039999261498448E-002   210.84661630879458        207.92691237291848     
   3.3079999260604377E-002   209.52143059424247        206.85237130291904     
   3.3119999259710313E-002   208.19072557068242        205.77578868341101     
   3.3159999258816242E-002   206.85450859770555        204.69717513983076     
   3.3199999257922171E-002   205.51279147176535        203.61654131765903     
   3.3239999257028099E-002   204.16559116706128        202.53389788231607     
   3.3279999256134035E-002   202.81293056545789        201.44925551905573     
   3.3319999255239964E-002   201.45483917148226        200.36262493286111     
   3.3359999254345893E-002   200.09135380843415        199.27401684833833     
   3.3399999253451822E-002   198.72251929166805        198.18344200960982     
   3.3439999252557751E-002   197.34838907515038        197.09091118020987     
   3.3479999251663686E-002   195.96902586745517        195.99643514297679     
   3.3519999250769615E-002   194.58450221346450        194.90002469994818     
   3.3559999249875544E-002   193.19490103814911        193.80169067225336     
   3.3599999248981473E-002   191.80031614895256        192.70144390000587     
   3.3639999248087409E-002   190.40085269347117        191.59929524219783     
   3.3679999247193337E-002   188.99662756931741        190.49525557659257     
   3.3719999246299266E-002   187.58776978327242        189.38933579961585     
   3.3759999245405195E-002   186.17442075708331        188.28154682625066     
   3.3799999244511124E-002   184.75673457752848        187.17189958992705     
   3.3839999243617060E-002   183.33487818866161        186.06040504241588     
   3.3879999242722988E-002   181.90903152446390        184.94707415372051     
   3.3919999241828917E-002   180.47938758045711        183.83191791196779     
   3.3959999240934846E-002   179.04615242318499        182.71494732330027     
   3.3999999240040775E-002   177.60954513682691        181.59617341176750     
   3.4039999239146711E-002   176.16979770657895        180.47560721921639     
   3.4079999238252640E-002   174.72715483882661        179.35325980518400     
   3.4119999237358568E-002   173.28187371850652        178.22914224678667     
   3.4159999236464497E-002   171.83422370445598        177.10326563861148     
   3.4199999235570433E-002   170.38448596392618        175.97564109260645     
   3.4239999234676362E-002   168.93295304782023        174.84627973797174     
   3.4279999233782291E-002   167.47992840858817        173.71519272104817     
   3.4319999232888219E-002   166.02572586307696        172.58239120520861     
   3.4359999231994148E-002   164.57066900297193        171.44788637074743     
   3.4399999231100084E-002   163.11509055579972        170.31168941476972     
   3.4439999230206013E-002   161.65933169976779        169.17381155108191     
   3.4479999229311942E-002   160.20374133599074        168.03426401007920     
   3.4519999228417871E-002   158.74867532191877        166.89305803863658     
   3.4559999227523799E-002   157.29449567000066        165.75020489999693     
   3.4599999226629735E-002   155.84156971581035        164.60571587365976     
   3.4639999225735664E-002   154.39026926002890        163.45960225527082     
   3.4679999224841593E-002   152.94096968879737        162.31187535650901     
   3.4719999223947522E-002   151.49404907705525        161.16254650497623     
   3.4759999223053457E-002   150.04988727953034        160.01162704408469     
   3.4799999222159386E-002   148.60886501407199        158.85912833294583     
   3.4839999221265315E-002   147.17136294200586        157.70506174625723     
   3.4879999220371244E-002   145.73776075014379        156.54943867419033     
   3.4919999219477173E-002   144.30843623900296        155.39227052227966     
   3.4959999218583108E-002   142.88376442167615        154.23356871130761     
   3.4999999217689037E-002   141.46411663766321        153.07334467719446     
   3.5039999216794966E-002   140.04985968579325        151.91160987088347     
   3.5079999215900895E-002   138.64135498019184        150.74837575822880     
   3.5119999215006824E-002   137.23895773302246        149.58365381988219     
   3.5159999214112760E-002   135.84301616750136        148.41745555117939     
   3.5199999213218688E-002   134.45387076443714        147.24979246202767     
   3.5239999212324617E-002   133.07185354527741        146.08067607679044     
   3.5279999211430546E-002   131.69728739437733        144.91011793417525     
   3.5319999210536482E-002   130.33048542291337        143.73812958711889     
   3.5359999209642411E-002   128.97175037659011        142.56472260267412     
   3.5399999208748339E-002   127.62137408898192        141.38990856189483     
   3.5439999207854268E-002   126.27963698208096        140.21369905972162     
   3.5479999206960197E-002   124.94680761532186        139.03610570486822     
   3.5519999206066133E-002   123.62314228407949        137.85714011970614     
   3.5559999205172062E-002   122.30888466836383        136.67681394015068     
   3.5599999204277991E-002   121.00426553216840        135.49513881554540     
   3.5639999203383919E-002   119.70950247367831        134.31212640854702     
   3.5679999202489855E-002   118.42479972630726        133.12778839501104     
   3.5719999201595784E-002   117.15034801029738        131.94213646387649     
   3.5759999200701713E-002   115.88632443441236        130.75518231704976     
   3.5799999199807642E-002   114.63289244705388        129.56693766928996     
   3.5839999198913570E-002   113.39020183595058        128.37741424809226     
   3.5879999198019506E-002   112.15838877540037        127.18662379357333     
   3.5919999197125435E-002   110.93757591990281        125.99457805835516     
   3.5959999196231364E-002   109.72787254287510        124.80128880744843     
   3.5999999195337293E-002   108.52937471903053        123.60676781813712     
   3.6039999194443222E-002   107.34216554889176        122.41102687986141     
   3.6079999193549157E-002   106.16631542381155        121.21407779410234     
   3.6119999192655086E-002   105.00188232980217        120.01593237426513     
   3.6159999191761015E-002   103.84891218839054        118.81660244556187     
   3.6199999190866944E-002   102.70743923267167        117.61609984489556     
   3.6239999189972880E-002   101.57748641666544        116.41443642074223     
   3.6279999189078808E-002   100.45906585604740        115.21162403303637     
   3.6319999188184737E-002   99.352179298276880        114.00767455305052     
   3.6359999187290666E-002   98.256818620117841        112.80259986328130     
   3.6399999186396595E-002   97.172966350512638        111.59641185732954     
   3.6439999185502531E-002   96.100596216738055        110.38912243978459     
   3.6479999184608460E-002   95.039673711750211        109.18074352610674     
   3.6519999183714388E-002   93.990156680589550        107.97128704250802     
   3.6559999182820317E-002   92.951995923694867        106.76076492583699     
   3.6599999181926246E-002   91.925135814942010        105.54918912345840     
   3.6639999181032182E-002   90.909514932187122        104.33657159313697     
   3.6679999180138111E-002   89.905066698068666        103.12292430291932     
   3.6719999179244039E-002   88.911720028774596        101.90825923101418     
   3.6759999178349968E-002   87.929399988451067        100.69258836567687     
   3.6799999177455904E-002   86.958028446883546        99.475923705087951     
   3.6839999176561833E-002   85.997524738040312        98.258277257237665     
   3.6879999175667762E-002   85.047806317023657        97.039661039805353     
   3.6919999174773691E-002   84.108789412936588        95.820087080041745     
   3.6959999173879619E-002   83.180389675128524        94.599567414650352     
   3.6999999172985555E-002   82.262522810248086        93.378114089667648     
   3.7039999172091484E-002   81.355105207502888        92.155739160346045     
   3.7079999171197413E-002   80.458054549493809        90.932454691033072     
   3.7119999170303342E-002   79.571290405986900        89.708272755053272     
   3.7159999169409270E-002   78.694734807971471        88.483205434588967     
   3.7199999168515206E-002   77.828312799366827        87.257264820560195     
   3.7239999167621135E-002   76.971952963766569        86.030463012507070     
   3.7279999166727064E-002   76.125587923644531        84.802812118468651     
   3.7319999165832993E-002   75.289154809515153        83.574324254864337     
   3.7359999164938928E-002   74.462595696619587        82.345011546373854     
   3.7399999164044857E-002   73.645858006818798        81.114886125818543     
   3.7439999163150786E-002   72.838894873501118        79.883960134039853     
   3.7479999162256715E-002   72.041665467474061        78.652245719781220     
   3.7519999161362644E-002   71.254135281990187        77.419755039567335     
   3.7559999160468580E-002   70.476276375266053        76.186500257584115     
   3.7599999159574508E-002   69.708067569091426        74.952493545559420     
   3.7639999158680437E-002   68.949494602385812        73.717747082641978     
   3.7679999157786366E-002   68.200550238847399        72.482273055281212     
   3.7719999156892302E-002   67.461234328144272        71.246083657107690     
   3.7759999155998231E-002   66.731553820431103        70.009191088812713     
   3.7799999155104159E-002   66.011522734311114        68.771607558027100     
   3.7839999154210088E-002   65.301162078731238        67.533345279201512     
   3.7879999153316017E-002   64.600499729656676        66.294416473484858     
   3.7919999152421953E-002   63.909570262746513        65.054833368605529     
   3.7959999151527882E-002   63.228414743625599        63.814608198748822     
   3.7999999150633811E-002   62.557080477706201        62.573753204437132     
   3.8039999149739739E-002   61.895620721879475        61.332280632409173     
   3.8079999148845668E-002   61.244094360725171        60.090202735498167     
   3.8119999147951604E-002   60.602565550212795        58.847531772512731     
   3.8159999147057533E-002   59.971103332158918        57.604280008114081     
   3.8199999146163462E-002   59.349781222960011        56.360459712695899     
   3.8239999145269390E-002   58.738676780354041        55.116083162263209     
   3.8279999144375326E-002   58.137871152141571        53.871162638310345     
   3.8319999143481255E-002   57.547448610945032        52.625710427701321     
   3.8359999142587184E-002   56.967496079179185        51.379738822547672     
   3.8399999141693113E-002   56.398102648459648        50.133260120086284     
   3.8439999140799042E-002   55.839359097675043        48.886286622559773     
   3.8479999139904977E-002   55.291357413905004        47.638830637093285     
   3.8519999139010906E-002   54.754190320273828        46.390904475574807     
   3.8559999138116835E-002   54.227950814686956        45.142520454532800     
   3.8599999137222764E-002   53.712731723217715        43.893690895013698     
   3.8639999136328693E-002   53.208625271688256        42.644428122461960     
   3.8679999135434628E-002   52.715722678725136        41.394744466597480     
   3.8719999134540557E-002   52.234113773280974        40.144652261293928     
   3.8759999133646486E-002   51.763886639288373        38.894163844457914     
   3.8799999132752415E-002   51.305127289772649        37.643291557905421     
   3.8839999131858351E-002   50.857919372384210        36.392047747241620     
   3.8879999130964280E-002   50.422343907941148        35.140444761738792     
   3.8919999130070208E-002   49.998479063188135        33.888494954213641     
   3.8959999129176137E-002   49.586399958600190        32.636210680906011     
   3.8999999128282066E-002   49.186178511677142        31.383604301356989     
   3.9039999127388002E-002   48.797883315806786        30.130688178285993     
   3.9079999126493931E-002   48.421579554415246        28.877474677470548     
   3.9119999125599859E-002   48.057328949784228        27.623976167622487     
   3.9159999124705788E-002   47.705189745590175        26.370205020266731     
   3.9199999123811724E-002   47.365216721924099        25.116173609618837     
   3.9239999122917653E-002   47.037461241276048        23.861894312463789     
   3.9279999122023582E-002   46.721971323719188        22.607379508032029     
   3.9319999121129511E-002   46.418791749311595        21.352641577879076     
   3.9359999120235439E-002   46.127964185537749        20.097692905762429     
   3.9399999119341375E-002   45.849527337451384        18.842545877519353     
   3.9439999118447304E-002   45.583517118042643        17.587212880945515     
   3.9479999117553233E-002   45.329966836241603        16.331706305670945     
   3.9519999116659162E-002   45.088907399889507        15.076038543039546     
   3.9559999115765090E-002   44.860367530942000        13.820221985985889     
   3.9599999114871026E-002   44.644373990134532        12.564269028912911     
   3.9639999113976955E-002   44.440951808317500        11.308192067570474     
   3.9679999113082884E-002   44.250124521666152        10.052003498931240     
   3.9719999112188813E-002   44.071914407984977        8.7957157210701098     
   3.9759999111294748E-002   43.906342721350832        7.5393411330407760     
   3.9799999110400677E-002   43.753429922375652        6.2828921347544293     
   3.9839999109506606E-002   43.613195901414407        5.0263811268555898     
   3.9879999108612535E-002   43.485660192095352        3.7698205106013218     
   3.9919999107718464E-002   43.370842172605911        2.5132226877386592     
   3.9959999106824400E-002   43.268761252226099        1.2566000603813168     
   3.9999999105930328E-002   43.179437040659515       -3.4969112001489900E-005
