   0.0000000000000000        472.29711436588593        400.00000000000000     
   3.9999999105930327E-005   472.09221966127808        400.00000000000000     
   7.9999998211860654E-005   471.84837617363729        400.00000000000000     
   1.1999999731779099E-004   471.56534490672959        400.00000000000000     
   1.5999999642372131E-004   471.24301530318894        400.00000000000000     
   1.9999999552965163E-004   470.88140654788799        400.00000000000000     
   2.3999999463558198E-004   470.48066811713102        400.00000000000000     
   2.7999999374151227E-004   470.04107956580890        400.00000000000000     
   3.1999999284744262E-004   469.56304955167428        400.00000000000000     
   3.5999999195337296E-004   469.04711410295175        400.00000000000000     
   3.9999999105930326E-004   468.49393414246407        400.00000000000000     
   4.3999999016523361E-004   467.90429228824581        400.00000000000000     
   4.7999998927116395E-004   467.27908895712642        400.00000000000000     
   5.1999998837709430E-004   466.61933780386971        400.00000000000000     
   5.5999998748302454E-004   465.92616053413690        400.00000000000000     
   5.9999998658895489E-004   465.20078113463757        400.00000000000000     
   6.3999998569488523E-004   464.44451956834229        400.00000000000000     
   6.7999998480081558E-004   463.65878498649272        400.00000000000000     
   7.1999998390674593E-004   462.84506851226672        400.00000000000000     
   7.5999998301267617E-004   462.00493565341179        400.00000000000000     
   7.9999998211860652E-004   461.14001840283476        400.00000000000000     
   8.3999998122453686E-004   460.25200708709849        400.00000000000000     
   8.7999998033046721E-004   459.34264202304666        400.00000000000000     
   9.1999997943639756E-004   458.41370504231901        400.00000000000000     
   9.5999997854232791E-004   457.46701094245930        400.00000000000000     
   9.9999997764825825E-004   456.50439892164610        400.00000000000000     
   1.0399999767541886E-003   455.52772405185755        400.00000000000000     
   1.0799999758601187E-003   454.53884884260987        400.00000000000000     
   1.1199999749660491E-003   453.53963494431912        400.00000000000000     
   1.1599999740719794E-003   452.53193503691602        400.00000000000000     
   1.1999999731779098E-003   451.51758494566599        400.00000000000000     
   1.2399999722838401E-003   450.49839602227354        400.00000000000000     
   1.2799999713897705E-003   449.47614782536328        400.00000000000000     
   1.3199999704957008E-003   448.45258113039756        400.00000000000000     
   1.3599999696016312E-003   447.42939129504316        400.00000000000000     
   1.3999999687075615E-003   446.40822200207020        400.00000000000000     
   1.4399999678134919E-003   445.39065939798047        400.00000000000000     
   1.4799999669194222E-003   444.37822664193487        400.00000000000000     
   1.5199999660253523E-003   443.37237887602430        400.00000000000000     
   1.5599999651312827E-003   442.37449862472829        400.00000000000000     
   1.5999999642372130E-003   441.38589162838400        400.00000000000000     
   1.6399999633431434E-003   440.40778311279041        400.00000000000000     
   1.6799999624490737E-003   439.44131449464015        400.00000000000000     
   1.7199999615550041E-003   438.48754052031404        400.00000000000000     
   1.7599999606609344E-003   437.54742683372336        400.00000000000000     
   1.7999999597668648E-003   436.62184796729423        400.00000000000000     
   1.8399999588727951E-003   435.71158574886897        400.00000000000000     
   1.8799999579787255E-003   434.81732811622447        400.00000000000000     
   1.9199999570846558E-003   433.93966833007795        400.00000000000000     
   1.9599999561905859E-003   433.07910457579555        400.00000000000000     
   1.9999999552965165E-003   432.23603994358285        400.00000000000000     
   2.0399999544024466E-003   431.41078277662848        400.00000000000000     
   2.0799999535083772E-003   430.60354737650016        400.00000000000000     
   2.1199999526143073E-003   429.81445505503638        400.00000000000000     
   2.1599999517202375E-003   429.04353552195749        400.00000000000000     
   2.1999999508261680E-003   428.29072859748726        400.00000000000000     
   2.2399999499320982E-003   427.55588623933340        400.00000000000000     
   2.2799999490380287E-003   426.83877487342994        400.00000000000000     
   2.3199999481439589E-003   426.13907801788480        400.00000000000000     
   2.3599999472498894E-003   425.45639918954208        400.00000000000000     
   2.3999999463558195E-003   424.79026508248540        400.00000000000000     
   2.4399999454617501E-003   424.14012900762680        400.00000000000000     
   2.4799999445676802E-003   423.50537458223567        400.00000000000000     
   2.5199999436736108E-003   422.88531965789787        400.00000000000000     
   2.5599999427795409E-003   422.27922047485674        400.00000000000000     
   2.5999999418854711E-003   421.68627603009190        400.00000000000000     
   2.6399999409914016E-003   421.10563264571283        400.00000000000000     
   2.6799999400973318E-003   420.53638872341554        400.00000000000000     
   2.7199999392032623E-003   419.97759966973399        400.00000000000000     
   2.7599999383091925E-003   419.42828297578149        400.00000000000000     
   2.7999999374151230E-003   418.88742343399770        400.00000000000000     
   2.8399999365210532E-003   418.35397847319621        400.00000000000000     
   2.8799999356269837E-003   417.82688359193816        400.00000000000000     
   2.9199999347329138E-003   417.30505786895731        400.00000000000000     
   2.9599999338388444E-003   416.78740952807749        400.00000000000000     
   2.9999999329447745E-003   416.27284153378821        400.00000000000000     
   3.0399999320507047E-003   415.76025719245473        400.00000000000000     
   3.0799999311566352E-003   415.24856573302179        400.00000000000000     
   3.1199999302625654E-003   414.73668784007589        400.00000000000000     
   3.1599999293684959E-003   414.22356111129676        400.00000000000000     
   3.1999999284744261E-003   413.70814541066807        400.00000000000000     
   3.2399999275803566E-003   413.18942808836601        400.00000000000000     
   3.2799999266862868E-003   412.66642903803728        400.00000000000000     
   3.3199999257922173E-003   412.13820556220458        400.00000000000000     
   3.3599999248981475E-003   411.60385701688136        400.00000000000000     
   3.3999999240040780E-003   411.06252920706515        400.00000000000000     
   3.4399999231100081E-003   410.51341850570543        400.00000000000000     
   3.4799999222159383E-003   409.95577566996712        400.00000000000000     
   3.5199999213218688E-003   409.38890933011749        400.00000000000000     
   3.5599999204277990E-003   408.81218912822555        400.00000000000000     
   3.5999999195337295E-003   408.22504848594758        400.00000000000000     
   3.6399999186396597E-003   407.62698698309725        400.00000000000000     
   3.6799999177455902E-003   407.01757233131224        400.00000000000000     
   3.7199999168515204E-003   406.39644193001624        400.00000000000000     
   3.7599999159574509E-003   405.76330399491115        400.00000000000000     
   3.7999999150633811E-003   405.11793825245985        400.00000000000000     
   3.8399999141693116E-003   404.46019619712371        400.00000000000000     
   3.8799999132752418E-003   403.79000091152130        400.00000000000000     
   3.9199999123811719E-003   403.10734645309543        400.00000000000000     
   3.9599999114871024E-003   402.41229681427274        400.00000000000000     
   3.9999999105930330E-003   401.70498446643785        400.00000000000000     
   4.0399999096989627E-003   400.98560850128212        400.00000000000000     
   4.0799999088048933E-003   400.25443238616856        400.00000000000000     
   4.1199999079108238E-003   399.51178135305241        400.00000000000000     
   4.1599999070167544E-003   398.75803944317181        400.00000000000000     
   4.1999999061226841E-003   397.99364623214353        400.00000000000000     
   4.2399999052286147E-003   397.21909326224375        400.00000000000000     
   4.2799999043345452E-003   396.43492021049087        400.00000000000000     
   4.3199999034404749E-003   395.64171082267296        400.00000000000000     
   4.3599999025464055E-003   394.84008864465841        400.00000000000000     
   4.3999999016523361E-003   394.03071258319420        400.00000000000000     
   4.4399999007582666E-003   393.21427232893490        400.00000000000000     
   4.4799998998641963E-003   392.39148367465265        400.00000000000000     
   4.5199998989701269E-003   391.56308376148149        400.00000000000000     
   4.5599998980760574E-003   390.72982628565535        400.00000000000000     
   4.5999998971819880E-003   389.89247669751654        400.00000000000000     
   4.6399998962879177E-003   389.05180742365701        400.00000000000000     
   4.6799998953938483E-003   388.20859314188431        400.00000000000000     
   4.7199998944997788E-003   387.36360613735860        400.00000000000000     
   4.7599998936057085E-003   386.51761176670982        400.00000000000000     
   4.7999998927116391E-003   385.67136405527447        400.00000000000000     
   4.8399998918175697E-003   384.82560145080441        400.00000000000000     
   4.8799998909235002E-003   383.98104275512623        400.00000000000000     
   4.9199998900294299E-003   383.13838325330249        400.00000000000000     
   4.9599998891353605E-003   382.29829105788519        400.00000000000000     
   4.9999998882412910E-003   381.46140368388080        400.00000000000000     
   5.0399998873472216E-003   380.62832486808719        400.00000000000000     
   5.0799998864531513E-003   379.79962164455316        400.00000000000000     
   5.1199998855590819E-003   378.97582168601758        400.00000000000000     
   5.1599998846650124E-003   378.15741091939543        400.00000000000000     
   5.1999998837709421E-003   377.34483142161849        400.00000000000000     
   5.2399998828768727E-003   376.53847960049768        400.00000000000000     
   5.2799998819828033E-003   375.73870466369027        400.00000000000000     
   5.3199998810887338E-003   374.94580737738232        400.00000000000000     
   5.3599998801946635E-003   374.16003911488815        400.00000000000000     
   5.3999998793005941E-003   373.38160119407712        400.00000000000000     
   5.4399998784065247E-003   372.61064450129936        400.00000000000000     
   5.4799998775124552E-003   371.84726939834502        400.00000000000000     
   5.5199998766183849E-003   371.09152590789591        400.00000000000000     
   5.5599998757243155E-003   370.34341417191780        400.00000000000000     
   5.5999998748302460E-003   369.60288517648445        400.00000000000000     
   5.6399998739361757E-003   368.86984173564588        400.00000000000000     
   5.6799998730421063E-003   368.14413972605189        400.00000000000000     
   5.7199998721480369E-003   367.42558956325706        400.00000000000000     
   5.7599998712539674E-003   366.71395790980773        400.00000000000000     
   5.7999998703598971E-003   366.00896960443532        400.00000000000000     
   5.8399998694658277E-003   365.31030980093442        400.00000000000000     
   5.8799998685717583E-003   364.61762630452887        400.00000000000000     
   5.9199998676776888E-003   363.93053209280720        400.00000000000000     
   5.9599998667836185E-003   363.24860800757619        400.00000000000000     
   5.9999998658895491E-003   362.57140560324427        400.00000000000000     
   6.0399998649954796E-003   361.89845013666229        400.00000000000000     
   6.0799998641014093E-003   361.22924368263466        400.00000000000000     
   6.1199998632073399E-003   360.56326835865656        400.00000000000000     
   6.1599998623132705E-003   359.89998964178778        400.00000000000000     
   6.1999998614192010E-003   359.23885975996922        400.00000000000000     
   6.2399998605251307E-003   358.57932113953171        400.00000000000000     
   6.2799998596310613E-003   357.92080989014840        400.00000000000000     
   6.3199998587369919E-003   357.26275930805184        400.00000000000000     
   6.3599998578429224E-003   356.60460337797969        400.00000000000000     
   6.3999998569488521E-003   355.94578025406952        400.00000000000000     
   6.4399998560547827E-003   355.28573569975617        400.00000000000000     
   6.4799998551607133E-003   354.62392646669150        400.00000000000000     
   6.5199998542666429E-003   353.95982359279589        400.00000000000000     
   6.5599998533725735E-003   353.29291559977634        400.00000000000000     
   6.5999998524785041E-003   352.62271157079994        400.00000000000000     
   6.6399998515844346E-003   351.94874408954701        400.00000000000000     
   6.6799998506903643E-003   351.27057202251933        400.00000000000000     
   6.7199998497962949E-003   350.58778312731670        400.00000000000000     
   6.7599998489022255E-003   349.89999647057533        400.00000000000000     
   6.7999998480081560E-003   349.20686464039261        400.00000000000000     
   6.8399998471140857E-003   348.50807573934651        400.00000000000000     
   6.8799998462200163E-003   347.80335514565115        400.00000000000000     
   6.9199998453259469E-003   347.09246703152263        400.00000000000000     
   6.9599998444318766E-003   346.37521562951906        400.00000000000000     
   6.9999998435378071E-003   345.65144623937863        400.00000000000000     
   7.0399998426437377E-003   344.92104596973542        400.00000000000000     
   7.0799998417496682E-003   344.18394421101686        400.00000000000000     
   7.1199998408555979E-003   343.44011283779059        400.00000000000000     
   7.1599998399615285E-003   342.68956614081844        400.00000000000000     
   7.1999998390674591E-003   341.93236049106741        400.00000000000000     
   7.2399998381733896E-003   341.16859373989291        400.00000000000000     
   7.2799998372793193E-003   340.39840436154327        400.00000000000000     
   7.3199998363852499E-003   339.62197034598978        400.00000000000000     
   7.3599998354911805E-003   338.83950785186732        400.00000000000000     
   7.3999998345971102E-003   338.05126963097842        400.00000000000000     
   7.4399998337030407E-003   337.25754323736140        400.00000000000000     
   7.4799998328089713E-003   336.45864903533720        400.00000000000000     
   7.5199998319149019E-003   335.65493802220641        400.00000000000000     
   7.5599998310208315E-003   334.84678948235501        400.00000000000000     
   7.5999998301267621E-003   334.03460849047093        400.00000000000000     
   7.6399998292326927E-003   333.21882328230032        400.00000000000000     
   7.6799998283386232E-003   332.39988251196104        400.00000000000000     
   7.7199998274445529E-003   331.57825241520641        400.00000000000000     
   7.7599998265504835E-003   330.75441389825892        400.00000000000000     
   7.7999998256564141E-003   329.92885957186445        400.00000000000000     
   7.8399998247623438E-003   329.10209075010278        400.00000000000000     
   7.8799998238682743E-003   328.27461443321170        400.00000000000000     
   7.9199998229742049E-003   327.44694029325240        400.00000000000000     
   7.9599998220801355E-003   326.61957768090770        400.00000000000000     
   7.9999998211860660E-003   325.79303267100488        400.00000000000000     
   8.0399998202919966E-003   324.96780516360843        400.00000000000000     
   8.0799998193979254E-003   324.14438605664009        400.00000000000000     
   8.1199998185038560E-003   323.32325450505277        400.00000000000000     
   8.1599998176097865E-003   322.50487528058659        400.00000000000000     
   8.1999998167157171E-003   321.68969624508486        400.00000000000000     
   8.2399998158216477E-003   320.87814594927892        400.00000000000000     
   8.2799998149275782E-003   320.07063136785325        400.00000000000000     
   8.3199998140335088E-003   319.26753578050841        400.00000000000000     
   8.3599998131394376E-003   318.46921680763666        400.00000000000000     
   8.3999998122453682E-003   317.67600460815709        400.00000000000000     
   8.4399998113512988E-003   316.88820024599119        400.00000000000000     
   8.4799998104572293E-003   316.10607423063897        400.00000000000000     
   8.5199998095631599E-003   315.32986523631735        400.00000000000000     
   8.5599998086690905E-003   314.55977900317976        400.00000000000000     
   8.5999998077750210E-003   313.79598742321031        400.00000000000000     
   8.6399998068809498E-003   313.03862781253173        400.00000000000000     
   8.6799998059868804E-003   312.28780237102649        400.00000000000000     
   8.7199998050928110E-003   311.54357782939854        400.00000000000000     
   8.7599998041987415E-003   310.80598528305035        400.00000000000000     
   8.7999998033046721E-003   310.07502021144865        400.00000000000000     
   8.8399998024106027E-003   309.35064268097750        400.00000000000000     
   8.8799998015165332E-003   308.63277772863938        400.00000000000000     
   8.9199998006224638E-003   307.92131592334027        400.00000000000000     
   8.9599997997283926E-003   307.21611410092095        400.00000000000000     
   8.9999997988343232E-003   306.51699626849057        400.00000000000000     
   9.0399997979402538E-003   305.82375467309566        400.00000000000000     
   9.0799997970461843E-003   305.13615102917078        400.00000000000000     
   9.1199997961521149E-003   304.45391789870149        400.00000000000000     
   9.1599997952580454E-003   303.77676021747089        400.00000000000000     
   9.1999997943639760E-003   303.10435696023899        400.00000000000000     
   9.2399997934699048E-003   302.43636293715565        400.00000000000000     
   9.2799997925758354E-003   301.77241071318821        400.00000000000000     
   9.3199997916817660E-003   301.11211264179519        400.00000000000000     
   9.3599997907876965E-003   300.45506300355868        400.00000000000000     
   9.3999997898936271E-003   299.80084023996545        400.00000000000000     
   9.4399997889995577E-003   299.14900927199812        400.00000000000000     
   9.4799997881054882E-003   298.49912389270980        400.00000000000000     
   9.5199997872114171E-003   297.85072922246411        400.00000000000000     
   9.5599997863173476E-003   297.20336421506806        400.00000000000000     
   9.5999997854232782E-003   296.55656420258930        400.00000000000000     
   9.6399997845292087E-003   295.90986346627193        400.00000000000000     
   9.6799997836351393E-003   295.26279782061204        400.00000000000000     
   9.7199997827410699E-003   294.61490719736810        400.00000000000000     
   9.7599997818470004E-003   293.96573821605330        400.00000000000000     
   9.7999997809529310E-003   293.31484672730204        400.00000000000000     
   9.8399997800588598E-003   292.66180031541950        400.00000000000000     
   9.8799997791647904E-003   292.00618074642557        400.00000000000000     
   9.9199997782707210E-003   291.34758634800676        400.00000000000000     
   9.9599997773766515E-003   290.68563430797303        400.00000000000000     
   9.9999997764825821E-003   290.01996287811369        200.00000000000000     
   1.0039999775588513E-002   289.35023347074014        200.00000000000000     
   1.0079999774694443E-002   288.67613263570922        200.00000000000000     
   1.0119999773800372E-002   287.99737390632060        200.00000000000000     
   1.0159999772906303E-002   287.31369950320675        200.00000000000000     
   1.0199999772012233E-002   286.62488188614151        200.00000000000000     
   1.0239999771118164E-002   285.93072514460272        200.00000000000000     
   1.0279999770224094E-002   285.23106621894254        200.00000000000000     
   1.0319999769330025E-002   284.52577594508909        200.00000000000000     
   1.0359999768435955E-002   283.81475991688228        200.00000000000000     
   1.0399999767541884E-002   283.09795916135755        200.00000000000000     
   1.0439999766647815E-002   282.37535062357540        200.00000000000000     
   1.0479999765753745E-002   281.64694745890966        200.00000000000000     
   1.0519999764859676E-002   280.91279913204562        200.00000000000000     
   1.0559999763965607E-002   280.17299132328498        200.00000000000000     
   1.0599999763071537E-002   279.42764564410595        200.00000000000000     
   1.0639999762177468E-002   278.67691916524257        200.00000000000000     
   1.0679999761283396E-002   277.92100376184374        200.00000000000000     
   1.0719999760389327E-002   277.16012528150742        200.00000000000000     
   1.0759999759495258E-002   276.39454254216298        200.00000000000000     
   1.0799999758601188E-002   275.62454616787926        200.00000000000000     
   1.0839999757707119E-002   274.85045727167972        200.00000000000000     
   1.0879999756813049E-002   274.07262599538001        200.00000000000000     
   1.0919999755918980E-002   273.29142991724785        200.00000000000000     
   1.0959999755024910E-002   272.50727233900551        200.00000000000000     
   1.0999999754130839E-002   271.72058046425593        200.00000000000000     
   1.1039999753236770E-002   270.93180348087526        200.00000000000000     
   1.1079999752342700E-002   270.14141056024374        200.00000000000000     
   1.1119999751448631E-002   269.34988878639570        200.00000000000000     
   1.1159999750554562E-002   268.55774102824898        200.00000000000000     
   1.1199999749660492E-002   267.76548376804283        200.00000000000000     
   1.1239999748766423E-002   266.97364489896859        200.00000000000000     
   1.1279999747872351E-002   266.18276150471360        200.00000000000000     
   1.1319999746978282E-002   265.39337763329200        200.00000000000000     
   1.1359999746084213E-002   264.60604207708030        200.00000000000000     
   1.1399999745190143E-002   263.82130617045686        200.00000000000000     
   1.1439999744296074E-002   263.03972161583749        200.00000000000000     
   1.1479999743402004E-002   262.26183834823769        200.00000000000000     
   1.1519999742507935E-002   261.48820244778761        200.00000000000000     
   1.1559999741613864E-002   260.71935410886579        200.00000000000000     
   1.1599999740719794E-002   259.95582567374748        200.00000000000000     
   1.1639999739825725E-002   259.19813973785551        200.00000000000000     
   1.1679999738931655E-002   258.44680733291051        200.00000000000000     
   1.1719999738037586E-002   257.70232619345575        200.00000000000000     
   1.1759999737143517E-002   256.96517911145651        200.00000000000000     
   1.1799999736249447E-002   256.23583238288029        200.00000000000000     
   1.1839999735355378E-002   255.51473434943625        200.00000000000000     
   1.1879999734461306E-002   254.80231403790827        200.00000000000000     
   1.1919999733567237E-002   254.09897989886483        200.00000000000000     
   1.1959999732673168E-002   253.40511864586432        200.00000000000000     
   1.1999999731779098E-002   252.72109419570373        200.00000000000000     
   1.2039999730885029E-002   252.04724670969856        200.00000000000000     
   1.2079999729990959E-002   251.38389173549965        200.00000000000000     
   1.2119999729096890E-002   250.73131944850201        200.00000000000000     
   1.2159999728202819E-002   250.08979399151735        200.00000000000000     
   1.2199999727308749E-002   249.45955291103513        200.00000000000000     
   1.2239999726414680E-002   248.84080668811234        200.00000000000000     
   1.2279999725520610E-002   248.23373836169390        200.00000000000000     
   1.2319999724626541E-002   247.63850324195835        200.00000000000000     
   1.2359999723732472E-002   247.05522871115397        200.00000000000000     
   1.2399999722838402E-002   246.48401410925351        200.00000000000000     
   1.2439999721944331E-002   245.92493070171344        200.00000000000000     
   1.2479999721050261E-002   245.37802172655628        200.00000000000000     
   1.2519999720156192E-002   244.84330251801015        200.00000000000000     
   1.2559999719262123E-002   244.32076070394245        200.00000000000000     
   1.2599999718368053E-002   243.81035647437852        200.00000000000000     
   1.2639999717473984E-002   243.31202291844821        200.00000000000000     
   1.2679999716579914E-002   242.82566642718325        200.00000000000000     
   1.2719999715685845E-002   242.35116715967956        200.00000000000000     
   1.2759999714791774E-002   241.88837957023159        200.00000000000000     
   1.2799999713897704E-002   241.43713299414168        200.00000000000000     
   1.2839999713003635E-002   240.99723229002279        200.00000000000000     
   1.2879999712109565E-002   240.56845853649793        200.00000000000000     
   1.2919999711215496E-002   240.15056978130875        200.00000000000000     
   1.2959999710321427E-002   239.74330184092358        200.00000000000000     
   1.2999999709427357E-002   239.34636914882051        200.00000000000000     
   1.3039999708533286E-002   238.95946565068630        200.00000000000000     
   1.3079999707639216E-002   238.58226574482279        200.00000000000000     
   1.3119999706745147E-002   238.21442526609334        200.00000000000000     
   1.3159999705851078E-002   237.85558251176306        200.00000000000000     
   1.3199999704957008E-002   237.50535930758446        200.00000000000000     
   1.3239999704062939E-002   237.16336211247486        200.00000000000000     
   1.3279999703168869E-002   236.82918316008937        200.00000000000000     
   1.3319999702274798E-002   236.50240163554633        200.00000000000000     
   1.3359999701380729E-002   235.66432752830792        200.00000000000000     
   1.3399999700486659E-002   234.57710805585788        200.00000000000000     
   1.3439999699592590E-002   233.50031017580184        200.00000000000000     
   1.3479999698698520E-002   232.43371051770251        200.00000000000000     
   1.3519999697804451E-002   231.37709353923370        200.00000000000000     
   1.3559999696910381E-002   230.33025211313222        200.00000000000000     
   1.3599999696016312E-002   229.29298807878865        200.00000000000000     
   1.3639999695122241E-002   228.26511275867512        200.00000000000000     
   1.3679999694228171E-002   227.24644743982694        200.00000000000000     
   1.3719999693334102E-002   226.23682382061443        200.00000000000000     
   1.3759999692440033E-002   225.23608442305056        200.00000000000000     
   1.3799999691545963E-002   224.24408297091739        200.00000000000000     
   1.3839999690651894E-002   223.26068473399758        200.00000000000000     
   1.3879999689757824E-002   222.28576683874161        200.00000000000000     
   1.3919999688863753E-002   221.31921854571243        200.00000000000000     
   1.3959999687969684E-002   220.36094149418861        200.00000000000000     
   1.3999999687075614E-002   219.41084991433866        200.00000000000000     
   1.4039999686181545E-002   218.46887080740308        200.00000000000000     
   1.4079999685287475E-002   217.53494409437133        200.00000000000000     
   1.4119999684393406E-002   216.60902273366548        200.00000000000000     
   1.4159999683499336E-002   215.69107280838719        200.00000000000000     
   1.4199999682605265E-002   214.78107358372591        200.00000000000000     
   1.4239999681711196E-002   213.87901753516070        200.00000000000000     
   1.4279999680817126E-002   212.98491034813995        200.00000000000000     
   1.4319999679923057E-002   212.09877088995381        200.00000000000000     
   1.4359999679028988E-002   211.22063115456783        200.00000000000000     
   1.4399999678134918E-002   210.35053618121657        200.00000000000000     
   1.4439999677240849E-002   209.48854394760713        200.00000000000000     
   1.4479999676346779E-002   208.63472523861580        200.00000000000000     
   1.4519999675452708E-002   207.78916349140277        200.00000000000000     
   1.4559999674558639E-002   206.95195461790456        200.00000000000000     
   1.4599999673664569E-002   206.12320680570156        200.00000000000000     
   1.4639999672770500E-002   205.30304029828713        200.00000000000000     
   1.4679999671876430E-002   204.49158715579719        200.00000000000000     
   1.4719999670982361E-002   203.68899099728245        200.00000000000000     
   1.4759999670088291E-002   202.89540672563606        200.00000000000000     
   1.4799999669194220E-002   202.11100023629834        200.00000000000000     
   1.4839999668300151E-002   201.33594811088906        200.00000000000000     
   1.4879999667406081E-002   200.57043729692072        200.00000000000000     
   1.4919999666512012E-002   199.81466477476189        200.00000000000000     
   1.4959999665617943E-002   199.06883721302060        200.00000000000000     
   1.4999999664723873E-002   198.33317061351622        200.00000000000000     
   1.5039999663829804E-002   197.60788994701616        200.00000000000000     
   1.5079999662935733E-002   196.89322878088936        200.00000000000000     
   1.5119999662041663E-002   196.18942889983194        200.00000000000000     
   1.5159999661147594E-002   195.49673992079542        200.00000000000000     
   1.5199999660253524E-002   194.81541890323280        200.00000000000000     
   1.5239999659359455E-002   194.14572995575386        200.00000000000000     
   1.5279999658465385E-002   193.48794384025015        200.00000000000000     
   1.5319999657571316E-002   192.84233757452566        200.00000000000000     
   1.5359999656677246E-002   192.20919403443119        200.00000000000000     
   1.5399999655783175E-002   191.58880155646298        200.00000000000000     
   1.5439999654889106E-002   190.98145354174997        200.00000000000000     
   1.5479999653995036E-002   190.38744806230645        200.00000000000000     
   1.5519999653100967E-002   189.80708747038810        200.00000000000000     
   1.5559999652206898E-002   189.24067801173507        200.00000000000000     
   1.5599999651312828E-002   188.68852944344516        200.00000000000000     
   1.5639999650418759E-002   188.15095465716280        200.00000000000000     
   1.5679999649524688E-002   187.62826930822180        200.00000000000000     
   1.5719999648630620E-002   187.12079145132660        200.00000000000000     
   1.5759999647736549E-002   186.62884118330444        200.00000000000000     
   1.5799999646842477E-002   186.15274029340441        200.00000000000000     
   1.5839999645948410E-002   185.69281192156896        200.00000000000000     
   1.5879999645054339E-002   185.24938022505080        200.00000000000000     
   1.5919999644160271E-002   184.82277005368826        200.00000000000000     
   1.5959999643266200E-002   184.41330663410983        200.00000000000000     
   1.5999999642372132E-002   184.02131526307875        200.00000000000000     
   1.6039999641478061E-002   183.64712101014422        200.00000000000000     
   1.6079999640583993E-002   183.29104842971060        200.00000000000000     
   1.6119999639689922E-002   182.95342128259600        200.00000000000000     
   1.6159999638795851E-002   182.63456226709968        200.00000000000000     
   1.6199999637901783E-002   182.33479275955682        200.00000000000000     
   1.6239999637007712E-002   182.05443256431579        200.00000000000000     
   1.6279999636113644E-002   181.79379967303686        200.00000000000000     
   1.6319999635219573E-002   181.55321003316715        200.00000000000000     
   1.6359999634325505E-002   181.33297732541857        200.00000000000000     
   1.6399999633431434E-002   181.13341275003751        200.00000000000000     
   1.6439999632537363E-002   180.95482482162726        200.00000000000000     
   1.6479999631643295E-002   180.79751917225528        200.00000000000000     
   1.6519999630749224E-002   180.66179836255228        200.00000000000000     
   1.6559999629855156E-002   180.54796170048650        200.00000000000000     
   1.6599999628961085E-002   180.45630506747790        200.00000000000000     
   1.6639999628067018E-002   180.38712075149633        200.00000000000000     
   1.6679999627172946E-002   180.34069728677602        200.00000000000000     
   1.6719999626278875E-002   180.31731929976209        200.00000000000000     
   1.6759999625384808E-002   180.31726736089738        200.00000000000000     
   1.6799999624490736E-002   180.34081784184406        200.00000000000000     
   1.6839999623596669E-002   180.38824277774071        200.00000000000000     
   1.6879999622702598E-002   180.45980973407478        200.00000000000000     
   1.6919999621808530E-002   180.55578167776324        200.00000000000000     
   1.6959999620914459E-002   180.67641685202730        200.00000000000000     
   1.6999999620020387E-002   180.82196865465076        200.00000000000000     
   1.7039999619126320E-002   180.99268551921787        200.00000000000000     
   1.7079999618232249E-002   181.18881079892972        200.00000000000000     
   1.7119999617338181E-002   181.41058265260571        200.00000000000000     
   1.7159999616444110E-002   181.65823393249144        200.00000000000000     
   1.7199999615550042E-002   181.93199207349792        200.00000000000000     
   1.7239999614655971E-002   182.23207898351114        200.00000000000000     
   1.7279999613761900E-002   182.55871093442991        200.00000000000000     
   1.7319999612867832E-002   182.91209845359646        200.00000000000000     
   1.7359999611973761E-002   183.29244621530486        200.00000000000000     
   1.7399999611079693E-002   183.69995293208802        200.00000000000000     
   1.7439999610185622E-002   184.13481124550242        200.00000000000000     
   1.7479999609291554E-002   184.59720761614452        200.00000000000000     
   1.7519999608397483E-002   185.08732221265754        200.00000000000000     
   1.7559999607503412E-002   185.60532879950281        200.00000000000000     
   1.7599999606609344E-002   186.15139462329063        200.00000000000000     
   1.7639999605715273E-002   186.72568029748768        200.00000000000000     
   1.7679999604821205E-002   187.32833968534169        200.00000000000000     
   1.7719999603927134E-002   187.95951978087447        200.00000000000000     
   1.7759999603033066E-002   188.61936058783363        200.00000000000000     
   1.7799999602138995E-002   189.30799499649802        200.00000000000000     
   1.7839999601244928E-002   190.02554865826289        200.00000000000000     
   1.7879999600350856E-002   190.77213985795311        200.00000000000000     
   1.7919999599456785E-002   191.54787938382836        200.00000000000000     
   1.7959999598562718E-002   192.35287039527313        200.00000000000000     
   1.7999999597668646E-002   193.18720828817607        200.00000000000000     
   1.8039999596774579E-002   194.05098055803981        200.00000000000000     
   1.8079999595880508E-002   194.94426666086403        200.00000000000000     
   1.8119999594986440E-002   195.86713787187932        200.00000000000000     
   1.8159999594092369E-002   196.81965714222545        200.00000000000000     
   1.8199999593198297E-002   197.80187895368169        200.00000000000000     
   1.8239999592304230E-002   198.81384917158701        200.00000000000000     
   1.8279999591410159E-002   199.85560489609085        200.00000000000000     
   1.8319999590516091E-002   200.92717431190968        200.00000000000000     
   1.8359999589622020E-002   202.02857653676821        200.00000000000000     
   1.8399999588727952E-002   203.15982146872707        200.00000000000000     
   1.8439999587833881E-002   204.32090963261200        200.00000000000000     
   1.8479999586939810E-002   205.51183202577559        200.00000000000000     
   1.8519999586045742E-002   206.73256996343471        200.00000000000000     
   1.8559999585151671E-002   207.98309492383979        200.00000000000000     
   1.8599999584257603E-002   209.26336839354690        200.00000000000000     
   1.8639999583363532E-002   210.57334171306906        200.00000000000000     
   1.8679999582469464E-002   211.91295592319975        200.00000000000000     
   1.8719999581575393E-002   213.28214161230252        200.00000000000000     
   1.8759999580681322E-002   214.68081876487929        200.00000000000000     
   1.8799999579787254E-002   216.10889661172320        200.00000000000000     
   1.8839999578893183E-002   217.56627348197986        200.00000000000000     
   1.8879999577999115E-002   219.05283665743929        200.00000000000000     
   1.8919999577105044E-002   220.56846222938242        200.00000000000000     
   1.8959999576210976E-002   222.11301495831486        200.00000000000000     
   1.8999999575316905E-002   223.68634813691600        200.00000000000000     
   1.9039999574422834E-002   225.28830345653296        200.00000000000000     
   1.9079999573528766E-002   226.91871087754910        200.00000000000000     
   1.9119999572634695E-002   228.57738850395307        200.00000000000000     
   1.9159999571740628E-002   230.26414246243343        200.00000000000000     
   1.9199999570846556E-002   231.97876678631246        200.00000000000000     
   1.9239999569952489E-002   233.72104330463705        200.00000000000000     
   1.9279999569058417E-002   235.49074153672836        200.00000000000000     
   1.9319999568164346E-002   237.28761859249101        200.00000000000000     
   1.9359999567270279E-002   239.11141907876942        200.00000000000000     
   1.9399999566376207E-002   240.96187501202766        200.00000000000000     
   1.9439999565482140E-002   242.83870573762667        200.00000000000000     
   1.9479999564588069E-002   244.74161785594907        200.00000000000000     
   1.9519999563694001E-002   246.67030515561848        200.00000000000000     
   1.9559999562799930E-002   248.62444855404087        200.00000000000000     
   1.9599999561905862E-002   250.60371604548527        200.00000000000000     
   1.9639999561011791E-002   252.60776265690126        200.00000000000000     
   1.9679999560117720E-002   254.63623041166235        200.00000000000000     
   1.9719999559223652E-002   256.68874830139811        200.00000000000000     
   1.9759999558329581E-002   258.76493226606902        200.00000000000000     
   1.9799999557435513E-002   260.86438518241982        200.00000000000000     
   1.9839999556541442E-002   262.98669686092404        200.00000000000000     
   1.9879999555647374E-002   265.13144405132186        200.00000000000000     
   1.9919999554753303E-002   267.29819045682842        200.00000000000000     
   1.9959999553859232E-002   269.48648675707688        200.00000000000000     
   1.9999999552965164E-002   271.69587063984204        200.00000000000000     
   2.0039999552071093E-002   273.92586684156350        400.00000000000000     
   2.0079999551177025E-002   276.17598719668553        400.00000000000000     
   2.0119999550282954E-002   278.44573069579548        400.00000000000000     
   2.0159999549388886E-002   280.73458355253928        400.00000000000000     
   2.0199999548494815E-002   283.04201927926437        400.00000000000000     
   2.0239999547600744E-002   285.36749877133587        400.00000000000000     
   2.0279999546706676E-002   287.71047040004123        400.00000000000000     
   2.0319999545812605E-002   290.07037011399859        400.00000000000000     
   2.0359999544918538E-002   292.44662154895843        400.00000000000000     
   2.0399999544024466E-002   294.83863614587870        400.00000000000000     
   2.0439999543130399E-002   297.24581327714549        400.00000000000000     
   2.0479999542236327E-002   299.66754038078528        400.00000000000000     
   2.0519999541342256E-002   302.10319310252669        400.00000000000000     
   2.0559999540448189E-002   304.55213544553840        400.00000000000000     
   2.0599999539554117E-002   307.01371992767082        400.00000000000000     
   2.0639999538660050E-002   309.48728774602893        400.00000000000000     
   2.0679999537765979E-002   311.97216894868581        400.00000000000000     
   2.0719999536871911E-002   314.46768261334677        400.00000000000000     
   2.0759999535977840E-002   316.97313703277513        400.00000000000000     
   2.0799999535083769E-002   319.48782990678251        400.00000000000000     
   2.0839999534189701E-002   322.01104854059292        400.00000000000000     
   2.0879999533295630E-002   324.54207004938053        400.00000000000000     
   2.0919999532401562E-002   327.08016156879967        400.00000000000000     
   2.0959999531507491E-002   329.62458047131145        400.00000000000000     
   2.0999999530613423E-002   332.17457458813584        400.00000000000000     
   2.1039999529719352E-002   334.72938243664191        400.00000000000000     
   2.1079999528825281E-002   337.28823345302590        400.00000000000000     
   2.1119999527931213E-002   339.85034823010454        400.00000000000000     
   2.1159999527037142E-002   342.41493876009048        400.00000000000000     
   2.1199999526143074E-002   344.98120868220917        400.00000000000000     
   2.1239999525249003E-002   347.54835353503677        400.00000000000000     
   2.1279999524354935E-002   350.11556101345457        400.00000000000000     
   2.1319999523460864E-002   352.68201123012682        400.00000000000000     
   2.1359999522566793E-002   355.24687698143026        400.00000000000000     
   2.1399999521672725E-002   357.80932401776840        400.00000000000000     
   2.1439999520778654E-002   360.36851131823920        400.00000000000000     
   2.1479999519884586E-002   362.92359136963017        400.00000000000000     
   2.1519999518990515E-002   365.47371044973352        400.00000000000000     
   2.1559999518096448E-002   368.01800891500505        400.00000000000000     
   2.1599999517202376E-002   370.55562149259083        400.00000000000000     
   2.1639999516308309E-002   373.08567757678804        400.00000000000000     
   2.1679999515414237E-002   375.60730153000452        400.00000000000000     
   2.1719999514520166E-002   378.11961298831693        400.00000000000000     
   2.1759999513626099E-002   380.62172717173695        400.00000000000000     
   2.1799999512732027E-002   383.11275519931871        400.00000000000000     
   2.1839999511837960E-002   385.59180440925621        400.00000000000000     
   2.1879999510943889E-002   388.05797868414163        400.00000000000000     
   2.1919999510049821E-002   390.51037878156501        400.00000000000000     
   2.1959999509155750E-002   392.94810267025593        400.00000000000000     
   2.1999999508261679E-002   395.37024587198783        400.00000000000000     
   2.2039999507367611E-002   397.77590180946129        400.00000000000000     
   2.2079999506473540E-002   400.16416216042091        400.00000000000000     
   2.2119999505579472E-002   402.53411721824688        400.00000000000000     
   2.2159999504685401E-002   404.88485625928047        400.00000000000000     
   2.2199999503791333E-002   407.21546791715735        400.00000000000000     
   2.2239999502897262E-002   409.52504056441177        400.00000000000000     
   2.2279999502003191E-002   411.81266270163093        400.00000000000000     
   2.2319999501109123E-002   414.07742335443322        400.00000000000000     
   2.2359999500215052E-002   416.31841247854300        400.00000000000000     
   2.2399999499320984E-002   418.53472137323286        400.00000000000000     
   2.2439999498426913E-002   420.72544310339453        400.00000000000000     
   2.2479999497532845E-002   422.88967293049632        400.00000000000000     
   2.2519999496638774E-002   425.02650875266198        400.00000000000000     
   2.2559999495744703E-002   427.13505155410832        400.00000000000000     
   2.2599999494850635E-002   429.21440586414440        400.00000000000000     
   2.2639999493956564E-002   431.26368022592550        400.00000000000000     
   2.2679999493062496E-002   433.28198767513197        400.00000000000000     
   2.2719999492168425E-002   435.26844622871062        400.00000000000000     
   2.2759999491274358E-002   437.22217938379436        400.00000000000000     
   2.2799999490380286E-002   439.14231662687951        400.00000000000000     
   2.2839999489486215E-002   441.02799395331061        400.00000000000000     
   2.2879999488592147E-002   442.87835439707919        400.00000000000000     
   2.2919999487698076E-002   444.69254857090783        400.00000000000000     
   2.2959999486804009E-002   446.46973521654638        400.00000000000000     
   2.2999999485909937E-002   448.20908176515974        400.00000000000000     
   2.3039999485015870E-002   449.90976490764319        400.00000000000000     
   2.3079999484121799E-002   451.57097117464468        400.00000000000000     
   2.3119999483227727E-002   453.19189752602813        400.00000000000000     
   2.3159999482333660E-002   454.77175194944829        400.00000000000000     
   2.3199999481439589E-002   456.30975406766066        400.00000000000000     
   2.3239999480545521E-002   457.80513575412255        400.00000000000000     
   2.3279999479651450E-002   459.25714175638683        400.00000000000000     
   2.3319999478757382E-002   460.66503032672438        400.00000000000000     
   2.3359999477863311E-002   462.02807385935819        400.00000000000000     
   2.3399999476969243E-002   463.34555953360871        400.00000000000000     
   2.3439999476075172E-002   464.61678996220871        400.00000000000000     
   2.3479999475181101E-002   465.84108384397024        400.00000000000000     
   2.3519999474287033E-002   467.01777661991849        400.00000000000000     
   2.3559999473392962E-002   468.14622113194946        400.00000000000000     
   2.3599999472498894E-002   469.22578828300595        400.00000000000000     
   2.3639999471604823E-002   470.25586769770030        400.00000000000000     
   2.3679999470710755E-002   471.23586838224611        400.00000000000000     
   2.3719999469816684E-002   472.16521938251890        400.00000000000000     
   2.3759999468922613E-002   473.04337043898386        400.00000000000000     
   2.3799999468028545E-002   473.86979263719695        400.00000000000000     
   2.3839999467134474E-002   474.64397905251667        400.00000000000000     
   2.3879999466240406E-002   475.36544538762291        400.00000000000000     
   2.3919999465346335E-002   476.03373060139307        400.00000000000000     
   2.3959999464452267E-002   476.64839752763703        400.00000000000000     
   2.3999999463558196E-002   477.20903348216399        400.00000000000000     
   2.4039999462664125E-002   477.71525085661648        400.00000000000000     
   2.4079999461770057E-002   478.16668769747457        400.00000000000000     
   2.4119999460875986E-002   478.56300826861877        400.00000000000000     
   2.4159999459981919E-002   478.90390359581471        400.00000000000000     
   2.4199999459087847E-002   479.18909199147714        400.00000000000000     
   2.4239999458193780E-002   479.41831955805674        400.00000000000000     
   2.4279999457299709E-002   479.59136066840381        400.00000000000000     
   2.4319999456405637E-002   479.70801842146420        400.00000000000000     
   2.4359999455511570E-002   479.76812507167062        400.00000000000000     
   2.4399999454617499E-002   479.77154243042884        400.00000000000000     
   2.4439999453723431E-002   479.71816223811004        400.00000000000000     
   2.4479999452829360E-002   479.60790650500371        400.00000000000000     
   2.4519999451935292E-002   479.44072781972341        400.00000000000000     
   2.4559999451041221E-002   479.21660962361000        400.00000000000000     
   2.4599999450147150E-002   478.93556644972881        400.00000000000000     
   2.4639999449253082E-002   478.59764412512544        400.00000000000000     
   2.4679999448359011E-002   478.20291993506316        400.00000000000000     
   2.4719999447464943E-002   477.75150274806185        400.00000000000000     
   2.4759999446570872E-002   477.24353310061775        400.00000000000000     
   2.4799999445676804E-002   476.67918324059343        400.00000000000000     
   2.4839999444782733E-002   476.05865712834583        400.00000000000000     
   2.4879999443888662E-002   475.38219039477707        400.00000000000000     
   2.4919999442994594E-002   474.65005025558600        400.00000000000000     
   2.4959999442100523E-002   473.86253538111970        400.00000000000000     
   2.4999999441206455E-002   473.01997572133683        400.00000000000000     
   2.5039999440312384E-002   472.12273228551066        400.00000000000000     
   2.5079999439418316E-002   471.17119687643373        400.00000000000000     
   2.5119999438524245E-002   470.16579177900263        400.00000000000000     
   2.5159999437630177E-002   469.10696940319633        400.00000000000000     
   2.5199999436736106E-002   467.99521188159542        400.00000000000000     
   2.5239999435842035E-002   466.83103062171193        400.00000000000000     
   2.5279999434947967E-002   465.61496581354686        400.00000000000000     
   2.5319999434053896E-002   464.34758589291425        400.00000000000000     
   2.5359999433159829E-002   463.02948696121007        400.00000000000000     
   2.5399999432265757E-002   461.66129216243473        400.00000000000000     
   2.5439999431371690E-002   460.24365101840760        400.00000000000000     
   2.5479999430477619E-002   458.77723872323850        400.00000000000000     
   2.5519999429583547E-002   457.26275539824798        400.00000000000000     
   2.5559999428689480E-002   455.70092530864923        400.00000000000000     
   2.5599999427795408E-002   454.09249604341699        400.00000000000000     
   2.5639999426901341E-002   452.43823765988759        400.00000000000000     
   2.5679999426007270E-002   450.73894179473569        400.00000000000000     
   2.5719999425113202E-002   448.99542074307271        400.00000000000000     
   2.5759999424219131E-002   447.20850650751657        400.00000000000000     
   2.5799999423325060E-002   445.37904981915608        400.00000000000000     
   2.5839999422430992E-002   443.50791913242386        400.00000000000000     
   2.5879999421536921E-002   441.59599959596409        400.00000000000000     
   2.5919999420642853E-002   439.64419200164212        400.00000000000000     
   2.5959999419748782E-002   437.65341171390122        400.00000000000000     
   2.5999999418854714E-002   435.62458758173170        400.00000000000000     
   2.6039999417960643E-002   433.55866083553821        400.00000000000000     
   2.6079999417066572E-002   431.45658397124458        400.00000000000000     
   2.6119999416172504E-002   429.31931962398050        400.00000000000000     
   2.6159999415278433E-002   427.14783943373021        400.00000000000000     
   2.6199999414384365E-002   424.94312290530280        400.00000000000000     
   2.6239999413490294E-002   422.70615626501512        400.00000000000000     
   2.6279999412596226E-002   420.43793131643230        400.00000000000000     
   2.6319999411702155E-002   418.13944429752451        400.00000000000000     
   2.6359999410808084E-002   415.81169474155070        400.00000000000000     
   2.6399999409914016E-002   413.45568434395517        400.00000000000000     
   2.6439999409019945E-002   411.07241583752227        400.00000000000000     
   2.6479999408125877E-002   408.66289187797969        400.00000000000000     
   2.6519999407231806E-002   406.22811394219394        400.00000000000000     
   2.6559999406337739E-002   403.76908124103284        400.00000000000000     
   2.6599999405443667E-002   401.28678964891077        400.00000000000000     
   2.6639999404549596E-002   398.78223065195209        400.00000000000000     
   2.6679999403655529E-002   396.23227405748327        400.00000000000000     
   2.6719999402761457E-002   393.61293258793205        400.00000000000000     
   2.6759999401867390E-002   390.97300781253836        400.00000000000000     
   2.6799999400973318E-002   388.31349414069422        400.00000000000000     
   2.6839999400079251E-002   385.63537889826296        400.00000000000000     
   2.6879999399185180E-002   382.93964111679264        400.00000000000000     
   2.6919999398291108E-002   380.22725035487667        400.00000000000000     
   2.6959999397397041E-002   377.49916555506132        400.00000000000000     
   2.6999999396502970E-002   374.75633393952768        400.00000000000000     
   2.7039999395608902E-002   371.99968994758166        400.00000000000000     
   2.7079999394714831E-002   369.23015421778655        400.00000000000000     
   2.7119999393820763E-002   366.44863261736566        400.00000000000000     
   2.7159999392926692E-002   363.65601532128750        400.00000000000000     
   2.7199999392032624E-002   360.85317594321873        400.00000000000000     
   2.7239999391138553E-002   358.04097072031391        400.00000000000000     
   2.7279999390244482E-002   355.22023775357854        400.00000000000000     
   2.7319999389350414E-002   352.39179630531095        400.00000000000000     
   2.7359999388456343E-002   349.55644615490161        400.00000000000000     
   2.7399999387562275E-002   346.71496701404095        400.00000000000000     
   2.7439999386668204E-002   343.86811800215435        400.00000000000000     
   2.7479999385774136E-002   341.01663718266605        400.00000000000000     
   2.7519999384880065E-002   338.16124116047263        400.00000000000000     
   2.7559999383985994E-002   335.30262474078700        400.00000000000000     
   2.7599999383091926E-002   332.44146064931573        400.00000000000000     
   2.7639999382197855E-002   329.57839931351907        400.00000000000000     
   2.7679999381303787E-002   326.71406870451239        400.00000000000000     
   2.7719999380409716E-002   323.84907423898619        400.00000000000000     
   2.7759999379515649E-002   320.98399874033078        400.00000000000000     
   2.7799999378621577E-002   318.11940245798496        400.00000000000000     
   2.7839999377727506E-002   315.25582314387083        400.00000000000000     
   2.7879999376833439E-002   312.39377618461094        400.00000000000000     
   2.7919999375939367E-002   309.53375478808863        400.00000000000000     
   2.7959999375045300E-002   306.67623022276570        400.00000000000000     
   2.7999999374151228E-002   303.82165210805499        400.00000000000000     
   2.8039999373257161E-002   300.97044875391310        400.00000000000000     
   2.8079999372363090E-002   298.12302754771690        400.00000000000000     
   2.8119999371469018E-002   295.27977538637816        400.00000000000000     
   2.8159999370574951E-002   292.44105915156234        400.00000000000000     
   2.8199999369680880E-002   289.60722622578362        400.00000000000000     
   2.8239999368786812E-002   286.77860504707172        400.00000000000000     
   2.8279999367892741E-002   283.95550569984084        400.00000000000000     
   2.8319999366998673E-002   281.13822053951185        400.00000000000000     
   2.8359999366104602E-002   278.32702484839831        400.00000000000000     
   2.8399999365210531E-002   275.52217752029878        400.00000000000000     
   2.8439999364316463E-002   272.72392177120986        400.00000000000000     
   2.8479999363422392E-002   269.93248587352201        400.00000000000000     
   2.8519999362528324E-002   267.14808391103287        400.00000000000000     
   2.8559999361634253E-002   264.37091655209656        400.00000000000000     
   2.8599999360740185E-002   261.60117183817943        400.00000000000000     
   2.8639999359846114E-002   258.83902598511753        400.00000000000000     
   2.8679999358952043E-002   256.08464419431942        400.00000000000000     
   2.8719999358057975E-002   253.33818147118842        400.00000000000000     
   2.8759999357163904E-002   250.59978344802127        400.00000000000000     
   2.8799999356269836E-002   247.86958720865195        400.00000000000000     
   2.8839999355375765E-002   245.14772211212812        400.00000000000000     
   2.8879999354481697E-002   242.43431061272048        400.00000000000000     
   2.8919999353587626E-002   239.72946907359466        400.00000000000000     
   2.8959999352693559E-002   237.03330857150476        400.00000000000000     
   2.8999999351799487E-002   234.34593568991127        400.00000000000000     
   2.9039999350905416E-002   231.66745329796294        400.00000000000000     
   2.9079999350011349E-002   228.99796131284029        400.00000000000000     
   2.9119999349117277E-002   226.33755744301723        400.00000000000000     
   2.9159999348223210E-002   223.68633791005803        400.00000000000000     
   2.9199999347329138E-002   221.04439814664974        400.00000000000000     
   2.9239999346435071E-002   218.41183346864244        400.00000000000000     
   2.9279999345541000E-002   215.78873971896792        400.00000000000000     
   2.9319999344646928E-002   213.17521388139625        400.00000000000000     
   2.9359999343752861E-002   210.57135466220421        400.00000000000000     
   2.9399999342858790E-002   207.97726303793655        400.00000000000000     
   2.9439999341964722E-002   205.39304276756528        400.00000000000000     
   2.9479999341070651E-002   202.81880086748441        400.00000000000000     
   2.9519999340176583E-002   200.25464804790920        400.00000000000000     
   2.9559999339282512E-002   197.70069910940632        400.00000000000000     
   2.9599999338388441E-002   195.15707329841462        400.00000000000000     
   2.9639999337494373E-002   192.62389462079955        400.00000000000000     
   2.9679999336600302E-002   190.10129211263268        400.00000000000000     
   2.9719999335706234E-002   187.58940006756416        400.00000000000000     
   2.9759999334812163E-002   185.08835822034385        400.00000000000000     
   2.9799999333918095E-002   182.59831188620998        400.00000000000000     
   2.9839999333024024E-002   180.11941205607104        400.00000000000000     
   2.9879999332129953E-002   177.65181544757743        400.00000000000000     
   2.9919999331235885E-002   175.19568451238274        400.00000000000000     
   2.9959999330341814E-002   172.75118740008182        400.00000000000000     
   2.9999999329447746E-002   170.31849787950057        0.0000000000000000     
   3.0039999328553675E-002   167.89779521821245        0.0000000000000000     
   3.0079999327659607E-002   165.48926402133253        0.0000000000000000     
   3.0119999326765536E-002   163.09309403083719        0.0000000000000000     
   3.0159999325871465E-002   160.70947988682619        0.0000000000000000     
   3.0199999324977397E-002   158.33862085232292        0.0000000000000000     
   3.0239999324083326E-002   155.98072050337674        0.0000000000000000     
   3.0279999323189258E-002   153.63598638638365        0.0000000000000000     
   3.0319999322295187E-002   151.30462964469359        0.0000000000000000     
   3.0359999321401120E-002   148.98686461671267        0.0000000000000000     
   3.0399999320507048E-002   146.68290840782902        0.0000000000000000     
   3.0439999319612977E-002   144.39298043860913        0.0000000000000000     
   3.0479999318718910E-002   142.11730197181177        0.0000000000000000     
   3.0519999317824838E-002   139.85609562084935        0.0000000000000000     
   3.0559999316930771E-002   137.60958484240021        0.0000000000000000     
   3.0599999316036700E-002   135.37799341593197        0.0000000000000000     
   3.0639999315142632E-002   133.16154491293162        0.0000000000000000     
   3.0679999314248561E-002   130.96046215866917        0.0000000000000000     
   3.0719999313354493E-002   128.77496668931900        0.0000000000000000     
   3.0759999312460422E-002   126.60527820726786        0.0000000000000000     
   3.0799999311566351E-002   124.45161403739722        0.0000000000000000     
   3.0839999310672283E-002   122.31418858710370        0.0000000000000000     
   3.0879999309778212E-002   120.19321281275435        0.0000000000000000     
   3.0919999308884144E-002   118.08889369520216        0.0000000000000000     
   3.0959999307990073E-002   116.00143372691154        0.0000000000000000     
   3.0999999307096005E-002   113.93103041313132        0.0000000000000000     
   3.1039999306201934E-002   111.87787578945297        0.0000000000000000     
   3.1079999305307863E-002   109.84215595795814        0.0000000000000000     
   3.1119999304413795E-002   107.82405064403264        0.0000000000000000     
   3.1159999303519724E-002   105.82373277577828        0.0000000000000000     
   3.1199999302625656E-002   103.84136808779600        0.0000000000000000     
   3.1239999301731585E-002   101.87711475096351        0.0000000000000000     
   3.1279999300837517E-002   99.931123029655950        0.0000000000000000     
   3.1319999299943446E-002   98.003534967693753        0.0000000000000000     
   3.1359999299049375E-002   96.094484104121577        0.0000000000000000     
   3.1399999298155304E-002   94.204095219752716        0.0000000000000000     
   3.1439999297261240E-002   92.332484115227103        0.0000000000000000     
   3.1479999296367168E-002   90.479757421163640        0.0000000000000000     
   3.1519999295473097E-002   88.646012440795801        0.0000000000000000     
   3.1559999294579026E-002   86.831337025324686        0.0000000000000000     
   3.1599999293684955E-002   85.035809482033756        0.0000000000000000     
   3.1639999292790891E-002   83.259498515054602        0.0000000000000000     
   3.1679999291896820E-002   81.502463198506476        0.0000000000000000     
   3.1719999291002748E-002   79.764752981576152        0.0000000000000000     
   3.1759999290108677E-002   78.046407724956538        0.0000000000000000     
   3.1799999289214613E-002   76.347457767920645        0.0000000000000000     
   3.1839999288320542E-002   74.667924025171644        0.0000000000000000     
   3.1879999287426471E-002   73.007818112480308        0.0000000000000000     
   3.1919999286532399E-002   71.367142500011965        0.0000000000000000     
   3.1959999285638328E-002   69.745890692127460        0.0000000000000000     
   3.1999999284744264E-002   68.144047432344664        0.0000000000000000     
   3.2039999283850193E-002   66.561588932061454        0.0000000000000000     
   3.2079999282956122E-002   64.998483121548887        0.0000000000000000     
   3.2119999282062051E-002   63.454689921664098        0.0000000000000000     
   3.2159999281167986E-002   61.930161534656207        0.0000000000000000     
   3.2199999280273915E-002   60.424842752395008        0.0000000000000000     
   3.2239999279379844E-002   58.938671280296042        0.0000000000000000     
   3.2279999278485773E-002   57.471578075192227        0.0000000000000000     
   3.2319999277591702E-002   56.023487695360771        0.0000000000000000     
   3.2359999276697637E-002   54.594318660902147        0.0000000000000000     
   3.2399999275803566E-002   53.183983822656103        0.0000000000000000     
   3.2439999274909495E-002   51.792390737828249        0.0000000000000000     
   3.2479999274015424E-002   50.419442050515158        0.0000000000000000     
   3.2519999273121353E-002   49.065035875316525        0.0000000000000000     
   3.2559999272227289E-002   47.729066182244239        0.0000000000000000     
   3.2599999271333217E-002   46.411423181165972        0.0000000000000000     
   3.2639999270439146E-002   45.111993704042796        0.0000000000000000     
   3.2679999269545075E-002   43.830661583265048        0.0000000000000000     
   3.2719999268651011E-002   42.567308024431689        0.0000000000000000     
   3.2759999267756940E-002   41.321811971963058        0.0000000000000000     
   3.2799999266862868E-002   40.094050465994172        0.0000000000000000     
   3.2839999265968797E-002   38.883898989056291        0.0000000000000000     
   3.2879999265074726E-002   37.691231801117624        0.0000000000000000     
   3.2919999264180662E-002   36.515922261622528        0.0000000000000000     
   3.2959999263286591E-002   35.357843137248032        0.0000000000000000     
   3.2999999262392520E-002   34.216866894169947        0.0000000000000000     
   3.3039999261498448E-002   33.092865973721807        0.0000000000000000     
   3.3079999260604377E-002   31.985713050414684        0.0000000000000000     
   3.3119999259710313E-002   30.895281271378799        0.0000000000000000     
   3.3159999258816242E-002   29.821444476390010        0.0000000000000000     
   3.3199999257922171E-002   28.764077397737765        0.0000000000000000     
   3.3239999257028099E-002   27.723055839305456        0.0000000000000000     
   3.3279999256134035E-002   26.698256834335158        0.0000000000000000     
   3.3319999255239964E-002   25.689558781464346        0.0000000000000000     
   3.3359999254345893E-002   24.696841558734768        0.0000000000000000     
   3.3399999253451822E-002   23.719986615392873        0.0000000000000000     
   3.3439999252557751E-002   22.758877041417772        0.0000000000000000     
   3.3479999251663686E-002   21.813397614832638        0.0000000000000000     
   3.3519999250769615E-002   20.883434826981297        0.0000000000000000     
   3.3559999249875544E-002   19.968876886063832        0.0000000000000000     
   3.3599999248981473E-002   19.069613699359085        0.0000000000000000     
   3.3639999248087409E-002   18.185536834668632        0.0000000000000000     
   3.3679999247193337E-002   17.316539461647515        0.0000000000000000     
   3.3719999246299266E-002   16.462516273790602        0.0000000000000000     
   3.3759999245405195E-002   15.623363391967978        0.0000000000000000     
   3.3799999244511124E-002   14.798978250502000        0.0000000000000000     
   3.3839999243617060E-002   13.989259466886052        0.0000000000000000     
   3.3879999242722988E-002   13.194106696342377        0.0000000000000000     
   3.3919999241828917E-002   12.413420472505141        0.0000000000000000     
   3.3959999240934846E-002   11.647102035600938        0.0000000000000000     
   3.3999999240040775E-002   10.895053149571233        0.0000000000000000     
   3.4039999239146711E-002   10.157175909650340        0.0000000000000000     
   3.4079999238252640E-002   9.4333725419638270        0.0000000000000000     
   3.4119999237358568E-002   8.7235451967641211        0.0000000000000000     
   3.4159999236464497E-002   8.0275957369503228        0.0000000000000000     
   3.4199999235570433E-002   7.3454255235465791        0.0000000000000000     
   3.4239999234676362E-002   6.6769351998209761        0.0000000000000000     
   3.4279999233782291E-002   6.0220244757325734        0.0000000000000000     
   3.4319999232888219E-002   5.3805919143768621        0.0000000000000000     
   3.4359999231994148E-002   4.7525347220810241        0.0000000000000000     
   3.4399999231100084E-002   4.1377485437592378        0.0000000000000000     
   3.4439999230206013E-002   3.5361272650959017        0.0000000000000000     
   3.4479999229311942E-002   2.9475628230615452        0.0000000000000000     
   3.4519999228417871E-002   2.3719450261991515        0.0000000000000000     
   3.4559999227523799E-002   1.8091613860386748        0.0000000000000000     
   3.4599999226629735E-002   1.2590969609063729        0.0000000000000000     
   3.4639999225735664E-002  0.72163421330000321        0.0000000000000000     
   3.4679999224841593E-002  0.19665288189270161        0.0000000000000000     
   3.4719999223947522E-002 -0.31597013088023373        0.0000000000000000     
   3.4759999223053457E-002 -0.81636085481896947        0.0000000000000000     
   3.4799999222159386E-002  -1.3046483308280370        0.0000000000000000     
   3.4839999221265315E-002  -1.7809646720734058        0.0000000000000000     
   3.4879999220371244E-002  -2.2454451069658377        0.0000000000000000     
   3.4919999219477173E-002  -2.6982280036439725        0.0000000000000000     
   3.4959999218583108E-002  -3.1394548757564174        0.0000000000000000     
   3.4999999217689037E-002  -3.5692703694688395        0.0000000000000000     
   3.5039999216794966E-002  -3.9878222317498784        0.0000000000000000     
   3.5079999215900895E-002  -4.3952612601095593        0.0000000000000000     
   3.5119999215006824E-002  -4.7917412340786916        0.0000000000000000     
   3.5159999214112760E-002  -5.1774188288371779        0.0000000000000000     
   3.5199999213218688E-002  -5.5524535114954334        0.0000000000000000     
   3.5239999212324617E-002  -5.9170074206408039        0.0000000000000000     
   3.5279999211430546E-002  -6.2712452298471790        0.0000000000000000     
   3.5319999210536482E-002  -6.6153339959330246        0.0000000000000000     
   3.5359999209642411E-002  -6.9494429928272430        0.0000000000000000     
   3.5399999208748339E-002  -7.2737435319724320        0.0000000000000000     
   3.5439999207854268E-002  -7.5884087702517524        0.0000000000000000     
   3.5479999206960197E-002  -7.8936135064752486        0.0000000000000000     
   3.5519999206066133E-002  -8.1895339675103838        0.0000000000000000     
   3.5559999205172062E-002  -8.4763475851662999        0.0000000000000000     
   3.5599999204277991E-002  -8.7542327649739509        0.0000000000000000     
   3.5639999203383919E-002  -9.0233686480217106        0.0000000000000000     
   3.5679999202489855E-002  -9.2839348670135937        0.0000000000000000     
   3.5719999201595784E-002  -9.5361112977279081        0.0000000000000000     
   3.5759999200701713E-002  -9.7800778070480145        0.0000000000000000     
   3.5799999199807642E-002  -10.016013998730131        0.0000000000000000     
   3.5839999198913570E-002  -10.244098958064493        0.0000000000000000     
   3.5879999198019506E-002  -10.464510996566013        0.0000000000000000     
   3.5919999197125435E-002  -10.677427397811883        0.0000000000000000     
   3.5959999196231364E-002  -10.883024165520320        0.0000000000000000     
   3.5999999195337293E-002  -11.081475774937593        0.0000000000000000     
   3.6039999194443222E-002  -11.272954928575306        0.0000000000000000     
   3.6079999193549157E-002  -11.457632317304199        0.0000000000000000     
   3.6119999192655086E-002  -11.635676387787106        0.0000000000000000     
   3.6159999191761015E-002  -11.807253117197291        0.0000000000000000     
   3.6199999190866944E-002  -11.972525796137745        0.0000000000000000     
   3.6239999189972880E-002  -12.131654820643700        0.0000000000000000     
   3.6279999189078808E-002  -12.284797494122653        0.0000000000000000     
   3.6319999188184737E-002  -12.432107840046806        0.0000000000000000     
   3.6359999187290666E-002  -12.573736426187725        0.0000000000000000     
   3.6399999186396595E-002  -12.709830201146650        0.0000000000000000     
   3.6439999185502531E-002  -12.840532343902899        0.0000000000000000     
   3.6479999184608460E-002  -12.965982127072179        0.0000000000000000     
   3.6519999183714388E-002  -13.086314794529223        0.0000000000000000     
   3.6559999182820317E-002  -13.201661454019378        0.0000000000000000     
   3.6599999181926246E-002  -13.312148985345372        0.0000000000000000     
   3.6639999181032182E-002  -13.417899964678391        0.0000000000000000     
   3.6679999180138111E-002  -13.519032605504188        0.0000000000000000     
   3.6719999179244039E-002  -13.615660716668142        0.0000000000000000     
   3.6759999178349968E-002  -13.707893677939929        0.0000000000000000     
   3.6799999177455904E-002  -13.795836433467130        0.0000000000000000     
   3.6839999176561833E-002  -13.879589503426931        0.0000000000000000     
   3.6879999175667762E-002  -13.959249014129774        0.0000000000000000     
   3.6919999174773691E-002  -14.034906746760312        0.0000000000000000     
   3.6959999173879619E-002  -14.106650204860463        0.0000000000000000     
   3.6999999172985555E-002  -14.174562700593182        0.0000000000000000     
   3.7039999172091484E-002  -14.238723459723667        0.0000000000000000     
   3.7079999171197413E-002  -14.299207745172719        0.0000000000000000     
   3.7119999170303342E-002  -14.356086998887569        0.0000000000000000     
   3.7159999169409270E-002  -14.409429001673772        0.0000000000000000     
   3.7199999168515206E-002  -14.459298050513487        0.0000000000000000     
   3.7239999167621135E-002  -14.505755152777651        0.0000000000000000     
   3.7279999166727064E-002  -14.548858236613865        0.0000000000000000     
   3.7319999165832993E-002  -14.588662376661087        0.0000000000000000     
   3.7359999164938928E-002  -14.625220034115126        0.0000000000000000     
   3.7399999164044857E-002  -14.658581310025447        0.0000000000000000     
   3.7439999163150786E-002  -14.688794210581973        0.0000000000000000     
   3.7479999162256715E-002  -14.715904923009770        0.0000000000000000     
   3.7519999161362644E-002  -14.739958100562090        0.0000000000000000     
   3.7559999160468580E-002  -14.760997154986837        0.0000000000000000     
   3.7599999159574508E-002  -14.779064554716713        0.0000000000000000     
   3.7639999158680437E-002  -14.794202126935833        0.0000000000000000     
   3.7679999157786366E-002  -14.806451361581839        0.0000000000000000     
   3.7719999156892302E-002  -14.815853715261177        0.0000000000000000     
   3.7759999155998231E-002  -14.822450913000562        0.0000000000000000     
   3.7799999155104159E-002  -14.826285245708696        0.0000000000000000     
   3.7839999154210088E-002  -14.827399861201664        0.0000000000000000     
   3.7879999153316017E-002  -14.825839046648934        0.0000000000000000     
   3.7919999152421953E-002  -14.821648500312513        0.0000000000000000     
   3.7959999151527882E-002  -14.814875590500689        0.0000000000000000     
   3.7999999150633811E-002  -14.805569599730994        0.0000000000000000     
   3.8039999149739739E-002  -14.793781952187137        0.0000000000000000     
   3.8079999148845668E-002  -14.779566422673287        0.0000000000000000     
   3.8119999147951604E-002  -14.762979325416151        0.0000000000000000     
   3.8159999147057533E-002  -14.744079681217002        0.0000000000000000     
   3.8199999146163462E-002  -14.722929361652014        0.0000000000000000     
   3.8239999145269390E-002  -14.699593209208583        0.0000000000000000     
   3.8279999144375326E-002  -14.674139132465333        0.0000000000000000     
   3.8319999143481255E-002  -14.646638175651068        0.0000000000000000     
   3.8359999142587184E-002  -14.617164562154191        0.0000000000000000     
   3.8399999141693113E-002  -14.585795711790347        0.0000000000000000     
   3.8439999140799042E-002  -14.552612231890729        0.0000000000000000     
   3.8479999139904977E-002  -14.517697882501698        0.0000000000000000     
   3.8519999139010906E-002  -14.481139516235110        0.0000000000000000     
   3.8559999138116835E-002  -14.443026993524917        0.0000000000000000     
   3.8599999137222764E-002  -14.403453074270059        0.0000000000000000     
   3.8639999136328693E-002  -14.362513287036547        0.0000000000000000     
   3.8679999135434628E-002  -14.320305777177513        0.0000000000000000     
   3.8719999134540557E-002  -14.276931135387638        0.0000000000000000     
   3.8759999133646486E-002  -14.232492208349102        0.0000000000000000     
   3.8799999132752415E-002  -14.187093893239943        0.0000000000000000     
   3.8839999131858351E-002  -14.140842917962660        0.0000000000000000     
   3.8879999130964280E-002  -14.093847609017377        0.0000000000000000     
   3.8919999130070208E-002  -14.046217648979447        0.0000000000000000     
   3.8959999129176137E-002  -13.998063825551975        0.0000000000000000     
   3.8999999128282066E-002  -13.949497774154496        0.0000000000000000     
   3.9039999127388002E-002  -13.900631715967995        0.0000000000000000     
   3.9079999126493931E-002  -13.851578193301464        0.0000000000000000     
   3.9119999125599859E-002  -13.802449804064137        0.0000000000000000     
   3.9159999124705788E-002  -13.753358937032447        0.0000000000000000     
   3.9199999123811724E-002  -13.704417509486273        0.0000000000000000     
   3.9239999122917653E-002  -13.655736708665060        0.0000000000000000     
   3.9279999122023582E-002  -13.607426738355317        0.0000000000000000     
   3.9319999121129511E-002  -13.559596571778348        0.0000000000000000     
   3.9359999120235439E-002  -13.512353711793706        0.0000000000000000     
   3.9399999119341375E-002  -13.465803959281200        0.0000000000000000     
   3.9439999118447304E-002  -13.420051190408893        0.0000000000000000     
   3.9479999117553233E-002  -13.375197143338104        0.0000000000000000     
   3.9519999116659162E-002  -13.331341214770037        0.0000000000000000     
   3.9559999115765090E-002  -13.288580266587342        0.0000000000000000     
   3.9599999114871026E-002  -13.247008442707164        0.0000000000000000     
   3.9639999113976955E-002  -13.206716996132544        0.0000000000000000     
   3.9679999113082884E-002  -13.167794126062260        0.0000000000000000     
   3.9719999112188813E-002  -13.130324824810897        0.0000000000000000     
   3.9759999111294748E-002  -13.094390734188481        0.0000000000000000     
   3.9799999110400677E-002  -13.060070010898173        0.0000000000000000     
   3.9839999109506606E-002  -13.027437200434816        0.0000000000000000     
   3.9879999108612535E-002  -12.996563118900356        0.0000000000000000     
   3.9919999107718464E-002  -12.967514742097675        0.0000000000000000     
   3.9959999106824400E-002  -12.940355101226327        0.0000000000000000     
   3.9999999105930328E-002  -12.915143184471408        0.0000000000000000     
