   0.0000000000000000        17.993107894995266        0.0000000000000000     
   3.9999999105930327E-005   18.031929570947668        1.2566350293207649     
   7.9999998211860654E-005   18.100352389341307        2.5132576561604241     
   1.1999999731779099E-004   18.198450606447413        3.7698554781602800     
   1.5999999642372131E-004   18.326279307608111        5.0264160932064472     
   1.9999999552965163E-004   18.483873954827946        6.2829270995522588     
   2.3999999463558198E-004   18.671249981916851        7.5393760959406695     
   2.7999999374151227E-004   18.888402439979640        8.7957506817266378     
   3.1999999284744262E-004   19.135305695867746        10.052038456999538     
   3.5999999195337296E-004   19.411913186009144        11.308227022705516     
   3.9999999105930326E-004   19.718157227811538        12.564303980769884     
   4.3999999016523361E-004   20.053948890586650        13.820256934219477     
   4.7999998927116395E-004   20.419177927681783        15.076073487305003     
   5.1999998837709430E-004   20.813712771216721        16.331741245623380     
   5.5999998748302454E-004   21.237400590526232        17.587247816240083     
   5.9999998658895489E-004   21.690067415089217        18.842580807811444     
   6.3999998569488523E-004   22.171518322396146        20.097727830706937     
   6.7999998480081558E-004   22.681537690864747        21.352676497131480     
   7.1999998390674593E-004   23.219889517563498        22.607414421247690     
   7.5999998301267617E-004   23.786317800149732        23.861929219298126     
   7.9999998211860652E-004   24.380546982064740        25.116208509727517     
   8.3999998122453686E-004   25.002282459677506        26.370239913304943     
   8.7999998033046721E-004   25.651211149702675        27.624011053246033     
   9.1999997943639756E-004   26.327002114877605        28.877509555335116     
   9.5999997854232791E-004   27.029307245534625        30.130723048047358     
   9.9999997764825825E-004   27.757761994376864        31.383639162670825     
   1.0399999767541886E-003   28.511986161449553        32.636245533428607     
   1.0799999758601187E-003   29.291584725998504        33.888529797600825     
   1.1199999749660491E-003   30.096148721629852        35.140479595646681     
   1.1599999740719794E-003   30.925256150922912        36.392082571326419     
   1.1999999731779098E-003   31.778472935417991        37.643326371823264     
   1.2399999722838401E-003   32.655353896688602        38.894198647865359     
   1.2799999713897705E-003   33.555443764028098        40.144687053847669     
   1.3199999704957008E-003   34.478278204128536        41.394779247953764     
   1.3599999696016312E-003   35.423384868001847        42.644462892277701     
   1.3999999687075615E-003   36.390284450307313        43.893725652945719     
   1.4399999678134919E-003   37.378491756181013        45.142555200238057     
   1.4799999669194222E-003   38.387516770633553        46.390939208710556     
   1.5199999660253523E-003   39.416865725584401        47.638865357316369     
   1.5599999651312827E-003   40.466042159624507        48.886321329527519     
   1.5999999642372130E-003   41.534547965663663        50.133294813456494     
   1.6399999633431434E-003   42.621884421702674        51.379773501977766     
   1.6799999624490737E-003   43.727553200085204        52.625745092849193     
   1.7199999615550041E-003   44.851057350723892        53.871197288833542     
   1.7599999606609344E-003   45.991902253960752        55.116117797819712     
   1.7999999597668648E-003   47.149596538903126        56.360494332944235     
   1.8399999588727951E-003   48.323652963287863        57.604314612712372     
   1.8799999579787255E-003   49.513589251145838        58.847566361119462     
   1.9199999570846558E-003   50.718928884780382        60.090237307771957     
   1.9599999561905859E-003   51.939201847826034        61.332315188008621     
   1.9999999552965165E-003   53.173945316420017        62.573787743021555     
   2.0399999544024466E-003   54.422704295791156        63.814642719977144     
   2.0799999535083772E-003   55.685032199853737        65.054867872137066     
   2.1199999526143073E-003   56.960491371682011        66.294450958979056     
   2.1599999517202375E-003   58.248653543026272        67.533379746317820     
   2.1999999508261680E-003   59.549100231329170        68.771642006425722     
   2.2399999499320982E-003   60.861423072989353        70.009225518153471     
   2.2799999490380287E-003   62.185224091908758        71.246118067050787     
   2.3199999481439589E-003   63.520115902648527        72.482307445486853     
   2.3599999472498894E-003   64.865721847803698        73.717781452770922     
   2.3999999463558195E-003   66.221676069478676        74.952527895272624     
   2.4399999454617501E-003   67.587623515027289        76.186534586542393     
   2.4799999445676802E-003   68.963219877479489        77.419789347431674     
   2.5199999436736108E-003   70.348131471341659        78.652280006213232     
   2.5599999427795409E-003   71.742035044708828        79.883994398701120     
   2.5999999418854711E-003   73.144617528874548        81.114920368370875     
   2.6399999409914016E-003   74.555575726864006        82.345045766479458     
   2.6799999400973318E-003   75.974615942548539        83.574358452185166     
   2.7199999392032623E-003   77.401453552230009        84.802846292667354     
   2.7599999383091925E-003   78.835812520804296        86.030497163246338     
   2.7999999374151230E-003   80.277424864830948        87.257298947502989     
   2.8399999365210532E-003   81.726030065051575        88.483239537398305     
   2.8799999356269837E-003   83.181374431108850        89.708306833392896     
   2.9199999347329138E-003   84.643210421426019        90.932488744566484     
   2.9599999338388444E-003   86.111295921411653        92.155773188737143     
   2.9999999329447745E-003   87.585393483362992        93.378148092580616     
   3.0399999320507047E-003   89.065269531638677        94.599601391749374     
   3.0799999311566352E-003   90.550693536880814        95.820121030991871     
   3.1199999302625654E-003   92.041437163265272        97.039694964271277     
   3.1599999293684959E-003   93.537273392965190        98.258311154884609     
   3.1999999284744261E-003   95.037975632213218        99.475957575581347     
   3.2399999275803566E-003   96.543316803552230        100.69262220868225     
   3.2799999266862868E-003   98.053068429064993        101.90829304619788     
   3.3199999257922173E-003   99.566999709571476        103.12295808994725     
   3.3599999248981475E-003   101.08487660498055        104.33660535167601     
   3.3999999240040780E-003   102.60646092117368        105.54922285317505     
   3.4399999231100081E-003   104.13150940898046        106.76079862639850     
   3.4799999222159383E-003   105.65977288098621        107.97132071358190     
   3.5199999213218688E-003   107.19099535207242        109.18077716736039     
   3.5599999204277990E-003   108.72491320974216        110.38915605088629     
   3.5999999195337295E-003   110.26125442041685        111.59644543794727     
   3.6399999186396597E-003   111.79973777799874        112.80263341308377     
   3.6799999177455902E-003   113.34007220108062        114.00770807170677     
   3.7199999168515204E-003   114.88195608524363        115.21165752021530     
   3.7599999159574509E-003   116.42507671690106        116.41446987611359     
   3.7999999150633811E-003   117.96910975513508        117.61613326812869     
   3.8399999141693116E-003   119.51371878791311        118.81663583632742     
   3.8799999132752418E-003   121.05855496896082        120.01596573223337     
   3.9199999123811719E-003   122.60325674141572        121.21411111894402     
   3.9599999114871024E-003   124.14744965416160        122.41106017124747     
   3.9999999105930330E-003   125.69074627647061        123.60680107573916     
   4.0399999096989627E-003   127.23274621623750        124.80132203093837     
   4.0799999088048933E-003   128.77303624667482        125.99461124740495     
   4.1199999079108238E-003   130.31119054585861        127.18665694785538     
   4.1599999070167544E-003   131.84677105295700        128.37744736727922     
   4.1999999061226841E-003   133.37932794434099        129.56697075305505     
   4.2399999052286147E-003   134.90840023207764        130.75521536506673     
   4.2799999043345452E-003   136.43351648651768        131.94216947581893     
   4.3199999034404749E-003   137.95419568385043        133.12782137055314     
   4.3599999025464055E-003   139.46994817857416        134.31215934736318     
   4.3999999016523361E-003   140.98027679985350        135.49517171731068     
   4.4399999007582666E-003   142.48467806969947        136.67684680454056     
   4.4799998998641963E-003   143.98264353982520        137.85717294639602     
   4.5199998989701269E-003   145.47366124290835        139.03613849353400     
   4.5599998980760574E-003   146.95721725283929        140.21373181003983     
   4.5999998971819880E-003   148.43279734737655        141.38994127354226     
   4.6399998962879177E-003   149.89988876545823        142.56475527532808     
   4.6799998953938483E-003   151.35798205026907        143.73816222045673     
   4.7199998944997788E-003   152.80657296803744        144.91015052787478     
   4.7599998936057085E-003   154.24516449145619        146.08070863053010     
   4.7999998927116391E-003   155.67326883560594        147.24982497548612     
   4.8399998918175697E-003   157.09040953331049        148.41748802403598     
   4.8799998909235002E-003   158.49612353601853        149.58368625181603     
   4.9199998900294299E-003   159.88996332555797        150.74840814892002     
   4.9599998891353605E-003   161.27149902150364        151.91164222001234     
   4.9999998882412910E-003   162.64032046842343        153.07337698444175     
   5.0399998873472216E-003   163.99603928693989        154.23360097635447     
   5.0799998864531513E-003   165.33829087238956        155.39230274480741     
   5.1199998855590819E-003   166.66673632485561        156.54947085388136     
   5.1599998846650124E-003   167.98106429453330        157.70509388279353     
   5.1999998837709421E-003   169.28099272674132        158.85916042601056     
   5.2399998828768727E-003   170.56627049141585        160.01165909336103     
   5.2799998819828033E-003   171.83667888262985        161.16257851014763     
   5.3199998810887338E-003   173.09203297454218        162.31190731725980     
   5.3599998801946635E-003   174.33218282121396        163.45963417128553     
   5.3999998793005941E-003   175.55701448889053        164.60574774462350     
   5.4399998784065247E-003   176.76645091065333        165.75023672559493     
   5.4799998775124552E-003   177.96045255476591        166.89308981855490     
   5.5199998766183849E-003   179.13901789954201        168.03429574400403     
   5.5599998757243155E-003   180.30218370916324        169.17384323870016     
   5.5999998748302460E-003   181.45002510650787        170.31172105576883     
   5.6399998739361757E-003   182.58265544073600        171.44791796481474     
   5.6799998730421063E-003   183.70022594906007        172.58242275203250     
   5.7199998721480369E-003   184.80292521380366        173.71522422031722     
   5.7599998712539674E-003   185.89097841749754        174.84631118937517     
   5.7999998703598971E-003   186.96464640034552        175.97567249583392     
   5.8399998694658277E-003   188.02422452591000        177.10329699335276     
   5.8799998685717583E-003   189.07004136229000        178.22917355273248     
   5.9199998676776888E-003   190.10245718738503        179.35329106202533     
   5.9599998667836185E-003   191.12186232803845        180.47563842664476     
   5.9999998658895491E-003   192.12867534392350        181.59620456947474     
   6.0399998649954796E-003   193.12334106797337        182.71497843097922     
   6.0799998641014093E-003   194.10632851595045        183.83194896931124     
   6.1199998632073399E-003   195.07812867839812        184.94710516042196     
   6.1599998623132705E-003   196.03925220872662        186.06043599816925     
   6.1999998614192010E-003   196.99022702155176        187.17193049442673     
   6.2399998605251307E-003   197.93159581563077        188.28157767919177     
   6.2799998596310613E-003   198.86391353584810        189.38936660069402     
   6.3199998587369919E-003   199.78774478867632        190.49528632550349     
   6.3599998578429224E-003   200.70366122541714        191.59932593863834     
   6.3999998569488521E-003   201.61223890729417        192.70147454367270     
   6.4399998560547827E-003   202.51405566615728        193.80172126284424     
   6.4799998551607133E-003   203.40968847417224        194.90005523716135     
   6.5199998542666429E-003   204.29971083542091        195.99646562651054     
   6.5599998533725735E-003   205.18469021183918        197.09094160976332     
   6.5999998524785041E-003   206.06518549539189        198.18347238488298     
   6.6399998515844346E-003   206.94174453782566        199.27404716903126     
   6.6799998506903643E-003   207.81490174877547        200.36265519867470     
   6.7199998497962949E-003   208.68517577242531        201.44928572969096     
   6.7599998489022255E-003   209.55306725236326        202.53392803747477     
   6.7999998480081560E-003   210.41905669371189        203.61657141704384     
   6.8399998471140857E-003   211.28360243108514        204.69720518314452     
   6.8799998462200163E-003   212.14713871040740        205.77581867035724     
   6.9199998453259469E-003   213.01007389214627        206.85240123320165     
   6.9599998444318766E-003   213.87278878304321        207.92694224624196     
   6.9999998435378071E-003   214.73563510300025        208.99943110419167     
   7.0399998426437377E-003   215.59893409336070        210.06985722201802     
   7.0799998417496682E-003   216.46297527243286        211.13821003504682     
   7.1199998408555979E-003   217.32801534373166        212.20447899906651     
   7.1599998399615285E-003   218.19427726204518        213.26865359043236     
   7.1999998390674591E-003   219.06194946206855        214.33072330617026     
   7.2399998381733896E-003   219.93118525398404        215.39067766408010     
   7.2799998372793193E-003   220.80210238998143        216.44850620283984     
   7.3199998363852499E-003   221.67478280531489        217.50419848210822     
   7.3599998354911805E-003   222.54927253705964        218.55774408262815     
   7.3999998345971102E-003   223.42558182326047        219.60913260632930     
   7.4399998337030407E-003   224.30368538464967        220.65835367643075     
   7.4799998328089713E-003   225.18352289054118        221.70539693754358     
   7.5199998319149019E-003   226.06499960986613        222.75025205577296     
   7.5599998310208315E-003   226.94798724762725        223.79290871882009     
   7.5999998301267621E-003   227.83232496626192        224.83335663608409     
   7.6399998292326927E-003   228.71782059056457        225.87158553876355     
   7.6799998283386232E-003   229.60425199388843        226.90758517995766     
   7.7199998274445529E-003   230.49136866234565        227.94134533476770     
   7.7599998265504835E-003   231.37889343264590        228.97285580039775     
   7.7999998256564141E-003   232.26652439807430        230.00210639625536     
   7.8399998247623438E-003   233.15393697589604        231.02908696405211     
   7.8799998238682743E-003   234.04078612822022        232.05378736790382     
   7.9199998229742049E-003   234.92670872705511        233.07619749443066     
   7.9599998220801355E-003   235.81132605295952        234.09630725285689     
   7.9999998211860660E-003   236.69424641536057        235.11410657511038     
   8.0399998202919966E-003   237.57506788127765        236.12958541592229     
   8.0799998193979254E-003   238.45338109789569        237.14273375292581     
   8.1199998185038560E-003   239.32877219317271        238.15354158675527     
   8.1599998176097865E-003   240.20082573748962        239.16199894114496     
   8.1999998167157171E-003   241.06912774826264        240.16809586302736     
   8.2399998158216477E-003   241.93326871846054        241.17182242263144     
   8.2799998149275782E-003   242.79284664914485        242.17316871358071     
   8.3199998140335088E-003   243.64747006546341        243.17212485299103     
   8.3599998131394376E-003   244.49676099504509        244.16868098156800     
   8.3999998122453682E-003   245.34035788743188        245.16282726370454     
   8.4399998113512988E-003   246.17791845310427        246.15455388757752     
   8.4799998104572293E-003   247.00912240078489        247.14385106524506     
   8.5199998095631599E-003   247.83367405207434        248.13070903274280     
   8.5599998086690905E-003   248.65130481307449        249.11511805018048     
   8.5999998077750210E-003   249.46177548349073        250.09706840183807     
   8.6399998068809498E-003   250.26487838477732        251.07655039626135     
   8.6799998059868804E-003   251.06043929018310        252.05355436635810     
   8.7199998050928110E-003   251.84831914106084        253.02807066949291     
   8.7599998041987415E-003   252.62841553550547        254.00008968758277     
   8.7999998033046721E-003   253.40066397726204        254.96960182719189     
   8.8399998024106027E-003   254.16503887486681        255.93659751962633     
   8.8799998015165332E-003   254.92155428313794        256.90106722102843     
   8.9199998006224638E-003   255.67026438137472        257.86300141247114     
   8.9599997997283926E-003   256.41126368492650        258.82239060005168     
   8.9999997988343232E-003   257.14468698913225        259.77922531498569     
   9.0399997979402538E-003   257.87070904696373        260.73349611370031     
   9.0799997970461843E-003   258.58954398400579        261.68519357792746     
   9.1199997961521149E-003   259.30144445663473        262.63430831479673     
   9.1599997952580454E-003   260.00670056139887        263.58083095692854     
   9.1999997943639760E-003   260.70563850561024        264.52475216252583     
   9.2399997934699048E-003   261.39861905102703        265.46606261546691     
   9.2799997925758354E-003   262.08603574419556        266.40475302539727     
   9.3199997916817660E-003   262.76831294852673        267.34081412782081     
   9.3599997907876965E-003   263.44590369449151        268.27423668419192     
   9.3999997898936271E-003   264.11928736540614        269.20501148200628     
   9.4399997889995577E-003   264.78896723715678        270.13312933489192     
   9.4799997881054882E-003   265.45546789087450        271.05858108269979     
   9.5199997872114171E-003   266.11933251799866        271.98135759159425     
   9.5599997863173476E-003   266.78112013741088        272.90144975414313     
   9.5999997854232782E-003   267.44140274433528        273.81884848940791     
   9.6399997845292087E-003   268.10076241054287        274.73354474303284     
   9.6799997836351393E-003   268.75978835505657        275.64552948733467     
   9.7199997827410699E-003   269.41907400405120        276.55479372139155     
   9.7599997818470004E-003   270.07921405800448        277.46132847113228     
   9.7999997809529310E-003   270.74080158338683        278.36512478942421     
   9.8399997800588598E-003   271.40442514531298        279.26617375616212     
   9.8799997791647904E-003   272.07066599662215        280.16446647835596     
   9.9199997782707210E-003   272.74009533784294        281.05999409021877     
   9.9599997773766515E-003   273.41327166142759        281.95274775325402     
   9.9999997764825821E-003   274.09073819255957        282.84271865634298     
   1.0039999775588513E-002   274.77302043772494        283.72989801583174     
   1.0079999774694443E-002   275.46062385114044        284.61427707561757     
   1.0119999773800372E-002   276.15403162804949        285.49584710723570     
   1.0159999772906303E-002   276.85370263282488        286.37459940994546     
   1.0199999772012233E-002   277.56006946880791        287.25052531081582     
   1.0239999771118164E-002   278.27353669581839        288.12361616481132     
   1.0279999770224094E-002   278.99447920034493        288.99386335487725     
   1.0319999769330025E-002   279.72324072253764        289.86125829202467     
   1.0359999768435955E-002   280.46013254330268        290.72579241541519     
   1.0399999767541884E-002   281.20543233401838        291.58745719244564     
   1.0439999766647815E-002   281.95938317067356        292.44624411883211     
   1.0479999765753745E-002   282.72219271355567        293.30214471869380     
   1.0519999764859676E-002   283.49403255300012        294.15515054463685     
   1.0559999763965607E-002   284.27503772111316        295.00525317783763     
   1.0599999763071537E-002   285.06530636885589        295.85244422812605     
   1.0639999762177468E-002   285.86489960734980        296.69671533406785     
   1.0679999761283396E-002   286.67384151178754        297.53805816304759     
   1.0719999760389327E-002   287.49211928586180        298.37646441135087     
   1.0759999759495258E-002   288.31968358417441        299.21192580424594     
   1.0799999758601188E-002   289.15644898965189        300.04443409606563     
   1.0839999757707119E-002   290.00229464254784        300.87398107028889     
   1.0879999756813049E-002   290.85706501718516        301.70055853962151     
   1.0919999755918980E-002   291.72057084214021        302.52415834607700     
   1.0959999755024910E-002   292.59259015913301        303.34477236105744     
   1.0999999754130839E-002   293.47286951542446        304.16239248543320     
   1.1039999753236770E-002   294.36112528405920        304.97701064962342     
   1.1079999752342700E-002   295.25704510581630        305.78861881367521     
   1.1119999751448631E-002   296.16028944624804        306.59720896734319     
   1.1159999750554562E-002   297.07049326069205        307.40277313016861     
   1.1199999749660492E-002   297.98726775965105        308.20530335155786     
   1.1239999748766423E-002   298.91020226644162        309.00479171086124     
   1.1279999747872351E-002   299.83886615851776        309.80123031745097     
   1.1319999746978282E-002   300.77281088340783        310.59461131079911     
   1.1359999746084213E-002   301.71157203972683        311.38492686055514     
   1.1399999745190143E-002   302.65467151330841        312.17216916662323     
   1.1439999744296074E-002   303.60161965807367        312.95633045923915     
   1.1479999743402004E-002   304.55191751090450        313.73740299904711     
   1.1519999742507935E-002   305.50505902945525        314.51537907717602     
   1.1559999741613864E-002   306.46053334157386        315.29025101531568     
   1.1599999740719794E-002   307.41782699479967        316.06201116579251     
   1.1639999739825725E-002   308.37642619426094        316.83065191164485     
   1.1679999738931655E-002   309.33581901723193        317.59616566669854     
   1.1719999738037586E-002   310.29549759262682        318.35854487564143     
   1.1759999737143517E-002   311.25496023380379        319.11778201409800     
   1.1799999736249447E-002   312.21371351323756        319.87386958870394     
   1.1839999735355378E-002   313.17127426789637        320.62680013717954     
   1.1879999734461306E-002   314.12717152452785        321.37656622840399     
   1.1919999733567237E-002   315.08094833450895        322.12316046248827     
   1.1959999732673168E-002   316.03216350846401        322.86657547084820     
   1.1999999731779098E-002   316.98039324149221        323.60680391627733     
   1.2039999730885029E-002   317.92523262054493        324.34383849301952     
   1.2079999729990959E-002   318.86629700629732        325.07767192684042     
   1.2119999729096890E-002   319.80322328270177        325.80829697510001     
   1.2159999728202819E-002   320.73567096833801        326.53570642682365     
   1.2199999727308749E-002   321.66332318464060        327.25989310277328     
   1.2239999726414680E-002   322.58588747709410        327.98084985551839     
   1.2279999725520610E-002   323.50309648653024        328.69856956950650     
   1.2319999724626541E-002   324.41470846872312        329.41304516113343     
   1.2359999723732472E-002   325.32050766154953        330.12426957881303     
   1.2399999722838402E-002   326.22030450004763        330.83223580304713     
   1.2439999721944331E-002   327.11393568076465        331.53693684649454     
   1.2479999721050261E-002   328.00126407780982        332.23836575404005     
   1.2519999720156192E-002   328.88217851402192        332.93651560286304     
   1.2559999719262123E-002   329.75659339161189        333.63137950250609     
   1.2599999718368053E-002   330.62444818752647        334.32295059494265     
   1.2639999717473984E-002   331.48570681961519        335.01122205464486     
   1.2679999716579914E-002   332.34035689043145        335.69618708865090     
   1.2719999715685845E-002   333.18840881619781        336.37783893663197     
   1.2759999714791774E-002   334.02989484904566        337.05617087095914     
   1.2799999713897704E-002   334.86486800116830        337.73117619676975     
   1.2839999713003635E-002   335.69340087995693        338.40284825203344     
   1.2879999712109565E-002   336.51558444351969        339.07118040761776     
   1.2919999711215496E-002   337.33152668623791        339.73616606735379     
   1.2959999710321427E-002   338.14135126418836        340.39779866810113     
   1.2999999709427357E-002   338.94519607032174        341.05607167981276     
   1.3039999708533286E-002   339.74321176929720        341.71097860559951     
   1.3079999707639216E-002   340.53556030178714        342.36251298179405     
   1.3119999706745147E-002   341.32241336791117        343.01066837801466     
   1.3159999705851078E-002   342.10395089923503        343.65543839722909     
   1.3199999704957008E-002   342.88035952848446        344.29681667581696     
   1.3239999704062939E-002   343.65183106579190        344.93479688363340     
   1.3279999703168869E-002   344.41856098988529        345.56937272407106     
   1.3319999702274798E-002   345.18074696221453        346.20053793412200     
   1.3359999701380729E-002   345.93858737153056        346.82828628444020     
   1.3399999700486659E-002   346.69227991593647        347.45261157940246     
   1.3439999699592590E-002   347.44202022890875        348.07350765716996     
   1.3479999698698520E-002   348.18800055525003        348.69096838974860     
   1.3519999697804451E-002   348.93040848237644        349.30498768304994     
   1.3559999696910381E-002   349.66942573180506        349.91555947695110     
   1.3599999696016312E-002   350.40522701513152        350.52267774535466     
   1.3639999695122241E-002   351.13797895824905        351.12633649624809     
   1.3679999694228171E-002   351.86783909702007        351.72652977176278     
   1.3719999693334102E-002   352.59495494706692        352.32325164823322     
   1.3759999692440033E-002   353.31946314985015        352.91649623625506     
   1.3799999691545963E-002   354.04148869669302        353.50625768074326     
   1.3839999690651894E-002   354.76114423194156        354.09253016099024     
   1.3879999689757824E-002   355.47852943598849        354.67530789072310     
   1.3919999688863753E-002   356.19373048846882        355.25458511816026     
   1.3959999687969684E-002   356.90681961151284        355.83035612606938     
   1.3999999687075614E-002   357.61785469257671        356.40261523182261     
   1.4039999686181545E-002   358.32687898600557        356.97135678745326     
   1.4079999685287475E-002   359.03392089215089        357.53657517971146     
   1.4119999684393406E-002   359.73899381257377        358.09826483011966     
   1.4159999683499336E-002   360.44209607956390        358.65642019502741     
   1.4199999682605265E-002   361.14321095796731        359.21103576566622     
   1.4239999681711196E-002   361.84230671707587        359.76210606820410     
   1.4279999680817126E-002   362.53933677011275        360.30962566379930     
   1.4319999679923057E-002   363.23423987868216        360.85358914865418     
   1.4359999679028988E-002   363.92694041936056        361.39399115406849     
   1.4399999678134918E-002   364.61734870947765        361.93082634649215     
   1.4439999677240849E-002   365.30536138899595        362.46408942757841     
   1.4479999676346779E-002   365.99086185529268        362.99377513423559     
   1.4519999675452708E-002   366.67372074755434        363.51987823867933     
   1.4559999674558639E-002   367.35379647740973        364.04239354848403     
   1.4599999673664569E-002   368.03093580238084        364.56131590663438     
   1.4639999672770500E-002   368.70497443865963        365.07664019157579     
   1.4679999671876430E-002   369.37573770970886        365.58836131726537     
   1.4719999670982361E-002   370.04304122714467        366.09647423322195     
   1.4759999670088291E-002   370.70669160035914        366.60097392457590     
   1.4799999669194220E-002   371.36648717134528        367.10185541211860     
   1.4839999668300151E-002   372.02221877119018        367.59911375235174     
   1.4879999667406081E-002   372.67367049473643        368.09274403753608     
   1.4919999666512012E-002   373.32062048995044        368.58274139573950     
   1.4959999665617943E-002   373.96284175856175        369.06910099088589     
   1.4999999664723873E-002   374.60010296461888        369.55181802280197     
   1.5039999663829804E-002   375.23216924765131        370.03088772726522     
   1.5079999662935733E-002   375.85880303720768        370.50630537605088     
   1.5119999662041663E-002   376.47976486562590        370.97806627697838     
   1.5159999661147594E-002   377.09481417597385        371.44616577395789     
   1.5199999660253524E-002   377.70371012220591        371.91059924703603     
   1.5239999659359455E-002   378.30621235867989        372.37136211244172     
   1.5279999658465385E-002   378.90208181630169        372.82844982263128     
   1.5319999657571316E-002   379.49108146267855        373.28185786633321     
   1.5359999656677246E-002   380.07297704379454        373.73158176859289     
   1.5399999655783175E-002   380.64753780485597        374.17761709081674     
   1.5439999654889106E-002   381.21453718809499        374.61995943081610     
   1.5479999653995036E-002   381.77375350546561        375.05860442285018     
   1.5519999653100967E-002   382.32497058431267        375.49354773766993     
   1.5559999652206898E-002   382.86797838426548        375.92478508256011     
   1.5599999651312828E-002   383.40257358373771        376.35231220138201     
   1.5639999650418759E-002   383.92856013460903        376.77612487461533     
   1.5679999649524688E-002   384.44574978380712        377.19621891939988     
   1.5719999648630620E-002   384.95396256067988        377.61259018957685     
   1.5759999647736549E-002   385.45302722921519        378.02523457572948     
   1.5799999646842477E-002   385.94278170433569        378.43414800522413     
   1.5839999645948410E-002   386.42307343165083        378.83932644225024     
   1.5879999645054339E-002   386.89375973023124        379.24076588785988     
   1.5919999644160271E-002   387.35470809810892        379.63846238000758     
   1.5959999643266200E-002   387.80579648039645        380.03241199358928     
   1.5999999642372132E-002   388.24691350004269        380.42261084048118     
   1.6039999641478061E-002   388.67795865141767        380.80905506957788     
   1.6079999640583993E-002   389.09884245705916        381.19174086683080     
   1.6119999639689922E-002   389.50948658804469        381.57066445528523     
   1.6159999638795851E-002   389.90982394860680        381.94582209511816     
   1.6199999637901783E-002   390.29979872571818        382.31721008367504     
   1.6239999637007712E-002   390.67936640450159        382.68482475550616     
   1.6279999636113644E-002   391.04849375044074        383.04866248240279     
   1.6319999635219573E-002   391.40715875945392        383.40871967343327     
   1.6359999634325505E-002   391.75535057700591        383.76499277497840     
   1.6399999633431434E-002   392.09306938750734        384.11747827076618     
   1.6439999632537363E-002   392.42032627534286        384.46617268190698     
   1.6479999631643295E-002   392.73714305891809        384.81107256692746     
   1.6519999630749224E-002   393.04355209919623        385.15217452180485     
   1.6559999629855156E-002   393.33959608423277        385.48947518000045     
   1.6599999628961085E-002   393.62532779125655        385.82297121249258     
   1.6639999628067018E-002   393.90080982788459        386.15265932780994     
   1.6679999627172946E-002   394.16611435407441        386.47853627206382     
   1.6719999626278875E-002   394.42132278643612        386.80059882898001     
   1.6759999625384808E-002   394.66652548652337        387.11884381993116     
   1.6799999624490736E-002   394.90182143473260        387.43326810396724     
   1.6839999623596669E-002   395.12731789141117        387.74386857784754     
   1.6879999622702598E-002   395.34313004677534        388.05064217607048     
   1.6919999621808530E-002   395.54938066119979        388.35358587090440     
   1.6959999620914459E-002   395.74619969740968        388.65269667241711     
   1.6999999620020387E-002   395.93372394607655        388.94797162850563     
   1.7039999619126320E-002   396.11209664626494        389.23940782492519     
   1.7079999618232249E-002   396.28146710212991        389.52700238531799     
   1.7119999617338181E-002   396.44199029721875        389.81075247124170     
   1.7159999616444110E-002   396.59382650765821        390.09065528219742     
   1.7199999615550042E-002   396.73714091546736        390.36670805565711     
   1.7239999614655971E-002   396.87210322314212        390.63890806709134     
   1.7279999613761900E-002   396.99888727062427        390.90725262999564     
   1.7319999612867832E-002   397.11767065567085        391.17173909591742     
   1.7359999611973761E-002   397.22863435858653        391.43236485448193     
   1.7399999611079693E-002   397.33196237219846        391.68912733341790     
   1.7439999610185622E-002   397.42784133788786        391.94202399858324     
   1.7479999609291554E-002   397.51646018842251        392.19105235398979     
   1.7519999608397483E-002   397.59800979824917        392.43620994182817     
   1.7559999607503412E-002   397.67268264185174        392.67749434249174     
   1.7599999606609344E-002   397.74067246069779        392.91490317460079     
   1.7639999605715273E-002   397.80217393922811        393.14843409502578     
   1.7679999604821205E-002   397.85738239029149        393.37808479891083     
   1.7719999603927134E-002   397.90649345033609        393.60385301969598     
   1.7759999603033066E-002   397.94970278463660        393.82573652913993     
   1.7799999602138995E-002   397.98720580274761        394.04373313734180     
   1.7839999601244928E-002   398.01919738434322        394.25784069276312     
   1.7879999600350856E-002   398.04587161552575        394.46805708224855     
   1.7919999599456785E-002   398.06742153565057        394.67438023104711     
   1.7959999598562718E-002   398.08403889466223        394.87680810283251     
   1.7999999597668646E-002   398.09591392088896        395.07533869972320     
   1.8039999596774579E-002   398.10323509920823        395.26997006230238     
   1.8079999595880508E-002   398.10618895945328        395.46070026963679     
   1.8119999594986440E-002   398.10495987489782        395.64752743929625     
   1.8159999594092369E-002   398.09972987063270        395.83044972737190     
   1.8199999593198297E-002   398.09067844160796        396.00946532849457     
   1.8239999592304230E-002   398.07798238010446        396.18457247585246     
   1.8279999591410159E-002   398.06181561237133        396.35576944120851     
   1.8319999590516091E-002   398.04234904415171        396.52305453491778     
   1.8359999589622020E-002   398.01975041480512        396.68642610594384     
   1.8399999588727952E-002   397.99418415973031        396.84588254187508     
   1.8439999587833881E-002   397.96581128077719        397.00142226894081     
   1.8479999586939810E-002   397.93478922433741        397.15304375202669     
   1.8519999586045742E-002   397.90127176680988        397.30074549468969     
   1.8559999585151671E-002   397.86540890712405        397.44452603917330     
   1.8599999584257603E-002   397.82734676602252        397.58438396642134     
   1.8639999583363532E-002   397.78722749180622        397.72031789609258     
   1.8679999582469464E-002   397.74518917225572        397.85232648657399     
   1.8719999581575393E-002   397.70136575245175        397.98040843499382     
   1.8759999580681322E-002   397.65588695823971        398.10456247723505     
   1.8799999579787254E-002   397.60887822508653        398.22478738794723     
   1.8839999578893183E-002   397.56046063210835        398.34108198055895     
   1.8879999577999115E-002   397.51075084105707        398.45344510728967     
   1.8919999577105044E-002   397.45986104007613        398.56187565916031     
   1.8959999576210976E-002   397.40789889206280        398.66637256600529     
   1.8999999575316905E-002   397.35496748748506        398.76693479648219     
   1.9039999574422834E-002   397.30116530153714        398.86356135808228     
   1.9079999573528766E-002   397.24658615552505        398.95625129714045     
   1.9119999572634695E-002   397.19131918241789        399.04500369884431     
   1.9159999571740628E-002   397.13544879650431        399.12981768724347     
   1.9199999570846556E-002   397.07905466712623        399.21069242525806     
   1.9239999569952489E-002   397.02221169648828        399.28762711468698     
   1.9279999569058417E-002   396.96499000155927        399.36062099621591     
   1.9319999568164346E-002   396.90745490010477        399.42967334942460     
   1.9359999567270279E-002   396.84966690091466        399.49478349279428     
   1.9399999566376207E-002   396.79168169830683        399.55595078371397     
   1.9439999565482140E-002   396.73355017100891        399.61317461848716     
   1.9479999564588069E-002   396.67531838554174        399.66645443233784     
   1.9519999563694001E-002   396.61702760423810        399.71578969941555     
   1.9559999562799930E-002   396.55871429804893        399.76117993280116     
   1.9599999561905862E-002   396.50041016430902        399.80262468451133     
   1.9639999561011791E-002   396.44214214963068        399.84012354550316     
   1.9679999560117720E-002   396.38393247812292        399.87367614567796     
   1.9719999559223652E-002   396.32579868512107        399.90328215388507     
   1.9759999558329581E-002   396.26775365663570        399.92894127792511     
   1.9799999557435513E-002   396.20980567471901        399.95065326455295     
   1.9839999556541442E-002   396.15195846895188        399.96841789948002     
   1.9879999555647374E-002   396.09421127425793        399.98223500737646     
   1.9919999554753303E-002   396.03655889523850        399.99210445187299     
   1.9959999553859232E-002   395.97899177721706        399.99802613556227     
   1.9999999552965164E-002   395.92149608417901        399.99999999999960     
   2.0039999552071093E-002   395.86405378377032        399.99802602570378     
   2.0079999551177025E-002   395.80664273950458        399.99210423215703     
   2.0119999550282954E-002   395.74923681032641        399.98223467780520     
   2.0159999549388886E-002   395.69180595762771        399.96841746005674     
   2.0199999548494815E-002   395.63431635982062        399.95065271528205     
   2.0239999547600744E-002   395.57673053452623        399.92894061881191     
   2.0279999546706676E-002   395.51900746841898        399.90328138493612     
   2.0319999545812605E-002   395.46110275472773        399.87367526690082     
   2.0359999544918538E-002   395.40296873837138        399.84012255690658     
   2.0399999544024466E-002   395.34455466865995        399.80262358610497     
   2.0439999543130399E-002   395.28580685946719        399.76117872459588     
   2.0479999542236327E-002   395.22666885672379        399.71578838142329     
   2.0519999541342256E-002   395.16708161306161        399.66645300457162     
   2.0559999540448189E-002   395.10698366937117        399.61317308096113     
   2.0599999539554117E-002   395.04631134301309        399.55594913644313     
   2.0639999538660050E-002   394.98499892235935        399.49478173579502     
   2.0679999537765979E-002   394.92297886730631        399.42967148271424     
   2.0719999536871911E-002   394.86018201534773        399.36061901981287     
   2.0759999535977840E-002   394.79653779275321        399.28762502861076     
   2.0799999535083769E-002   394.73197443033632        399.21069022952929     
   2.0839999534189701E-002   394.66641918327042        399.12981538188382     
   2.0879999533295630E-002   394.59979855434108        399.04500128387650     
   2.0919999532401562E-002   394.53203851998717        398.95624877258831     
   2.0959999531507491E-002   394.46306475844108        398.86355872397075     
   2.0999999530613423E-002   394.39280287921724        398.76693205283715     
   2.1039999529719352E-002   394.32117865317900        398.66636971285396     
   2.1079999528825281E-002   394.24811824234911        398.56187269653083     
   2.1119999527931213E-002   394.17354842860846        398.45344203521120     
   2.1159999527037142E-002   394.09739684038090        398.34107879906196     
   2.1199999526143074E-002   394.01959217637074        398.22478409706298     
   2.1239999525249003E-002   393.94006442540189        398.10455907699605     
   2.1279999524354935E-002   393.85874508135737        397.98040492543367     
   2.1319999523460864E-002   393.77556735222356        397.85232286772725     
   2.1359999522566793E-002   393.69046636219997        397.72031416799513     
   2.1399999521672725E-002   393.60337934585084        397.58438012910983     
   2.1439999520778654E-002   393.51424583323239        397.44452209268559     
   2.1479999519884586E-002   393.42300782495698        397.30074143906484     
   2.1519999518990515E-002   393.32960995614093        397.15303958730465     
   2.1559999518096448E-002   393.23399964819174        397.00141799516274     
   2.1599999517202376E-002   393.13612724741080        396.84587815908310     
   2.1639999516308309E-002   393.03594614939368        396.68642161418120     
   2.1679999515414237E-002   392.93341290825299        396.52304993422882     
   2.1719999514520166E-002   392.82848732969933        396.35576473163871     
   2.1759999513626099E-002   392.72113254706954        396.18456765744821     
   2.1799999512732027E-002   392.61131507942486        396.00946040130356     
   2.1839999511837960E-002   392.49900487089428        395.83044469144261     
   2.1879999510943889E-002   392.38417531049271        395.64752229467837     
   2.1919999510049821E-002   392.26680323170353        395.46069501638112     
   2.1959999509155750E-002   392.14686889118610        395.26996470046083     
   2.1999999508261679E-002   392.02435592603604        395.07533322934876     
   2.2039999507367611E-002   391.89925128910892        394.87680252397905     
   2.2079999506473540E-002   391.77154516200187        394.67437454376977     
   2.2119999505579472E-002   391.64123084536857        394.46805128660338     
   2.2159999504685401E-002   391.50830462635162        394.25783478880732     
   2.2199999503791333E-002   391.37276562300320        394.04372712513367     
   2.2239999502897262E-002   391.23461560566631        393.82573040873876     
   2.2279999502003191E-002   391.09385879541196        393.60384679116225     
   2.2319999501109123E-002   390.95050163971524        393.37807846230601     
   2.2359999500215052E-002   390.80455256568865        393.14842765041243     
   2.2399999499320984E-002   390.65602171128944        392.91489662204242     
   2.2439999498426913E-002   390.50492063505794        392.67748768205308     
   2.2479999497532845E-002   390.35126200503919        392.43620317357494     
   2.2519999496638774E-002   390.19505926769028        392.19104547798884     
   2.2559999495744703E-002   390.03632629768140        391.94201701490238     
   2.2599999494850635E-002   389.87507702962910        391.68912024212602     
   2.2639999493956564E-002   389.71132507293277        391.43235765564907     
   2.2679999493062496E-002   389.54508331099879        391.17173178961468     
   2.2719999492168425E-002   389.37636348627143        390.90724521629511     
   2.2759999491274358E-002   389.20517577260676        390.63890054606611     
   2.2799999490380286E-002   389.03152833665496        390.36670042738149     
   2.2839999489486215E-002   388.85542689002796        390.09064754674665     
   2.2879999488592147E-002   388.67687423414799        389.81074462869219     
   2.2919999487698076E-002   388.49586979980137        389.52699443574704     
   2.2959999486804009E-002   388.31240918349937        389.23939976841126     
   2.2999999485909937E-002   388.12648368289615        388.94796346512834     
   2.3039999485015870E-002   387.93807983357397        388.65268840225696     
   2.3079999484121799E-002   387.74717894963135        388.35357749404307     
   2.3119999483227727E-002   387.55375667057791        388.05063369259062     
   2.3159999482333660E-002   387.35778251713958        387.74385998783288     
   2.3199999481439589E-002   387.15921945863056        387.43325940750253     
   2.3239999480545521E-002   386.95802349463753        387.11883501710219     
   2.3279999479651450E-002   386.75414325380137        386.80058991987380     
   2.3319999478757382E-002   386.54751961253197        386.47852725676813     
   2.3359999477863311E-002   386.33808533653394        386.15265020641385     
   2.3399999476969243E-002   386.12576474803689        385.82296198508607     
   2.3439999476075172E-002   385.91047342164018        385.48946584667459     
   2.3479999475181101E-002   385.69211791167805        385.15216508265183     
   2.3519999474287033E-002   385.47059551399690        384.81106302204040     
   2.3559999473392962E-002   385.24579406499964        384.46616303138012     
   2.3599999472498894E-002   385.01759178077077        384.11746851469468     
   2.3639999471604823E-002   384.78585713902515        383.76498291345860     
   2.3679999470710755E-002   384.55044880653872        383.40870970656249     
   2.3719999469816684E-002   384.31121561462311        383.04865241027937     
   2.3759999468922613E-002   384.06799658507276        382.68481457822958     
   2.3799999468028545E-002   383.82062100888351        382.31719980134574     
   2.3839999467134474E-002   383.56890857985559        381.94581170783761     
   2.3879999466240406E-002   383.31266958502715        381.57065396315579     
   2.3919999465346335E-002   383.05170515366081        381.19173026995622     
   2.3959999464452267E-002   382.78580756627417        380.80904436806270     
   2.3999999463558196E-002   382.51476062494856        380.42260003443096     
   2.4039999462664125E-002   382.23834008587016        380.03240108311076     
   2.4079999461770057E-002   381.95631415474855        379.63845136520837     
   2.4119999460875986E-002   381.66844404544071        379.24075476884877     
   2.4159999459981919E-002   381.37448460174335        378.83931521913695     
   2.4199999459087847E-002   381.07418498195597        378.43413667811939     
   2.4239999458193780E-002   380.76728940542836        378.02522314474504     
   2.4279999457299709E-002   380.45353795988211        377.61257865482554     
   2.4319999456405637E-002   380.13266746788389        377.19620728099568     
   2.4359999455511570E-002   379.80441241039966        376.77611313267306     
   2.4399999454617499E-002   379.46850590490220        376.35230035601745     
   2.4439999453723431E-002   379.12468073505624        375.92477313389020     
   2.4479999452829360E-002   378.77267042851804        375.49353568581262     
   2.4519999451935292E-002   378.41221037893132        375.05859226792444     
   2.4559999451041221E-002   378.04303900773192        374.61994717294186     
   2.4599999450147150E-002   377.66489896089792        374.17760473011509     
   2.4639999449253082E-002   377.27753833535826        373.73156930518564     
   2.4679999448359011E-002   376.88071192930175        373.28184530034343     
   2.4719999447464943E-002   376.47418251024578        372.82843715418306     
   2.4759999446570872E-002   376.05772209431649        372.37134934166011     
   2.4799999445676804E-002   375.63111322983309        371.91058637404700     
   2.4839999444782733E-002   375.19415027797646        371.44615279888853     
   2.4879999443888662E-002   374.74664068302997        370.97805319995672     
   2.4919999442994594E-002   374.28840622444346        370.50629219720599     
   2.4959999442100523E-002   373.81928424279346        370.03087444672713     
   2.4999999441206455E-002   373.33912883157109        369.55180464070179     
   2.5039999440312384E-002   372.84781198666161        369.06908750735573     
   2.5079999439418316E-002   372.34522470536774        368.58272781091244     
   2.5119999438524245E-002   371.83127802687943        368.09273035154615     
   2.5159999437630177E-002   371.30590400621719        367.59909996533401     
   2.5199999436736106E-002   370.76905661386689        367.10184152420919     
   2.5239999435842035E-002   370.22071255357633        366.60095993591187     
   2.5279999434947967E-002   369.66087199112258        366.09646014394133     
   2.5319999434053896E-002   369.08955918724735        365.58834712750723     
   2.5359999433159829E-002   368.50682302842864        365.07662590148016     
   2.5399999432265757E-002   367.91273744968305        364.56130151634233     
   2.5439999431371690E-002   367.30740174417809        364.04237905813756     
   2.5479999430477619E-002   366.69094075509355        363.51986364842151     
   2.5519999429583547E-002   366.06350494584916        362.99376044421041     
   2.5559999428689480E-002   365.42527034557332        362.46407463793071     
   2.5599999427795408E-002   364.77643836747171        361.93081145736812     
   2.5639999426901341E-002   364.11723549854889        361.39397616561484     
   2.5679999426007270E-002   363.44791286000230        360.85357406101906     
   2.5719999425113202E-002   362.76874563843870        360.30961047713146     
   2.5759999424219131E-002   362.08003238894548        359.76209078265350     
   2.5799999423325060E-002   361.38209421189958        359.21102038138378     
   2.5839999422430992E-002   360.67527380625495        358.65640471216477     
   2.5879999421536921E-002   359.95993440290101        358.09824924882980     
   2.5919999420642853E-002   359.23645858247284        357.53655950014814     
   2.5959999419748782E-002   358.50524698280543        356.97134100977121     
   2.5999999418854714E-002   357.76671690194763        356.40259935617757     
   2.6039999417960643E-002   357.02130080335280        355.83034015261802     
   2.6079999417066572E-002   356.26944473052208        355.25456904706027     
   2.6119999416172504E-002   355.51160663894734        354.67529172213295     
   2.6159999415278433E-002   354.74825465374516        354.09251389506971     
   2.6199999414384365E-002   353.97986526183485        353.50624131765278     
   2.6239999413490294E-002   353.20692144790678        352.91647977615611     
   2.6279999412596226E-002   352.42991078377179        352.32323509128832     
   2.6319999411702155E-002   351.64932348092771        351.72651311813524     
   2.6359999410808084E-002   350.86565041639227        351.12631974610235     
   2.6399999409914016E-002   350.07938114195787        350.52266089885609     
   2.6439999409019945E-002   349.29100188710566        349.91554253426591     
   2.6479999408125877E-002   348.50099356579318        349.30497064434530     
   2.6519999407231806E-002   347.70982979728291        348.69095125519266     
   2.6559999406337739E-002   346.91797495104640        348.07349042693193     
   2.6599999405443667E-002   346.12588222561681        347.45259425365242     
   2.6639999404549596E-002   345.33399177102547        346.82826886334908     
   2.6679999403655529E-002   344.54272886420790        346.20052041786170     
   2.6719999402761457E-002   343.75250214644581        345.56935511281443     
   2.6759999401867390E-002   342.96370193156997        344.93477917755445     
   2.6799999400973318E-002   342.17669859328123        344.29679887509030     
   2.6839999400079251E-002   341.39184103953835        343.65542050203032     
   2.6879999399185180E-002   340.60945528154002        343.01065038852056     
   2.6919999398291108E-002   339.82984310438263        342.36249489818204     
   2.6959999397397041E-002   339.05328084601223        341.71096042804817     
   2.6999999396502970E-002   338.28001829061628        341.05605340850150     
   2.7039999395608902E-002   337.51027768210571        340.39778030321020     
   2.7079999394714831E-002   336.74425286284537        339.73614760906446     
   2.7119999393820763E-002   335.98210854227682        339.07116185611233     
   2.7159999392926692E-002   335.22397969956057        338.40282960749494     
   2.7199999392032624E-002   334.46997112383565        337.73115745938213     
   2.7239999391138553E-002   333.72015709516171        337.05615204090736     
   2.7279999390244482E-002   332.97458120865224        336.37782001410181     
   2.7319999389350414E-002   332.23325634376124        335.69616807382914     
   2.7359999388456343E-002   331.49616478010029        335.01120294771931     
   2.7399999387562275E-002   330.76325846058734        334.32293139610186     
   2.7439999386668204E-002   330.03445940212657        333.63136021193947     
   2.7479999385774136E-002   329.30966025338876        332.93649622076094     
   2.7519999384880065E-002   328.58872499864503        332.23834628059370     
   2.7559999383985994E-002   327.87148980593105        331.53691728189636     
   2.7599999383091926E-002   327.15776401715664        330.83221614749004     
   2.7639999382197855E-002   326.44733127707366        330.12424983249116     
   2.7679999381303787E-002   325.73995079729968        329.41302532424157     
   2.7719999380409716E-002   325.03535875087010        328.69854964224044     
   2.7759999379515649E-002   324.33326979202479        327.98082983807478     
   2.7799999378621577E-002   323.63337869519262        327.25987299534972     
   2.7839999377727506E-002   322.93536210634693        326.53568622961870     
   2.7879999376833439E-002   322.23888039913845        325.80827668831279     
   2.7919999375939367E-002   321.54357962742597        325.07765155067125     
   2.7959999375045300E-002   320.84909356506319        324.34381802766950     
   2.7999999374151228E-002   320.15504582303220        323.60678336194854     
   2.8039999373257161E-002   319.46105203329228        322.86655482774341     
   2.8079999372363090E-002   318.76672208800147        322.12313973081126     
   2.8119999371469018E-002   318.07166242210656        321.37654540835939     
   2.8159999370574951E-002   317.37547832669475        320.62677922897279     
   2.8199999369680880E-002   316.67777627994030        319.87384859254132     
   2.8239999368786812E-002   315.97816628201082        319.11776093018688     
   2.8279999367892741E-002   315.27626417989870        318.35852370418979     
   2.8319999366998673E-002   314.57169396783991        317.59614440791529     
   2.8359999366104602E-002   313.86409004878897        316.83063056574008     
   2.8399999365210531E-002   313.15309944231421        316.06198973297666     
   2.8439999364316463E-002   312.43838392432855        315.29022949580036     
   2.8479999363422392E-002   311.71962208420308        314.51535747117356     
   2.8519999362528324E-002   310.99651128510425        313.73738130677066     
   2.8559999361634253E-002   310.26876951381763        312.95630868090302     
   2.8599999360740185E-002   309.53613710686153        312.17214730244217     
   2.8639999359846114E-002   308.79837834038977        311.38490491074521     
   2.8679999358952043E-002   308.05528287219414        310.59458927557677     
   2.8719999358057975E-002   307.30666702506778        309.80120819703359     
   2.8759999357163904E-002   306.55237490185516        309.00476950546738     
   2.8799999356269836E-002   305.79227932368360        308.20528106140642     
   2.8839999355375765E-002   305.02628258416536        307.40275075547981     
   2.8879999354481697E-002   304.25431701370496        306.59718650833770     
   2.8919999353587626E-002   303.47634534949981        305.78859627057477     
   2.8959999352693559E-002   302.69236090831470        304.97698802265052     
   2.8999999351799487E-002   301.90238756063695        304.16236977481111     
   2.9039999350905416E-002   301.10647950639628        303.34474956701047     
   2.9079999350011349E-002   300.30472085397952        302.52413546882991     
   2.9119999349117277E-002   299.49722500582590        301.70053557940014     
   2.9159999348223210E-002   298.68413385539998        300.87395802731993     
   2.9199999347329138E-002   297.86561680181137        300.04441097057651     
   2.9239999346435071E-002   297.04186958972969        299.21190259646477     
   2.9279999345541000E-002   296.21311298356773        298.37644112150679     
   2.9319999344646928E-002   295.37959128611141        297.53803479137048     
   2.9359999343752861E-002   294.54157071287216        296.69669188078831     
   2.9399999342858790E-002   293.69933763442026        295.85242069347561     
   2.9439999341964722E-002   292.85319669979623        295.00522956204856     
   2.9479999341070651E-002   292.00346885480968        294.15512684794220     
   2.9519999340176583E-002   291.15048926958912        293.30212094132736     
   2.9559999339282512E-002   290.29460519018039        292.44622026102866     
   2.9599999338388441E-002   289.43617372924683        291.58743325444078     
   2.9639999337494373E-002   288.57555961107022        290.72576839744505     
   2.9679999336600302E-002   287.71313288603676        289.86123419432624     
   2.9719999335706234E-002   286.84926662965091        288.99383917768830     
   2.9759999334812163E-002   285.98433464086696        288.12359190837066     
   2.9799999333918095E-002   285.11870915413073        287.25050097536274     
   2.9839999333024024E-002   284.25275857905666        286.37457499572031     
   2.9879999332129953E-002   283.38684528107547        285.49582261447915     
   2.9919999331235885E-002   282.52132341573025        284.61425250457148     
   2.9959999330341814E-002   281.65653682856743        283.72987336673867     
   2.9999999329447746E-002   280.79281703178521        282.84269392944623     
   3.0039999328553675E-002   279.93048126795799        281.95272294879754     
   3.0079999327659607E-002   279.06983067030006        281.05996920844746     
   3.0119999326765536E-002   278.21114852803419        280.16444151951532     
   3.0159999325871465E-002   277.35469866453388        279.26614872049856     
   3.0199999324977397E-002   276.50072393500352        278.36509967718473     
   3.0239999324083326E-002   275.64944484956504        277.46130328256481     
   3.0279999323189258E-002   274.80105832674150        276.55476845674468     
   3.0319999322295187E-002   273.95573658146384        275.64550414685766     
   3.0359999321401120E-002   273.11362615089752        274.73351932697574     
   3.0399999320507048E-002   272.27484706058334        273.81882299802191     
   3.0439999319612977E-002   271.43949213261823        272.90142418767959     
   3.0479999318718910E-002   270.60762643687093        271.98133195030545     
   3.0519999317824838E-002   269.77928688554010        271.05855536683885     
   3.0559999316930771E-002   268.95448197069447        270.13310354471247     
   3.0599999316036700E-002   268.13319164383137        269.20498561776321     
   3.0639999315142632E-002   267.31536733589945        268.27421074614023     
   3.0679999314248561E-002   266.50093211568628        267.34078811621669     
   3.0719999313354493E-002   265.68978098395877        266.40472694049720     
   3.0759999312460422E-002   264.88178130025443        265.46603645752856     
   3.0799999311566351E-002   264.07677333876961        264.52472593180738     
   3.0839999310672283E-002   263.27457096934933        263.58080465368863     
   3.0879999309778212E-002   262.47496245917199        262.63428193929519     
   3.0919999308884144E-002   261.67771139033073        261.68516713042447     
   3.0959999307990073E-002   260.88255768812729        260.73346959445701     
   3.0999999307096005E-002   260.08921875453490        259.77919872426378     
   3.1039999306201934E-002   259.29739070092717        258.82236393811360     
   3.1079999305307863E-002   258.50674967383407        257.86297467957996     
   3.1119999304413795E-002   257.71695326715133        256.90104041744809     
   3.1159999303519724E-002   256.92764201390338        255.93657064562132     
   3.1199999302625656E-002   256.13844095035779        254.96957488302749     
   3.1239999301731585E-002   255.34896124498383        254.00006267352487     
   3.1279999300837517E-002   254.55880188446187        253.02804358580815     
   3.1319999299943446E-002   253.76755140868559        252.05352721331363     
   3.1359999299049375E-002   252.97478968644009        251.07652317412547     
   3.1399999298155304E-002   252.18008972322201        250.09704111087925     
   3.1439999297261240E-002   251.38301949244607        249.11509069066801     
   3.1479999296367168E-002   250.58314378112723        248.13068160494689     
   3.1519999295473097E-002   249.78002604097438        247.14382356943619     
   3.1559999294579026E-002   248.97323023573225        246.15452632402736     
   3.1599999293684955E-002   248.16232267555097        245.16279963268497     
   3.1639999292790891E-002   247.34687382914623        244.16865328335166     
   3.1679999291896820E-002   246.52646010454811        243.17209708785143     
   3.1719999291002748E-002   245.70066558933422        242.17314088179168     
   3.1759999290108677E-002   244.86908374138309        241.17179452446788     
   3.1799999289214613E-002   244.03131902140152        240.16806789876441     
   3.1839999288320542E-002   243.18698845874147        239.16197091105875     
   3.1879999287426471E-002   242.33572314236136        238.15351349112242     
   3.1919999286532399E-002   241.47716962918420        237.14270559202356     
   3.1959999285638328E-002   240.61099126256511        236.12955719002881     
   3.1999999284744264E-002   239.73686939409924        235.11407828450393     
   3.2039999283850193E-002   238.85450450259475        234.09627889781683     
   3.2079999282956122E-002   237.96361720465427        233.07616907523686     
   3.2119999282062051E-002   237.06394915202060        232.05375888483678     
   3.2159999281167986E-002   236.15526381155681        231.02905841739278     
   3.2199999280273915E-002   235.23734712452267        230.00207778628575     
   3.2239999279379844E-002   234.31000804260782        228.97282712740014     
   3.2279999278485773E-002   233.37307893902741        227.94131659902504     
   3.2319999277591702E-002   232.42641589382845        226.90755638175352     
   3.2359999276697637E-002   231.46989885342447        225.87155667838203     
   3.2399999275803566E-002   230.50343166523950        224.83332771381041     
   3.2439999274909495E-002   229.52694198918780        223.79287973493948     
   3.2479999274015424E-002   228.54038108856483        222.75022301057149     
   3.2519999273121353E-002   227.54372350372543        221.70536783130791     
   3.2559999272227289E-002   226.53696661270516        220.65832450944799     
   3.2599999271333217E-002   225.52013008367325        219.60910337888748     
   3.2639999270439146E-002   224.49325522478748        218.55771479501590     
   3.2679999269545075E-002   223.45640423764939        217.50416913461444     
   3.2719999268651011E-002   222.40965938111933        216.44847679575398     
   3.2759999267756940E-002   221.35312205274565        215.39064819769257     
   3.2799999266862868E-002   220.28691179548844        214.33069378077190     
   3.2839999265968797E-002   219.21116523776780        213.26862400631478     
   3.2879999265074726E-002   218.12603497513311        212.20444935652134     
   3.2919999264180662E-002   217.03168840205058        211.13818033436669     
   3.2959999263286591E-002   215.92830650242567        210.06982746349615     
   3.2999999262392520E-002   214.81608260750230        208.99940128812173     
   3.3039999261498448E-002   213.69522112977151        207.92691237291848     
   3.3079999260604377E-002   212.56593628139660        206.85237130291904     
   3.3119999259710313E-002   211.42845078549826        205.77578868341101     
   3.3159999258816242E-002   210.28299458841346        204.69717513983076     
   3.3199999257922171E-002   209.12980358073278        203.61654131765903     
   3.3239999257028099E-002   207.96911833459401        202.53389788231607     
   3.3279999256134035E-002   206.80118286430439        201.44925551905573     
   3.3319999255239964E-002   205.62624341693754        200.36262493286111     
   3.3359999254345893E-002   204.44454729908031        199.27401684833833     
   3.3399999253451822E-002   203.25634174542000        198.18344200960982     
   3.3439999252557751E-002   202.06187283433522        197.09091118020987     
   3.3479999251663686E-002   200.86138445513598        195.99643514297679     
   3.3519999250769615E-002   199.65511733105106        194.90002469994818     
   3.3559999249875544E-002   198.44330810152394        193.80169067225336     
   3.3599999248981473E-002   197.22618846683855        192.70144390000587     
   3.3639999248087409E-002   196.00398439756421        191.59929524219783     
   3.3679999247193337E-002   194.77691541078704        190.49525557659257     
   3.3719999246299266E-002   193.54519391458916        189.38933579961585     
   3.3759999245405195E-002   192.30902462175948        188.28154682625066     
   3.3799999244511124E-002   191.06860403324592        187.17189958992705     
   3.3839999243617060E-002   189.82411999142676        186.06040504241588     
   3.3879999242722988E-002   188.57575130286958        184.94707415372051     
   3.3919999241828917E-002   187.32366742985224        183.83191791196779     
   3.3959999240934846E-002   186.06802824958004        182.71494732330027     
   3.3999999240040775E-002   184.80898387970041        181.59617341176750     
   3.4039999239146711E-002   183.54667456842438        180.47560721921639     
   3.4079999238252640E-002   182.28123064730349        179.35325980518400     
   3.4119999237358568E-002   181.01277254447595        178.22914224678667     
   3.4159999236464497E-002   179.74141085598956        177.10326563861148     
   3.4199999235570433E-002   178.46724647263719        175.97564109260645     
   3.4239999234676362E-002   177.19037075958798        174.84627973797174     
   3.4279999233782291E-002   175.91086578597418        173.71519272104817     
   3.4319999232888219E-002   174.62880460150075        172.58239120520861     
   3.4359999231994148E-002   173.34425155705705        171.44788637074743     
   3.4399999231100084E-002   172.05726266626817        170.31168941476972     
   3.4439999230206013E-002   170.76788600488035        169.17381155108191     
   3.4479999229311942E-002   169.47616214485683        168.03426401007920     
   3.4519999228417871E-002   168.18212462006647        166.89305803863658     
   3.4559999227523799E-002   166.88580042045692        165.75020489999693     
   3.4599999226629735E-002   165.58721051162681        164.60571587365976     
   3.4639999225735664E-002   164.28637037676336        163.45960225527082     
   3.4679999224841593E-002   162.98329057794544        162.31187535650901     
   3.4719999223947522E-002   161.67797733388244        161.16254650497623     
   3.4759999223053457E-002   160.37043311122457        160.01162704408469     
   3.4799999222159386E-002   159.06065722664280        158.85912833294583     
   3.4839999221265315E-002   157.74864645697056        157.70506174625723     
   3.4879999220371244E-002   156.43439565477377        156.54943867419033     
   3.4919999219477173E-002   155.11789836680683        155.39227052227966     
   3.4959999218583108E-002   153.79914745290088        154.23356871130761     
   3.4999999217689037E-002   152.47813570293258        153.07334467719446     
   3.5039999216794966E-002   151.15485644960449        151.91160987088347     
   3.5079999215900895E-002   149.82930417488035        150.74837575822880     
   3.5119999215006824E-002   148.50147510800971        149.58365381988219     
   3.5159999214112760E-002   147.17136781317384        148.41745555117939     
   3.5199999213218688E-002   145.83898376489870        147.24979246202767     
   3.5239999212324617E-002   144.50432790946320        146.08067607679044     
   3.5279999211430546E-002   143.16740921064968        144.91011793417525     
   3.5319999210536482E-002   141.82824117827562        143.73812958711889     
   3.5359999209642411E-002   140.48684237805003        142.56472260267412     
   3.5399999208748339E-002   139.14323692139666        141.38990856189483     
   3.5439999207854268E-002   137.79745493399224        140.21369905972162     
   3.5479999206960197E-002   136.44953300186657        139.03610570486822     
   3.5519999206066133E-002   135.09951459400727        137.85714011970614     
   3.5559999205172062E-002   133.74745046052016        136.67681394015068     
   3.5599999204277991E-002   132.39339900548924        135.49513881554540     
   3.5639999203383919E-002   131.03742663378227        134.31212640854702     
   3.5679999202489855E-002   129.67960807114557        133.12778839501104     
   3.5719999201595784E-002   128.32002665702836        131.94213646387649     
   3.5759999200701713E-002   126.95877460967267        130.75518231704976     
   3.5799999199807642E-002   125.59595326310334        129.56693766928996     
   3.5839999198913570E-002   124.23167327574453        128.37741424809226     
   3.5879999198019506E-002   122.86605481047953        127.18662379357333     
   3.5919999197125435E-002   121.49922768607105        125.99457805835516     
   3.5959999196231364E-002   120.13133149993367        124.80128880744843     
   3.5999999195337293E-002   118.76251572235616        123.60676781813712     
   3.6039999194443222E-002   117.39293976234069        122.41102687986141     
   3.6079999193549157E-002   116.02277300531985        121.21407779410234     
   3.6119999192655086E-002   114.65219482309121        120.01593237426513     
   3.6159999191761015E-002   113.28139455637938        118.81660244556187     
   3.6199999190866944E-002   111.91057147052669        117.61609984489556     
   3.6239999189972880E-002   110.53993468486794        116.41443642074223     
   3.6279999189078808E-002   109.16970307642846        115.21162403303637     
   3.6319999188184737E-002   107.80010515863708        114.00767455305052     
   3.6359999187290666E-002   106.43137893581937        112.80259986328130     
   3.6399999186396595E-002   105.06377173428449        111.59641185732954     
   3.6439999185502531E-002   103.69754001087691        110.38912243978459     
   3.6479999184608460E-002   102.33294913991452        109.18074352610674     
   3.6519999183714388E-002   100.97027317947409        107.97128704250802     
   3.6559999182820317E-002   99.609794618035750        106.76076492583699     
   3.6599999181926246E-002   98.251804102524176        105.54918912345840     
   3.6639999181032182E-002   96.896600148821875        104.33657159313697     
   3.6679999180138111E-002   95.544488835855461        103.12292430291932     
   3.6719999179244039E-002   94.195783484378694        101.90825923101418     
   3.6759999178349968E-002   92.850804321595092        100.69258836567687     
   3.6799999177455904E-002   91.509878132774588        99.475923705087951     
   3.6839999176561833E-002   90.173337901032710        98.258277257237665     
   3.6879999175667762E-002   88.841522436438353        97.039661039805353     
   3.6919999174773691E-002   87.514775995626181        95.820087080041745     
   3.6959999173879619E-002   86.193447893080460        94.599567414650352     
   3.6999999172985555E-002   84.877892105251874        93.378114089667648     
   3.7039999172091484E-002   83.568466868663322        92.155739160346045     
   3.7079999171197413E-002   82.265534273135202        90.932454691033072     
   3.7119999170303342E-002   80.969459851258932        89.708272755053272     
   3.7159999169409270E-002   79.680612165214711        88.483205434588967     
   3.7199999168515206E-002   78.399362392013003        87.257264820560195     
   3.7239999167621135E-002   77.126083908214326        86.030463012507070     
   3.7279999166727064E-002   75.861151875146746        84.802812118468651     
   3.7319999165832993E-002   74.604942825623013        83.574324254864337     
   3.7359999164938928E-002   73.357834253113737        82.345011546373854     
   3.7399999164044857E-002   72.120204204313666        81.114886125818543     
   3.7439999163150786E-002   70.892430875987031        79.883960134039853     
   3.7479999162256715E-002   69.674892216960060        78.652245719781220     
   3.7519999161362644E-002   68.467965536076889        77.419755039567335     
   3.7559999160468580E-002   67.272027116904241        76.186500257584115     
   3.7599999159574508E-002   66.087451839933792        74.952493545559420     
   3.7639999158680437E-002   64.914612812983663        73.717747082641978     
   3.7679999157786366E-002   63.753881010472846        72.482273055281212     
   3.7719999156892302E-002   62.605624922194536        71.246083657107690     
   3.7759999155998231E-002   61.470210212180298        70.009191088812713     
   3.7799999155104159E-002   60.347999388200179        68.771607558027100     
   3.7839999154210088E-002   59.239351482419920        67.533345279201512     
   3.7879999153316017E-002   58.144621743681370        66.294416473484858     
   3.7919999152421953E-002   57.064161341843544        65.054833368605529     
   3.7959999151527882E-002   55.998317084585125        63.814608198748822     
   3.7999999150633811E-002   54.947431147023600        62.573753204437132     
   3.8039999149739739E-002   53.911840814479994        61.332280632409173     
   3.8079999148845668E-002   52.891878238673542        60.090202735498167     
   3.8119999147951604E-002   51.887870207600294        58.847531772512731     
   3.8159999147057533E-002   50.900137929312841        57.604280008114081     
   3.8199999146163462E-002   49.928996829781489        56.360459712695899     
   3.8239999145269390E-002   48.974756364987527        55.116083162263209     
   3.8279999144375326E-002   48.037719847362247        53.871162638310345     
   3.8319999143481255E-002   47.118184286654866        52.625710427701321     
   3.8359999142587184E-002   46.216440245273930        51.379738822547672     
   3.8399999141693113E-002   45.332771708123701        50.133260120086284     
   3.8439999140799042E-002   44.467455966917569        48.886286622559773     
   3.8479999139904977E-002   43.620763518919134        47.638830637093285     
   3.8519999139010906E-002   42.792957980035112        46.390904475574807     
   3.8559999138116835E-002   41.984296012147460        45.142520454532800     
   3.8599999137222764E-002   41.195027264542809        43.893690895013698     
   3.8639999136328693E-002   40.425394329270070        42.644428122461960     
   3.8679999135434628E-002   39.675632710217172        41.394744466597480     
   3.8719999134540557E-002   38.945970805678563        40.144652261293928     
   3.8759999133646486E-002   38.236629904143022        38.894163844457914     
   3.8799999132752415E-002   37.547824193011962        37.643291557905421     
   3.8839999131858351E-002   36.879760779917447        36.392047747241620     
   3.8879999130964280E-002   36.232639726287772        35.140444761738792     
   3.8919999130070208E-002   35.606654092769801        33.888494954213641     
   3.8959999129176137E-002   35.001989996095510        32.636210680906011     
   3.8999999128282066E-002   34.418826676943524        31.383604301356989     
   3.9039999127388002E-002   33.857336578319170        30.130688178285993     
   3.9079999126493931E-002   33.317685433948299        28.877474677470548     
   3.9119999125599859E-002   32.800032366146851        27.623976167622487     
   3.9159999124705788E-002   32.304529992603157        26.370205020266731     
   3.9199999123811724E-002   31.831324541478505        25.116173609618837     
   3.9239999122917653E-002   31.380555974204579        23.861894312463789     
   3.9279999122023582E-002   30.952358115324653        22.607379508032029     
   3.9319999121129511E-002   30.546858788705102        21.352641577879076     
   3.9359999120235439E-002   30.164179959409118        20.097692905762429     
   3.9399999119341375E-002   29.804437880502466        18.842545877519353     
   3.9439999118447304E-002   29.467743244034644        17.587212880945515     
   3.9479999117553233E-002   29.154201335412900        16.331706305670945     
   3.9519999116659162E-002   28.863912190363749        15.076038543039546     
   3.9559999115765090E-002   28.596970753652375        13.820221985985889     
   3.9599999114871026E-002   28.353467038708779        12.564269028912911     
   3.9639999113976955E-002   28.133486287287276        11.308192067570474     
   3.9679999113082884E-002   27.937109128267483        10.052003498931240     
   3.9719999112188813E-002   27.764411734685051        8.7957157210701098     
   3.9759999111294748E-002   27.615465978063256        7.5393411330407760     
   3.9799999110400677E-002   27.490339579099800        6.2828921347544293     
   3.9839999109506606E-002   27.389096253750967        5.0263811268555898     
   3.9879999108612535E-002   27.311795853739245        3.7698205106013218     
   3.9919999107718464E-002   27.258494500502692        2.5132226877386592     
   3.9959999106824400E-002   27.229244711591530        1.2566000603813168     
   3.9999999105930328E-002   27.224095518515522       -3.4969112001489900E-005
