   0.0000000000000000        11.162492499740990        0.0000000000000000     
   3.9999999105930327E-005   11.212667015252284        1.2566350293207649     
   7.9999998211860654E-005   11.317686240648381        2.5132576561604241     
   1.1999999731779099E-004   11.477501136274718        3.7698554781602800     
   1.5999999642372131E-004   11.691954467380464        5.0264160932064472     
   1.9999999552965163E-004   11.960781573776229        6.2829270995522588     
   2.3999999463558198E-004   12.283611663938704        7.5393760959406695     
   2.7999999374151227E-004   12.659969618999384        8.7957506817266378     
   3.1999999284744262E-004   13.089278287592766        10.052038456999538     
   3.5999999195337296E-004   13.570861248395339        11.308227022705516     
   3.9999999105930326E-004   14.103946013408562        12.564303980769884     
   4.3999999016523361E-004   14.687667641674748        13.820256934219477     
   4.7999998927116395E-004   15.321072730209764        15.076073487305003     
   5.1999998837709430E-004   16.003123746509321        16.331741245623380     
   5.5999998748302454E-004   16.732703665070332        17.587247816240083     
   5.9999998658895489E-004   17.508620868958939        18.842580807811444     
   6.3999998569488523E-004   18.329614276567803        20.097727830706937     
   6.7999998480081558E-004   19.194358653315188        21.352676497131480     
   7.1999998390674593E-004   20.101470068138287        22.607414421247690     
   7.5999998301267617E-004   21.049511455196203        23.861929219298126     
   7.9999998211860652E-004   22.036998242179656        25.116208509727517     
   8.3999998122453686E-004   23.062404008016372        26.370239913304943     
   8.7999998033046721E-004   24.124166134475484        27.624011053246033     
   9.1999997943639756E-004   25.220691418216585        28.877509555335116     
   9.5999997854232791E-004   26.350361612106582        30.130723048047358     
   9.9999997764825825E-004   27.511538867117387        31.383639162670825     
   1.0399999767541886E-003   28.702571048762774        32.636245533428607     
   1.0799999758601187E-003   29.921796904781480        33.888529797600825     
   1.1199999749660491E-003   31.167551063586711        35.140479595646681     
   1.1599999740719794E-003   32.438168845825032        36.392082571326419     
   1.1999999731779098E-003   33.731990874193663        37.643326371823264     
   1.2399999722838401E-003   35.047367469402552        38.894198647865359     
   1.2799999713897705E-003   36.382662822814723        40.144687053847669     
   1.3199999704957008E-003   37.736258938820775        41.394779247953764     
   1.3599999696016312E-003   39.106559342375519        42.644462892277701     
   1.3999999687075615E-003   40.491992549337631        43.893725652945719     
   1.4399999678134919E-003   41.891015299273398        45.142555200238057     
   1.4799999669194222E-003   43.302115552221252        46.390939208710556     
   1.5199999660253523E-003   44.723815252545279        47.638865357316369     
   1.5599999651312827E-003   46.154672864433003        48.886321329527519     
   1.5999999642372130E-003   47.593285684820188        50.133294813456494     
   1.6399999633431434E-003   49.038291940549946        51.379773501977766     
   1.6799999624490737E-003   50.488372677404996        52.625745092849193     
   1.7199999615550041E-003   51.942253449297091        53.871197288833542     
   1.7599999606609344E-003   53.398705816371205        55.116117797819712     
   1.7999999597668648E-003   54.856548661082265        56.360494332944235     
   1.8399999588727951E-003   56.314649331465809        57.604314612712372     
   1.8799999579787255E-003   57.771924620836288        58.847566361119462     
   1.9199999570846558E-003   59.227341593046937        60.090237307771957     
   1.9599999561905859E-003   60.679918262230942        61.332315188008621     
   1.9999999552965165E-003   62.128724135642940        62.573787743021555     
   2.0399999544024466E-003   63.572880627831886        63.814642719977144     
   2.0799999535083772E-003   65.011561353933899        65.054867872137066     
   2.1199999526143073E-003   66.443992309374693        66.294450958979056     
   2.1599999517202375E-003   67.869451942732852        67.533379746317820     
   2.1999999508261680E-003   69.287271127961731        68.771642006425722     
   2.2399999499320982E-003   70.696833041588732        70.009225518153471     
   2.2799999490380287E-003   72.097572949934701        71.246118067050787     
   2.3199999481439589E-003   73.488977910825923        72.482307445486853     
   2.3599999472498894E-003   74.870586393716991        73.717781452770922     
   2.3999999463558195E-003   76.241987821603189        74.952527895272624     
   2.4399999454617501E-003   77.602822037604454        76.186534586542393     
   2.4799999445676802E-003   78.952778698623391        77.419789347431674     
   2.5199999436736108E-003   80.291596598055477        78.652280006213232     
   2.5599999427795409E-003   81.619062919134009        79.883994398701120     
   2.5999999418854711E-003   82.935012420152475        81.114920368370875     
   2.6399999409914016E-003   84.239326552507848        82.345045766479458     
   2.6799999400973318E-003   85.531932512258635        83.574358452185166     
   2.7199999392032623E-003   86.812802225693261        84.802846292667354     
   2.7599999383091925E-003   88.081951269252343        86.030497163246338     
   2.7999999374151230E-003   89.339437724040906        87.257298947502989     
   2.8399999365210532E-003   90.585360965115029        88.483239537398305     
   2.8799999356269837E-003   91.819860385709518        89.708306833392896     
   2.9199999347329138E-003   93.043114056606754        90.932488744566484     
   2.9599999338388444E-003   94.255337320912361        92.155773188737143     
   2.9999999329447745E-003   95.456781324619641        93.378148092580616     
   3.0399999320507047E-003   96.647731483477585        94.599601391749374     
   3.0799999311566352E-003   97.828505886863255        95.820121030991871     
   3.1199999302625654E-003   98.999453639555497        97.039694964271277     
   3.1599999293684959E-003   100.16095314254430        98.258311154884609     
   3.1999999284744261E-003   101.31341031426243        99.475957575581347     
   3.2399999275803566E-003   102.45725675390342        100.69262220868225     
   3.2799999266862868E-003   103.59294784878472        101.90829304619788     
   3.3199999257922173E-003   104.72096082802364        103.12295808994725     
   3.3599999248981475E-003   105.84179276512015        104.33660535167601     
   3.3999999240040780E-003   106.95595853237593        105.54922285317505     
   3.4399999231100081E-003   108.06398871042109        106.76079862639850     
   3.4799999222159383E-003   109.16642745647495        107.97132071358190     
   3.5199999213218688E-003   110.26383033532484        109.18077716736039     
   3.5599999204277990E-003   111.35676211736465        110.38915605088629     
   3.5999999195337295E-003   112.44579454840553        111.59644543794727     
   3.6399999186396597E-003   113.53150409632607        112.80263341308377     
   3.6799999177455902E-003   114.61446967999895        114.00770807170677     
   3.7199999168515204E-003   115.69527038628880        115.21165752021530     
   3.7599999159574509E-003   116.77448318126814        116.41446987611359     
   3.7999999150633811E-003   117.85268062214956        117.61613326812869     
   3.8399999141693116E-003   118.93042857676816        118.81663583632742     
   3.8799999132752418E-003   120.00828395777729        120.01596573223337     
   3.9199999123811719E-003   121.08679247903142        121.21411111894402     
   3.9599999114871024E-003   122.16648644192716        122.41106017124747     
   3.9999999105930330E-003   123.24788255974464        123.60680107573916     
   4.0399999096989627E-003   124.33147982828788        124.80132203093837     
   4.0799999088048933E-003   125.41775745133837        125.99461124740495     
   4.1199999079108238E-003   126.50717282963012        127.18665694785538     
   4.1599999070167544E-003   127.60015962220839        128.37744736727922     
   4.1999999061226841E-003   128.69712588913956        129.56697075305505     
   4.2399999052286147E-003   129.79845232461557        130.75521536506673     
   4.2799999043345452E-003   130.90449058949866        131.94216947581893     
   4.3199999034404749E-003   132.01556175231812        133.12782137055314     
   4.3599999025464055E-003   133.13195484762528        134.31215934736318     
   4.3999999016523361E-003   134.25392556043917        135.49517171731068     
   4.4399999007582666E-003   135.38169504528383        136.67684680454056     
   4.4799998998641963E-003   136.51544888799606        137.85717294639602     
   4.5199998989701269E-003   137.65533621809843        139.03613849353400     
   4.5599998980760574E-003   138.80146897905183        140.21373181003983     
   4.5999998971819880E-003   139.95392136315638        141.38994127354226     
   4.6399998962879177E-003   141.11272941722532        142.56475527532808     
   4.6799998953938483E-003   142.27789082443732        143.73816222045673     
   4.7199998944997788E-003   143.44936486696818        144.91015052787478     
   4.7599998936057085E-003   144.62707257311888        146.08070863053010     
   4.7999998927116391E-003   145.81089705170066        147.24982497548612     
   4.8399998918175697E-003   147.00068401539698        148.41748802403598     
   4.8799998909235002E-003   148.19624249373783        149.58368625181603     
   4.9199998900294299E-003   149.39734573515753        150.74840814892002     
   4.9599998891353605E-003   150.60373229641044        151.91164222001234     
   4.9999998882412910E-003   151.81510731638033        153.07337698444175     
   5.0399998873472216E-003   153.03114397004407        154.23360097635447     
   5.0799998864531513E-003   154.25148509708174        155.39230274480741     
   5.1199998855590819E-003   155.47574499833220        156.54947085388136     
   5.1599998846650124E-003   156.70351139203055        157.70509388279353     
   5.1999998837709421E-003   157.93434752052053        158.85916042601056     
   5.2399998828768727E-003   159.16779439693909        160.01165909336103     
   5.2799998819828033E-003   160.40337318022017        161.16257851014763     
   5.3199998810887338E-003   161.64058766570059        162.31190731725980     
   5.3599998801946635E-003   162.87892687762368        163.45963417128553     
   5.3999998793005941E-003   164.11786774893969        164.60574774462350     
   5.4399998784065247E-003   165.35687787303232        165.75023672559493     
   5.4799998775124552E-003   166.59541831133453        166.89308981855490     
   5.5199998766183849E-003   167.83294644026725        168.03429574400403     
   5.5599998757243155E-003   169.06891882054637        169.17384323870016     
   5.5999998748302460E-003   170.30279407164252        170.31172105576883     
   5.6399998739361757E-003   171.53403573407957        171.44791796481474     
   5.6799998730421063E-003   172.76211510229945        172.58242275203250     
   5.7199998721480369E-003   173.98651401099909        173.71522422031722     
   5.7599998712539674E-003   175.20672755818958        174.84631118937517     
   5.7999998703598971E-003   176.42226674869062        175.97567249583392     
   5.8399998694658277E-003   177.63266104237792        177.10329699335276     
   5.8799998685717583E-003   178.83746079223195        178.22917355273248     
   5.9199998676776888E-003   180.03623955807768        179.35329106202533     
   5.9599998667836185E-003   181.22859628284900        180.47563842664476     
   5.9999998658895491E-003   182.41415731925284        181.59620456947474     
   6.0399998649954796E-003   183.59257829581469        182.71497843097922     
   6.0799998641014093E-003   184.76354581247463        183.83194896931124     
   6.1199998632073399E-003   185.92677895711827        184.94710516042196     
   6.1599998623132705E-003   187.08203063569698        186.06043599816925     
   6.1999998614192010E-003   188.22908870986862        187.17193049442673     
   6.2399998605251307E-003   189.36777693738028        188.28157767919177     
   6.2799998596310613E-003   190.49795571169196        189.38936660069402     
   6.3199998587369919E-003   191.61952259860902        190.49528632550349     
   6.3599998578429224E-003   192.73241266891773        191.59932593863834     
   6.3999998569488521E-003   193.83659862721262        192.70147454367270     
   6.4399998560547827E-003   194.93209073824960        193.80172126284424     
   6.4799998551607133E-003   196.01893655324312        194.90005523716135     
   6.5199998542666429E-003   197.09722043955603        195.99646562651054     
   6.5599998533725735E-003   198.16706291818568        197.09094160976332     
   6.5999998524785041E-003   199.22861981434568        198.18347238488298     
   6.6399998515844346E-003   200.28208122726429        199.27404716903126     
   6.6799998506903643E-003   201.32767032606782        200.36265519867470     
   6.7199998497962949E-003   202.36564197930676        201.44928572969096     
   6.7599998489022255E-003   203.39628122629287        202.53392803747477     
   6.7999998480081560E-003   204.41990159897549        203.61657141704384     
   6.8399998471140857E-003   205.43684330357510        204.69720518314452     
   6.8799998462200163E-003   206.44747127163734        205.77581867035724     
   6.9199998453259469E-003   207.45217309056105        206.85240123320165     
   6.9599998444318766E-003   208.45135682400308        207.92694224624196     
   6.9999998435378071E-003   209.44544873287489        208.99943110419167     
   7.0399998426437377E-003   210.43489090792411        210.06985722201802     
   7.0799998417496682E-003   211.42013882514550        211.13821003504682     
   7.1199998408555979E-003   212.40165883549435        212.20447899906651     
   7.1599998399615285E-003   213.37992560058964        213.26865359043236     
   7.1999998390674591E-003   214.35541948627755        214.33072330617026     
   7.2399998381733896E-003   215.32862392612472        215.39067766408010     
   7.2799998372793193E-003   216.30002276706125        216.44850620283984     
   7.3199998363852499E-003   217.27009760956528        217.50419848210822     
   7.3599998354911805E-003   218.23932515492032        218.55774408262815     
   7.3999998345971102E-003   219.20817457220380        219.60913260632930     
   7.4399998337030407E-003   220.17710489778580        220.65835367643075     
   7.4799998328089713E-003   221.14656248020094        221.70539693754358     
   7.5199998319149019E-003   222.11697848331909        222.75025205577296     
   7.5599998310208315E-003   223.08876646077400        223.79290871882009     
   7.5999998301267621E-003   224.06232001458932        224.83335663608409     
   7.6399998292326927E-003   225.03801055088630        225.87158553876355     
   7.6799998283386232E-003   226.01618514542878        226.90758517995766     
   7.7199998274445529E-003   226.99716453158641        227.94134533476770     
   7.7599998265504835E-003   227.98124122302119        228.97285580039775     
   7.7999998256564141E-003   228.96867778306591        230.00210639625536     
   7.8399998247623438E-003   229.95970525232289        231.02908696405211     
   7.8799998238682743E-003   230.95452174546412        232.05378736790382     
   7.9199998229742049E-003   231.95329122758332        233.07619749443066     
   7.9599998220801355E-003   232.95614247967487        234.09630725285689     
   7.9999998211860660E-003   233.96316826195701        235.11410657511038     
   8.0399998202919966E-003   234.97442468275335        236.12958541592229     
   8.0799998193979254E-003   235.98993077954708        237.14273375292581     
   8.1199998185038560E-003   237.00966831759123        238.15354158675527     
   8.1599998176097865E-003   238.03358181012825        239.16199894114496     
   8.1999998167157171E-003   239.06157876283339        240.16809586302736     
   8.2399998158216477E-003   240.09353014355943        241.17182242263144     
   8.2799998149275782E-003   241.12927107686210        242.17316871358071     
   8.3199998140335088E-003   242.16860176108261        243.17212485299103     
   8.3599998131394376E-003   243.21128860406080        244.16868098156800     
   8.3999998122453682E-003   244.25706557177139        245.16282726370454     
   8.4399998113512988E-003   245.30563574242041        246.15455388757752     
   8.4799998104572293E-003   246.35667305677458        247.14385106524506     
   8.5199998095631599E-003   247.40982425378121        248.13070903274280     
   8.5599998086690905E-003   248.46471097887169        249.11511805018048     
   8.5999998077750210E-003   249.52093205076918        250.09706840183807     
   8.6399998068809498E-003   250.57806587115141        251.07655039626135     
   8.6799998059868804E-003   251.63567296018252        252.05355436635810     
   8.7199998050928110E-003   252.69329859974155        253.02807066949291     
   8.7599998041987415E-003   253.75047556516333        254.00008968758277     
   8.7999998033046721E-003   254.80672692548120        254.96960182719189     
   8.8399998024106027E-003   255.86156889153713        255.93659751962633     
   8.8799998015165332E-003   256.91451369091749        256.90106722102843     
   8.9199998006224638E-003   257.96507244848107        257.86300141247114     
   8.9599997997283926E-003   259.01275805128950        258.82239060005168     
   8.9999997988343232E-003   260.05708797700237        259.77922531498569     
   9.0399997979402538E-003   261.09758706528993        260.73349611370031     
   9.0799997970461843E-003   262.13379021251058        261.68519357792746     
   9.1199997961521149E-003   263.16524497080144        262.63430831479673     
   9.1599997952580454E-003   264.19151403381318        263.58083095692854     
   9.1999997943639760E-003   265.21217759258997        264.52475216252583     
   9.2399997934699048E-003   266.22683554649996        265.46606261546691     
   9.2799997925758354E-003   267.23510955566616        266.40475302539727     
   9.3199997916817660E-003   268.23664492299309        267.34081412782081     
   9.3599997907876965E-003   269.23111229562102        268.27423668419192     
   9.3999997898936271E-003   270.21820917742110        269.20501148200628     
   9.4399997889995577E-003   271.19766124596254        270.13312933489192     
   9.4799997881054882E-003   272.16922346921552        271.05858108269979     
   9.5199997872114171E-003   273.13268101905328        271.98135759159425     
   9.5599997863173476E-003   274.08784998039550        272.90144975414313     
   9.5999997854232782E-003   275.03457785653598        273.81884848940791     
   9.6399997845292087E-003   275.97274387283659        274.73354474303284     
   9.6799997836351393E-003   276.90225908250125        275.64552948733467     
   9.7199997827410699E-003   277.82306627957161        276.55479372139155     
   9.7599997818470004E-003   278.73513972559800        277.46132847113228     
   9.7999997809529310E-003   279.63848469760734        278.36512478942421     
   9.8399997800588598E-003   280.53313686605077        279.26617375616212     
   9.8799997791647904E-003   281.41916151230089        280.16446647835596     
   9.9199997782707210E-003   282.29665259604576        281.05999409021877     
   9.9599997773766515E-003   283.16573168355342        281.95274775325402     
   9.9999997764825821E-003   284.02654674826567        282.84271865634298     
   1.0039999775588513E-002   284.87927085555168        283.72989801583174     
   1.0079999774694443E-002   285.72410074367366        284.61427707561757     
   1.0119999773800372E-002   286.56125531315695        285.49584710723570     
   1.0159999772906303E-002   287.39097403675129        286.37459940994546     
   1.0199999772012233E-002   288.21351530208750        287.25052531081582     
   1.0239999771118164E-002   289.02915469897528        288.12361616481132     
   1.0279999770224094E-002   289.83818326299962        288.99386335487725     
   1.0319999769330025E-002   290.64090568678677        289.86125829202467     
   1.0359999768435955E-002   291.43763850990825        290.72579241541519     
   1.0399999767541884E-002   292.22870829796238        291.58745719244564     
   1.0439999766647815E-002   293.01444982091169        292.44624411883211     
   1.0479999765753745E-002   293.79520424024349        293.30214471869380     
   1.0519999764859676E-002   294.57131731400131        294.15515054463685     
   1.0559999763965607E-002   295.34313762819045        295.00525317783763     
   1.0599999763071537E-002   296.11101486251340        295.85244422812605     
   1.0639999762177468E-002   296.87529809782450        296.69671533406785     
   1.0679999761283396E-002   297.63633417215107        297.53805816304759     
   1.0719999760389327E-002   298.39446609156352        298.37646441135087     
   1.0759999759495258E-002   299.15003150163659        299.21192580424594     
   1.0799999758601188E-002   299.90336122470956        300.04443409606563     
   1.0839999757707119E-002   300.65477786762034        300.87398107028889     
   1.0879999756813049E-002   301.40459450408707        301.70055853962151     
   1.0919999755918980E-002   302.15311343540100        302.52415834607700     
   1.0959999755024910E-002   302.90062503261413        303.34477236105744     
   1.0999999754130839E-002   303.64740666292914        304.16239248543320     
   1.1039999753236770E-002   304.39372170253910        304.97701064962342     
   1.1079999752342700E-002   305.13981863772312        305.78861881367521     
   1.1119999751448631E-002   305.88593025555781        306.59720896734319     
   1.1159999750554562E-002   306.63227292518820        307.40277313016861     
   1.1199999749660492E-002   307.37904597018900        308.20530335155786     
   1.1239999748766423E-002   308.12643113213920        309.00479171086124     
   1.1279999747872351E-002   308.87459212514341        309.80123031745097     
   1.1319999746978282E-002   309.62367428065033        310.59461131079911     
   1.1359999746084213E-002   310.37380428154688        311.38492686055514     
   1.1399999745190143E-002   311.12508998413858        312.17216916662323     
   1.1439999744296074E-002   311.87762032628666        312.95633045923915     
   1.1479999743402004E-002   312.63146531961826        313.73740299904711     
   1.1519999742507935E-002   313.38667612340754        314.51537907717602     
   1.1559999741613864E-002   314.14328519741406        315.29025101531568     
   1.1599999740719794E-002   314.90130653065751        316.06201116579251     
   1.1639999739825725E-002   315.66073594283887        316.83065191164485     
   1.1679999738931655E-002   316.42155145484264        317.59616566669854     
   1.1719999738037586E-002   317.18371372452657        318.35854487564143     
   1.1759999737143517E-002   317.94716654377351        319.11778201409800     
   1.1799999736249447E-002   318.71183739259754        319.87386958870394     
   1.1839999735355378E-002   319.47763804591102        320.62680013717954     
   1.1879999734461306E-002   320.24446522843533        321.37656622840399     
   1.1919999733567237E-002   321.01220131311231        322.12316046248827     
   1.1959999732673168E-002   321.78071505829331        322.86657547084820     
   1.1999999731779098E-002   322.54986237893638        323.60680391627733     
   1.2039999730885029E-002   323.31948714701906        324.34383849301952     
   1.2079999729990959E-002   324.08942201638433        325.07767192684042     
   1.2119999729096890E-002   324.85948926728929        325.80829697510001     
   1.2159999728202819E-002   325.62950166599433        326.53570642682365     
   1.2199999727308749E-002   326.39926333485045        327.25989310277328     
   1.2239999726414680E-002   327.16857062846719        327.98084985551839     
   1.2279999725520610E-002   327.93721301172178        328.69856956950650     
   1.2319999724626541E-002   328.70497393555638        329.41304516113343     
   1.2359999723732472E-002   329.47163170673497        330.12426957881303     
   1.2399999722838402E-002   330.23696034796069        330.83223580304713     
   1.2439999721944331E-002   331.00073044503040        331.53693684649454     
   1.2479999721050261E-002   331.76270997795973        332.23836575404005     
   1.2519999720156192E-002   332.52266513331438        332.93651560286304     
   1.2559999719262123E-002   333.28036109527602        333.63137950250609     
   1.2599999718368053E-002   334.03556281327445        334.32295059494265     
   1.2639999717473984E-002   334.78803574432652        335.01122205464486     
   1.2679999716579914E-002   335.53754656852362        335.69618708865090     
   1.2719999715685845E-002   336.28386387642058        336.37783893663197     
   1.2759999714791774E-002   337.02675882736111        337.05617087095914     
   1.2799999713897704E-002   337.76600577806209        337.73117619676975     
   1.2839999713003635E-002   338.50138288105830        338.40284825203344     
   1.2879999712109565E-002   339.23267265284170        339.07118040761776     
   1.2919999711215496E-002   339.95966251178106        339.73616606735379     
   1.2959999710321427E-002   340.68214528611804        340.39779866810113     
   1.2999999709427357E-002   341.39991969251247        341.05607167981276     
   1.3039999708533286E-002   342.11279078579366        341.71097860559951     
   1.3079999707639216E-002   342.82057038070565        342.36251298179405     
   1.3119999706745147E-002   343.52307744654678        343.01066837801466     
   1.3159999705851078E-002   344.22013847569775        343.65543839722909     
   1.3199999704957008E-002   344.91158782708953        344.29681667581696     
   1.3239999704062939E-002   345.59726804570244        344.93479688363340     
   1.3279999703168869E-002   346.27703015918974        345.56937272407106     
   1.3319999702274798E-002   346.95073395271118        346.20053793412200     
   1.3359999701380729E-002   347.61824822302339        346.82828628444020     
   1.3399999700486659E-002   348.27945101281017        347.45261157940246     
   1.3439999699592590E-002   348.93422982615670        348.07350765716996     
   1.3479999698698520E-002   349.58248182598453        348.69096838974860     
   1.3519999697804451E-002   350.22411401413160        349.30498768304994     
   1.3559999696910381E-002   350.85904339465333        349.91555947695110     
   1.3599999696016312E-002   351.48719712077497        350.52267774535466     
   1.3639999695122241E-002   352.10851262577950        351.12633649624809     
   1.3679999694228171E-002   352.72293773796804        351.72652977176278     
   1.3719999693334102E-002   353.33043077966641        352.32325164823322     
   1.3759999692440033E-002   353.93096065011281        352.91649623625506     
   1.3799999691545963E-002   354.52450689188834        353.50625768074326     
   1.3839999690651894E-002   355.11105974042022        354.09253016099024     
   1.3879999689757824E-002   355.69062015593403        354.67530789072310     
   1.3919999688863753E-002   356.26319983711448        355.25458511816026     
   1.3959999687969684E-002   356.82882121559095        355.83035612606938     
   1.3999999687075614E-002   357.38751743028490        356.40261523182261     
   1.4039999686181545E-002   357.93933228053766        356.97135678745326     
   1.4079999685287475E-002   358.48432015688246        357.53657517971146     
   1.4119999684393406E-002   359.02254594825666        358.09826483011966     
   1.4159999683499336E-002   359.55408492442126        358.65642019502741     
   1.4199999682605265E-002   360.07902259232611        359.21103576566622     
   1.4239999681711196E-002   360.59745452518609        359.76210606820410     
   1.4279999680817126E-002   361.10948616303074        360.30962566379930     
   1.4319999679923057E-002   361.61523258356942        360.85358914865418     
   1.4359999679028988E-002   362.11481824225990        361.39399115406849     
   1.4399999678134918E-002   362.60837668057792        361.93082634649215     
   1.4439999677240849E-002   363.09605020158915        362.46408942757841     
   1.4479999676346779E-002   363.57798951206530        362.99377513423559     
   1.4519999675452708E-002   364.05435333053902        363.51987823867933     
   1.4559999674558639E-002   364.52530796086648        364.04239354848403     
   1.4599999673664569E-002   364.99102683105423        364.56131590663438     
   1.4639999672770500E-002   365.45168999731942        365.07664019157579     
   1.4679999671876430E-002   365.90748361356953        365.58836131726537     
   1.4719999670982361E-002   366.35859936672335        366.09647423322195     
   1.4759999670088291E-002   366.80523387853947        366.60097392457590     
   1.4799999669194220E-002   367.24758807487450        367.10185541211860     
   1.4839999668300151E-002   367.68586652355060        367.59911375235174     
   1.4879999667406081E-002   368.12027674227619        368.09274403753608     
   1.4919999666512012E-002   368.55102847834144        368.58274139573950     
   1.4959999665617943E-002   368.97833296206181        369.06910099088589     
   1.4999999664723873E-002   369.40240213622349        369.55181802280197     
   1.5039999663829804E-002   369.82344786403985        370.03088772726522     
   1.5079999662935733E-002   370.24168111838048        370.50630537605088     
   1.5119999662041663E-002   370.65731115529428        370.97806627697838     
   1.5159999661147594E-002   371.07054467506157        371.44616577395789     
   1.5199999660253524E-002   371.48158497425675        371.91059924703603     
   1.5239999659359455E-002   371.89063109249668        372.37136211244172     
   1.5279999658465385E-002   372.29787695774360        372.82844982263128     
   1.5319999657571316E-002   372.70351053420592        373.28185786633321     
   1.5359999656677246E-002   373.10771297703155        373.73158176859289     
   1.5399999655783175E-002   373.51065779811091        374.17761709081674     
   1.5439999654889106E-002   373.91251004742247        374.61995943081610     
   1.5479999653995036E-002   374.31342551442418        375.05860442285018     
   1.5519999653100967E-002   374.71354995404869        375.49354773766993     
   1.5559999652206898E-002   375.11301834188617        375.92478508256011     
   1.5599999651312828E-002   375.51195416313124        376.35231220138201     
   1.5639999650418759E-002   375.91046873983493        376.77612487461533     
   1.5679999649524688E-002   376.30866060093888        377.19621891939988     
   1.5719999648630620E-002   376.70661489946355        377.61259018957685     
   1.5759999647736549E-002   377.10440288109783        378.02523457572948     
   1.5799999646842477E-002   377.50208140827090        378.43414800522413     
   1.5839999645948410E-002   377.89969254358829        378.83932644225024     
   1.5879999645054339E-002   378.29726319629248        379.24076588785988     
   1.5919999644160271E-002   378.69480483513087        379.63846238000758     
   1.5959999643266200E-002   379.09231327074701        380.03241199358928     
   1.5999999642372132E-002   379.48976851035320        380.42261084048118     
   1.6039999641478061E-002   379.88713468711848        380.80905506957788     
   1.6079999640583993E-002   380.28436006630290        381.19174086683080     
   1.6119999639689922E-002   380.68137712977131        381.57066445528523     
   1.6159999638795851E-002   381.07810274007500        381.94582209511816     
   1.6199999637901783E-002   381.47443838484463        382.31721008367504     
   1.6239999637007712E-002   381.87027050174351        382.68482475550616     
   1.6279999636113644E-002   382.26547088375668        383.04866248240279     
   1.6319999635219573E-002   382.65989716405932        383.40871967343327     
   1.6359999634325505E-002   383.05339337920975        383.76499277497840     
   1.6399999633431434E-002   383.44579060886758        384.11747827076618     
   1.6439999632537363E-002   383.83690768972497        384.46617268190698     
   1.6479999631643295E-002   384.22655200079225        384.81107256692746     
   1.6519999630749224E-002   384.61452031667471        385.15217452180485     
   1.6559999629855156E-002   385.00059972495450        385.48947518000045     
   1.6599999628961085E-002   385.38456860329154        385.82297121249258     
   1.6639999628067018E-002   385.76619765139060        386.15265932780994     
   1.6679999627172946E-002   386.14525097251646        386.47853627206382     
   1.6719999626278875E-002   386.52148719882001        386.80059882898001     
   1.6759999625384808E-002   386.89466065434613        387.11884381993116     
   1.6799999624490736E-002   387.26452254924271        387.43326810396724     
   1.6839999623596669E-002   387.63082219836980        387.74386857784754     
   1.6879999622702598E-002   387.99330825726048        388.05064217607048     
   1.6919999621808530E-002   388.35172996814913        388.35358587090440     
   1.6959999620914459E-002   388.70583840863537        388.65269667241711     
   1.6999999620020387E-002   389.05538773543691        388.94797162850563     
   1.7039999619126320E-002   389.40013641563576        389.23940782492519     
   1.7079999618232249E-002   389.73984843783126        389.52700238531799     
   1.7119999617338181E-002   390.07429449568212        389.81075247124170     
   1.7159999616444110E-002   390.40325313644689        390.09065528219742     
   1.7199999615550042E-002   390.72651186732918        390.36670805565711     
   1.7239999614655971E-002   391.04386821265973        390.63890806709134     
   1.7279999613761900E-002   391.35513071528078        390.90725262999564     
   1.7319999612867832E-002   391.66011987583619        391.17173909591742     
   1.7359999611973761E-002   391.95866902409239        391.43236485448193     
   1.7399999611079693E-002   392.25062511686411        391.68912733341790     
   1.7439999610185622E-002   392.53584945763686        391.94202399858324     
   1.7479999609291554E-002   392.81421833351601        392.19105235398979     
   1.7519999608397483E-002   393.08562356569735        392.43620994182817     
   1.7559999607503412E-002   393.34997297028696        392.67749434249174     
   1.7599999606609344E-002   393.60719072690574        392.91490317460079     
   1.7639999605715273E-002   393.85721765317481        393.14843409502578     
   1.7679999604821205E-002   394.10001138383888        393.37808479891083     
   1.7719999603927134E-002   394.33554645394270        393.60385301969598     
   1.7759999603033066E-002   394.56381428615128        393.82573652913993     
   1.7799999602138995E-002   394.78482308295384        394.04373313734180     
   1.7839999601244928E-002   394.99859762515240        394.25784069276312     
   1.7879999600350856E-002   395.20517897864539        394.46805708224855     
   1.7919999599456785E-002   395.40462411214514        394.67438023104711     
   1.7959999598562718E-002   395.59700542902607        394.87680810283251     
   1.7999999597668646E-002   395.78241021706350        395.07533869972320     
   1.8039999596774579E-002   395.96094002032123        395.26997006230238     
   1.8079999595880508E-002   396.13270993792020        395.46070026963679     
   1.8119999594986440E-002   396.29784785484645        395.64752743929625     
   1.8159999594092369E-002   396.45649361033963        395.83044972737190     
   1.8199999593198297E-002   396.60879810973336        396.00946532849457     
   1.8239999592304230E-002   396.75492238590664        396.18457247585246     
   1.8279999591410159E-002   396.89503661674070        396.35576944120851     
   1.8319999590516091E-002   397.02931910515372        396.52305453491778     
   1.8359999589622020E-002   397.15795522842762        396.68642610594384     
   1.8399999588727952E-002   397.28113636362303        396.84588254187508     
   1.8439999587833881E-002   397.39905879590788        397.00142226894081     
   1.8479999586939810E-002   397.51192261661163        397.15304375202669     
   1.8519999586045742E-002   397.61993061776974        397.30074549468969     
   1.8559999585151671E-002   397.72328718979685        397.44452603917330     
   1.8599999584257603E-002   397.82219722879620        397.58438396642134     
   1.8639999583363532E-002   397.91686505981812        397.72031789609258     
   1.8679999582469464E-002   398.00749338214871        397.85232648657399     
   1.8719999581575393E-002   398.09428224246011        397.98040843499382     
   1.8759999580681322E-002   398.17742804135105        398.10456247723505     
   1.8799999579787254E-002   398.25712257847596        398.22478738794723     
   1.8839999578893183E-002   398.33355214112856        398.34108198055895     
   1.8879999577999115E-002   398.40689664074904        398.45344510728967     
   1.8919999577105044E-002   398.47732880144071        398.56187565916031     
   1.8959999576210976E-002   398.54501340416539        398.66637256600529     
   1.8999999575316905E-002   398.61010658984975        398.76693479648219     
   1.9039999574422834E-002   398.67275522420698        398.86356135808228     
   1.9079999573528766E-002   398.73309632660767        398.95625129714045     
   1.9119999572634695E-002   398.79125656489629        399.04500369884431     
   1.9159999571740628E-002   398.84735181757816        399.12981768724347     
   1.9199999570846556E-002   398.90148680434135        399.21069242525806     
   1.9239999569952489E-002   398.95375478542041        399.28762711468698     
   1.9279999569058417E-002   399.00423732986349        399.36062099621591     
   1.9319999568164346E-002   399.05300415230545        399.42967334942460     
   1.9359999567270279E-002   399.10011301743384        399.49478349279428     
   1.9399999566376207E-002   399.14560971089486        399.55595078371397     
   1.9439999565482140E-002   399.18952807499983        399.61317461848716     
   1.9479999564588069E-002   399.23189010720631        399.66645443233784     
   1.9519999563694001E-002   399.27270611897029        399.71578969941555     
   1.9559999562799930E-002   399.31197495224893        399.76117993280116     
   1.9599999561905862E-002   399.34968425060373        399.80262468451133     
   1.9639999561011791E-002   399.38581078158006        399.84012354550316     
   1.9679999560117720E-002   399.42032080677586        399.87367614567796     
   1.9719999559223652E-002   399.45317049580063        399.90328215388507     
   1.9759999558329581E-002   399.48430638012724        399.92894127792511     
   1.9799999557435513E-002   399.51366584269203        399.95065326455295     
   1.9839999556541442E-002   399.54117763897358        399.96841789948002     
   1.9879999555647374E-002   399.56676244520770        399.98223500737646     
   1.9919999554753303E-002   399.59033342934003        399.99210445187299     
   1.9959999553859232E-002   399.61179684031930        399.99802613556227     
   1.9999999552965164E-002   399.63105261135411        399.99999999999960     
   2.0039999552071093E-002   399.64799497282684        399.99802602570378     
   2.0079999551177025E-002   399.66251307064977        399.99210423215703     
   2.0119999550282954E-002   399.67449158599601        399.98223467780520     
   2.0159999549388886E-002   399.68381135247864        399.96841746005674     
   2.0199999548494815E-002   399.69034996707251        399.95065271528205     
   2.0239999547600744E-002   399.69398239127679        399.92894061881191     
   2.0279999546706676E-002   399.69458153927565        399.90328138493612     
   2.0319999545812605E-002   399.69201885011898        399.87367526690082     
   2.0359999544918538E-002   399.68616484123447        399.84012255690658     
   2.0399999544024466E-002   399.67688964089297        399.80262358610497     
   2.0439999543130399E-002   399.66406349756767        399.76117872459588     
   2.0479999542236327E-002   399.64755726444241        399.71578838142329     
   2.0519999541342256E-002   399.62724285768087        399.66645300457162     
   2.0559999540448189E-002   399.60299368737986        399.61317308096113     
   2.0599999539554117E-002   399.57468506047871        399.55594913644313     
   2.0639999538660050E-002   399.54219455521712        399.49478173579502     
   2.0679999537765979E-002   399.50540236706087        399.42967148271424     
   2.0719999536871911E-002   399.46419162630826        399.36061901981287     
   2.0759999535977840E-002   399.41844868789900        399.28762502861076     
   2.0799999535083769E-002   399.36806339420582        399.21069022952929     
   2.0839999534189701E-002   399.31292931185510        399.12981538188382     
   2.0879999533295630E-002   399.25294394384156        399.04500128387650     
   2.0919999532401562E-002   399.18800891841005        398.95624877258831     
   2.0959999531507491E-002   399.11803015636320        398.86355872397075     
   2.0999999530613423E-002   399.04291801858284        398.76693205283715     
   2.1039999529719352E-002   398.96258743569359        398.66636971285396     
   2.1079999528825281E-002   398.87695802186960        398.56187269653083     
   2.1119999527931213E-002   398.78595417485081        398.45344203521120     
   2.1159999527037142E-002   398.68950516425770        398.34107879906196     
   2.1199999526143074E-002   398.58754521028578        398.22478409706298     
   2.1239999525249003E-002   398.48001355484189        398.10455907699605     
   2.1279999524354935E-002   398.36685452709577        397.98040492543367     
   2.1319999523460864E-002   398.24801760534672        397.85232286772725     
   2.1359999522566793E-002   398.12345747698038        397.72031416799513     
   2.1399999521672725E-002   397.99313409814926        397.58438012910983     
   2.1439999520778654E-002   397.85701275463043        397.44452209268559     
   2.1479999519884586E-002   397.71506412514822        397.30074143906484     
   2.1519999518990515E-002   397.56726434822133        397.15303958730465     
   2.1559999518096448E-002   397.41359509338668        397.00141799516274     
   2.1599999517202376E-002   397.25404363740341        396.84587815908310     
   2.1639999516308309E-002   397.08860294580398        396.68642161418120     
   2.1679999515414237E-002   396.91727175990042        396.52304993422882     
   2.1719999514520166E-002   396.74005468908814        396.35576473163871     
   2.1759999513626099E-002   396.55696230803784        396.18456765744821     
   2.1799999512732027E-002   396.36801125809654        396.00946040130356     
   2.1839999511837960E-002   396.17322435196922        395.83044469144261     
   2.1879999510943889E-002   395.97263068048642        395.64752229467837     
   2.1919999510049821E-002   395.76626572004602        395.46069501638112     
   2.1959999509155750E-002   395.55417143905919        395.26996470046083     
   2.1999999508261679E-002   395.33639640154274        395.07533322934876     
   2.2039999507367611E-002   395.11299586578019        394.87680252397905     
   2.2079999506473540E-002   394.88403187581594        394.67437454376977     
   2.2119999505579472E-002   394.64957334336822        394.46805128660338     
   2.2159999504685401E-002   394.40969611763927        394.25783478880732     
   2.2199999503791333E-002   394.16448304037482        394.04372712513367     
   2.2239999502897262E-002   393.91402398344650        393.82573040873876     
   2.2279999502003191E-002   393.65841586620104        393.60384679116225     
   2.2319999501109123E-002   393.39776264976081        393.37807846230601     
   2.2359999500215052E-002   393.13217530550554        393.14842765041243     
   2.2399999499320984E-002   392.86177175497784        392.91489662204242     
   2.2439999498426913E-002   392.58667677854180        392.67748768205308     
   2.2479999497532845E-002   392.30702189021662        392.43620317357494     
   2.2519999496638774E-002   392.02294517623994        392.19104547798884     
   2.2559999495744703E-002   391.73459109508588        391.94201701490238     
   2.2599999494850635E-002   391.44211023684545        391.68912024212602     
   2.2639999493956564E-002   391.14565904010652        391.43235765564907     
   2.2679999493062496E-002   390.84539946471187        391.17173178961468     
   2.2719999492168425E-002   390.54149861905154        390.90724521629511     
   2.2759999491274358E-002   390.23412834084394        390.63890054606611     
   2.2799999490380286E-002   389.92346473067749        390.36670042738149     
   2.2839999489486215E-002   389.60968763792573        390.09064754674665     
   2.2879999488592147E-002   389.29298009900020        389.81074462869219     
   2.2919999487698076E-002   388.97352772829043        389.52699443574704     
   2.2959999486804009E-002   388.65151806250230        389.23939976841126     
   2.2999999485909937E-002   388.32713985952211        388.94796346512834     
   2.3039999485015870E-002   388.00058235331335        388.65268840225696     
   2.3079999484121799E-002   387.67203446677587        388.35357749404307     
   2.3119999483227727E-002   387.34168398487549        388.05063369259062     
   2.3159999482333660E-002   387.00971669078666        387.74385998783288     
   2.3199999481439589E-002   386.67631546815778        387.43325940750253     
   2.3239999480545521E-002   386.34165937301771        387.11883501710219     
   2.3279999479651450E-002   386.00592267921274        386.80058991987380     
   2.3319999478757382E-002   385.66927390163181        386.47852725676813     
   2.3359999477863311E-002   385.33187480182443        386.15265020641385     
   2.3399999476969243E-002   384.99387938095202        385.82296198508607     
   2.3439999476075172E-002   384.65543286531948        385.48946584667459     
   2.3479999475181101E-002   384.31667069002566        385.15216508265183     
   2.3519999474287033E-002   383.97771748652877        384.81106302204040     
   2.3559999473392962E-002   383.63868608016077        384.46616303138012     
   2.3599999472498894E-002   383.29967650382997        384.11746851469468     
   2.3639999471604823E-002   382.96077503432673        383.76498291345860     
   2.3679999470710755E-002   382.62205325777910        383.40870970656249     
   2.3719999469816684E-002   382.28356717092709        383.04865241027937     
   2.3759999468922613E-002   381.94535632493688        382.68481457822958     
   2.3799999468028545E-002   381.60744301852782        382.31719980134574     
   2.3839999467134474E-002   381.26983154715435        381.94581170783761     
   2.3879999466240406E-002   380.93250751495987        381.57065396315579     
   2.3919999465346335E-002   380.59543721611823        381.19173026995622     
   2.3959999464452267E-002   380.25856709204783        380.80904436806270     
   2.3999999463558196E-002   379.92182327081042        380.42260003443096     
   2.4039999462664125E-002   379.58511119478317        380.03240108311076     
   2.4079999461770057E-002   379.24831534242395        379.63845136520837     
   2.4119999460875986E-002   378.91129904965209        379.24075476884877     
   2.4159999459981919E-002   378.57390443597944        378.83931521913695     
   2.4199999459087847E-002   378.23595244014768        378.43413667811939     
   2.4239999458193780E-002   377.89724296956643        378.02522314474504     
   2.4279999457299709E-002   377.55755516732819        377.61257865482554     
   2.4319999456405637E-002   377.21664780006267        377.19620728099568     
   2.4359999455511570E-002   376.87425976926755        376.77611313267306     
   2.4399999454617499E-002   376.53011074813855        376.35230035601745     
   2.4439999453723431E-002   376.18390194522783        375.92477313389020     
   2.4479999452829360E-002   375.83531699554624        375.49353568581262     
   2.4519999451935292E-002   375.48402297895780        375.05859226792444     
   2.4559999451041221E-002   375.12967156493164        374.61994717294186     
   2.4599999450147150E-002   374.77190028186902        374.17760473011509     
   2.4639999449253082E-002   374.41033390839294        373.73156930518564     
   2.4679999448359011E-002   374.04458598308543        373.28184530034343     
   2.4719999447464943E-002   373.67426042827964        372.82843715418306     
   2.4759999446570872E-002   373.29895328259443        372.37134934166011     
   2.4799999445676804E-002   372.91825453599171        371.91058637404700     
   2.4839999444782733E-002   372.53175006022389        371.44615279888853     
   2.4879999443888662E-002   372.13902362663384        370.97805319995672     
   2.4919999442994594E-002   371.73965900238562        370.50629219720599     
   2.4959999442100523E-002   371.33324211535148        370.03087444672713     
   2.4999999441206455E-002   370.91936327704246        369.55180464070179     
   2.5039999440312384E-002   370.49761945220223        369.06908750735573     
   2.5079999439418316E-002   370.06761656294469        368.58272781091244     
   2.5119999438524245E-002   369.62897181465985        368.09273035154615     
   2.5159999437630177E-002   369.18131603029912        367.59909996533401     
   2.5199999436736106E-002   368.72429597915584        367.10184152420919     
   2.5239999435842035E-002   368.25757668580616        366.60095993591187     
   2.5279999434947967E-002   367.78084370455878        366.09646014394133     
   2.5319999434053896E-002   367.29380534451246        365.58834712750723     
   2.5359999433159829E-002   366.79619483021605        365.07662590148016     
   2.5399999432265757E-002   366.28777238289905        364.56130151634233     
   2.5439999431371690E-002   365.76832720735030        364.04237905813756     
   2.5479999430477619E-002   365.23767936976634        363.51986364842151     
   2.5519999429583547E-002   364.69568155221378        362.99376044421041     
   2.5559999428689480E-002   364.14222066984337        362.46407463793071     
   2.5599999427795408E-002   363.57721933758086        361.93081145736812     
   2.5639999426901341E-002   363.00063717371518        361.39397616561484     
   2.5679999426007270E-002   362.41247192865586        360.85357406101906     
   2.5719999425113202E-002   361.81276042803398        360.30961047713146     
   2.5759999424219131E-002   361.20157932037722        359.76209078265350     
   2.5799999423325060E-002   360.57904562070036        359.21102038138378     
   2.5839999422430992E-002   359.94531704256809        358.65640471216477     
   2.5879999421536921E-002   359.30059211246987        358.09824924882980     
   2.5919999420642853E-002   358.64511006167339        357.53655950014814     
   2.5959999419748782E-002   357.97915049214458        356.97134100977121     
   2.5999999418854714E-002   357.30303281450961        356.40259935617757     
   2.6039999417960643E-002   356.61711545751876        355.83034015261802     
   2.6079999417066572E-002   355.92179484990868        355.25456904706027     
   2.6119999416172504E-002   355.21750417702657        354.67529172213295     
   2.6159999415278433E-002   354.50471191600928        354.09251389506971     
   2.6199999414384365E-002   353.78392015473753        353.50624131765278     
   2.6239999413490294E-002   353.05566270112882        352.91647977615611     
   2.6279999412596226E-002   352.32050299067879        352.32323509128832     
   2.6319999411702155E-002   351.57903180139562        351.72651311813524     
   2.6359999410808084E-002   350.83186478647320        351.12631974610235     
   2.6399999409914016E-002   350.07963983614587        350.52266089885609     
   2.6439999409019945E-002   349.32301428120604        349.91554253426591     
   2.6479999408125877E-002   348.56266195159026        349.30497064434530     
   2.6519999407231806E-002   347.79927010428759        348.69095125519266     
   2.6559999406337739E-002   347.03353623557621        348.07349042693193     
   2.6599999405443667E-002   346.26616479324935        347.45259425365242     
   2.6639999404549596E-002   345.49786380503440        346.82826886334908     
   2.6679999403655529E-002   344.72934143990460        346.20052041786170     
   2.6719999402761457E-002   343.96130251932038        345.56935511281443     
   2.6759999401867390E-002   343.19444499575371        344.93477917755445     
   2.6799999400973318E-002   342.42945641602677        344.29679887509030     
   2.6839999400079251E-002   341.66701038713279        343.65542050203032     
   2.6879999399185180E-002   340.90776306224240        343.01065038852056     
   2.6919999398291108E-002   340.15234966458155        342.36249489818204     
   2.6959999397397041E-002   339.40138106677085        341.71096042804817     
   2.6999999396502970E-002   338.65544044306989        341.05605340850150     
   2.7039999395608902E-002   337.91508001176163        340.39778030321020     
   2.7079999394714831E-002   337.18081788464946        339.73614760906446     
   2.7119999393820763E-002   336.45313504033561        339.07116185611233     
   2.7159999392926692E-002   335.73247243758379        338.40282960749494     
   2.7199999392032624E-002   335.01922828467571        337.73115745938213     
   2.7239999391138553E-002   334.31375548021617        337.05615204090736     
   2.7279999390244482E-002   333.61635924034812        336.37782001410181     
   2.7319999389350414E-002   332.92729492680485        335.69616807382914     
   2.7359999388456343E-002   332.24676608961977        335.01120294771931     
   2.7399999387562275E-002   331.57492273769276        334.32293139610186     
   2.7439999386668204E-002   330.91185984969042        333.63136021193947     
   2.7479999385774136E-002   330.25761613700945        332.93649622076094     
   2.7519999384880065E-002   329.61217306969775        332.23834628059370     
   2.7559999383985994E-002   328.97545417532484        331.53691728189636     
   2.7599999383091926E-002   328.34732461982293        330.83221614749004     
   2.7639999382197855E-002   327.72759107824356        330.12424983249116     
   2.7679999381303787E-002   327.11600190223248        329.41302532424157     
   2.7719999380409716E-002   326.51224758978179        328.69854964224044     
   2.7759999379515649E-002   325.91596156146073        327.98082983807478     
   2.7799999378621577E-002   325.32672124590368        327.25987299534972     
   2.7839999377727506E-002   324.74404947577779        326.53568622961870     
   2.7879999376833439E-002   324.16741619380900        325.80827668831279     
   2.7919999375939367E-002   323.59624046671286        325.07765155067125     
   2.7959999375045300E-002   323.02989280303171        324.34381802766950     
   2.7999999374151228E-002   322.46769776896821        323.60678336194854     
   2.8039999373257161E-002   321.90893689430590        322.86655482774341     
   2.8079999372363090E-002   321.35285185844987        322.12313973081126     
   2.8119999371469018E-002   320.79864794451049        321.37654540835939     
   2.8159999370574951E-002   320.24549774722175        320.62677922897279     
   2.8199999369680880E-002   319.69254511832577        319.87384859254132     
   2.8239999368786812E-002   319.13890933093359        319.11776093018688     
   2.8279999367892741E-002   318.58368944224924        318.35852370418979     
   2.8319999366998673E-002   318.02596883203501        317.59614440791529     
   2.8359999366104602E-002   317.46481989222355        316.83063056574008     
   2.8399999365210531E-002   316.89930884126665        316.06198973297666     
   2.8439999364316463E-002   316.32850063514206        315.29022949580036     
   2.8479999363422392E-002   315.75146394541412        314.51535747117356     
   2.8519999362528324E-002   315.16727617348158        313.73738130677066     
   2.8559999361634253E-002   314.57502846905913        312.95630868090302     
   2.8599999360740185E-002   313.97383072015828        312.17214730244217     
   2.8639999359846114E-002   313.36281648130046        311.38490491074521     
   2.8679999358952043E-002   312.74114780647756        310.59458927557677     
   2.8719999358057975E-002   312.10801995347327        309.80120819703359     
   2.8759999357163904E-002   311.46266592657776        309.00476950546738     
   2.8799999356269836E-002   310.80436082547237        308.20528106140642     
   2.8839999355375765E-002   310.13242596916598        307.40275075547981     
   2.8879999354481697E-002   309.44623276525510        306.59718650833770     
   2.8919999353587626E-002   308.74520629653551        305.78859627057477     
   2.8959999352693559E-002   308.02882859901655        304.97698802265052     
   2.8999999351799487E-002   307.29664160771262        304.16236977481111     
   2.9039999350905416E-002   306.54824974917625        303.34474956701047     
   2.9079999350011349E-002   305.78332216252994        302.52413546882991     
   2.9119999349117277E-002   305.00159453376676        301.70053557940014     
   2.9159999348223210E-002   304.20287053124673        300.87395802731993     
   2.9199999347329138E-002   303.38702283359726        300.04441097057651     
   2.9239999346435071E-002   302.55399374456692        299.21190259646477     
   2.9279999345541000E-002   301.70379539278440        298.37644112150679     
   2.9319999344646928E-002   300.83650951773768        297.53803479137048     
   2.9359999343752861E-002   299.95228684661151        296.69669188078831     
   2.9399999342858790E-002   299.05134606985467        295.85242069347561     
   2.9439999341964722E-002   298.13397242643850        295.00522956204856     
   2.9479999341070651E-002   297.20051591269794        294.15512684794220     
   2.9519999340176583E-002   296.25138913136044        293.30212094132736     
   2.9559999339282512E-002   295.28706479988546        292.44622026102866     
   2.9599999338388441E-002   294.30807293944736        291.58743325444078     
   2.9639999337494373E-002   293.31499776789786        290.72576839744505     
   2.9679999336600302E-002   292.30847432170071        289.86123419432624     
   2.9719999335706234E-002   291.28918483323469        288.99383917768830     
   2.9759999334812163E-002   290.25785489094960        288.12359190837066     
   2.9799999333918095E-002   289.21524941064632        287.25050097536274     
   2.9839999333024024E-002   288.16216844666138        286.37457499572031     
   2.9879999332129953E-002   287.09944287194963        285.49582261447915     
   2.9919999331235885E-002   286.02792995601078        284.61425250457148     
   2.9959999330341814E-002   284.94850886930288        283.72987336673867     
   2.9999999329447746E-002   283.86207614225998        282.84269392944623     
   3.0039999328553675E-002   282.76954110627275        281.95272294879754     
   3.0079999327659607E-002   281.67182134308246        281.05996920844746     
   3.0119999326765536E-002   280.56983816792746        280.16444151951532     
   3.0159999325871465E-002   279.46451217056460        279.26614872049856     
   3.0199999324977397E-002   278.35675883694142        278.36509967718473     
   3.0239999324083326E-002   277.24748427287102        277.46130328256481     
   3.0279999323189258E-002   276.13758104956116        276.55476845674468     
   3.0319999322295187E-002   275.02792418932410        275.64550414685766     
   3.0359999321401120E-002   273.91936730822363        274.73351932697574     
   3.0399999320507048E-002   272.81273893087314        273.81882299802191     
   3.0439999319612977E-002   271.70883899103148        272.90142418767959     
   3.0479999318718910E-002   270.60843553014911        271.98133195030545     
   3.0519999317824838E-002   269.51226160451205        271.05855536683885     
   3.0559999316930771E-002   268.42101241022817        270.13310354471247     
   3.0599999316036700E-002   267.33534263390527        269.20498561776321     
   3.0639999315142632E-002   266.25586403557872        268.27421074614023     
   3.0679999314248561E-002   265.18314326919000        267.34078811621669     
   3.0719999313354493E-002   264.11769994474497        266.40472694049720     
   3.0759999312460422E-002   263.06000493516700        265.46603645752856     
   3.0799999311566351E-002   262.01047892981387        264.52472593180738     
   3.0839999310672283E-002   260.96949123563951        263.58080465368863     
   3.0879999309778212E-002   259.93735882604699        262.63428193929519     
   3.0919999308884144E-002   258.91434563661073        261.68516713042447     
   3.0959999307990073E-002   257.90066210599753        260.73346959445701     
   3.0999999307096005E-002   256.89646495963325        259.77919872426378     
   3.1039999306201934E-002   255.90185723289520        258.82236393811360     
   3.1079999305307863E-002   254.91688852987508        257.86297467957996     
   3.1119999304413795E-002   253.94155551304897        256.90104041744809     
   3.1159999303519724E-002   252.97580261848913        255.93657064562132     
   3.1199999302625656E-002   252.01952299057223        254.96957488302749     
   3.1239999301731585E-002   251.07255962945860        254.00006267352487     
   3.1279999300837517E-002   250.13470674394671        253.02804358580815     
   3.1319999299943446E-002   249.20571130164078        252.05352721331363     
   3.1359999299049375E-002   248.28527476770097        251.07652317412547     
   3.1399999298155304E-002   247.37305502279307        250.09704111087925     
   3.1439999297261240E-002   246.46866845019116        249.11509069066801     
   3.1479999296367168E-002   245.57169218134260        248.13068160494689     
   3.1519999295473097E-002   244.68166648857999        247.14382356943619     
   3.1559999294579026E-002   243.79809731303399        246.15452632402736     
   3.1599999293684955E-002   242.92045891522397        245.16279963268497     
   3.1639999292790891E-002   242.04819663523247        244.16865328335166     
   3.1679999291896820E-002   241.18072974885021        243.17209708785143     
   3.1719999291002748E-002   240.31745440560189        242.17314088179168     
   3.1759999290108677E-002   239.45774663413744        241.17179452446788     
   3.1799999289214613E-002   238.60096540011779        240.16806789876441     
   3.1839999288320542E-002   237.74645570142627        239.16197091105875     
   3.1879999287426471E-002   236.89355168533299        238.15351349112242     
   3.1919999286532399E-002   236.04157977210934        237.14270559202356     
   3.1959999285638328E-002   235.18986176955610        236.12955719002881     
   3.1999999284744264E-002   234.33771796297430        235.11407828450393     
   3.2039999283850193E-002   233.48447016527348        234.09627889781683     
   3.2079999282956122E-002   232.62944471217963        233.07616907523686     
   3.2119999282062051E-002   231.77197538789409        232.05375888483678     
   3.2159999281167986E-002   230.91140626702844        231.02905841739278     
   3.2199999280273915E-002   230.04709445924763        230.00207778628575     
   3.2239999279379844E-002   229.17841274373617        228.97282712740014     
   3.2279999278485773E-002   228.30475208141598        227.94131659902504     
   3.2319999277591702E-002   227.42552399371957        226.90755638175352     
   3.2359999276697637E-002   226.54016279770440        225.87155667838203     
   3.2399999275803566E-002   225.64812768835833        224.83332771381041     
   3.2439999274909495E-002   224.74890466004692        223.79287973493948     
   3.2479999274015424E-002   223.84200826025247        222.75022301057149     
   3.2519999273121353E-002   222.92698316996515        221.70536783130791     
   3.2559999272227289E-002   222.00340560634169        220.65832450944799     
   3.2599999271333217E-002   221.07088454452273        219.60910337888748     
   3.2639999270439146E-002   220.12906275677619        218.55771479501590     
   3.2679999269545075E-002   219.17761766840013        217.50416913461444     
   3.2719999268651011E-002   218.21626203106985        216.44847679575398     
   3.2759999267756940E-002   217.24474441551948        215.39064819769257     
   3.2799999266862868E-002   216.26284952661899        214.33069378077190     
   3.2839999265968797E-002   215.27039834501039        213.26862400631478     
   3.2879999265074726E-002   214.26724810050217        212.20444935652134     
   3.2919999264180662E-002   213.25329208338297        211.13818033436669     
   3.2959999263286591E-002   212.22845930068655        210.06982746349615     
   3.2999999262392520E-002   211.19271398520840        208.99940128812173     
   3.3039999261498448E-002   210.14605496577346        207.92691237291848     
   3.3079999260604377E-002   209.08851490781055        206.85237130291904     
   3.3119999259710313E-002   208.02015943377063        205.77578868341101     
   3.3159999258816242E-002   206.94108613329661        204.69717513983076     
   3.3199999257922171E-002   205.85142347329543        203.61654131765903     
   3.3239999257028099E-002   204.75132961823769        202.53389788231607     
   3.3279999256134035E-002   203.64099117105434        201.44925551905573     
   3.3319999255239964E-002   202.52062184495844        200.36262493286111     
   3.3359999254345893E-002   201.39046107638941        199.27401684833833     
   3.3399999253451822E-002   200.25077258905887        198.18344200960982     
   3.3439999252557751E-002   199.10184291877329        197.09091118020987     
   3.3479999251663686E-002   197.94397990834548        195.99643514297679     
   3.3519999250769615E-002   196.77751118147032        194.90002469994818     
   3.3559999249875544E-002   195.60278260395046        193.80169067225336     
   3.3599999248981473E-002   194.42015674012512        192.70144390000587     
   3.3639999248087409E-002   193.23001131178239        191.59929524219783     
   3.3679999247193337E-002   192.03273766622291        190.49525557659257     
   3.3719999246299266E-002   190.82873925952651        189.38933579961585     
   3.3759999245405195E-002   189.61843016043119        188.28154682625066     
   3.3799999244511124E-002   188.40223357958448        187.17189958992705     
   3.3839999243617060E-002   187.18058042828767        186.06040504241588     
   3.3879999242722988E-002   185.95390791021993        184.94707415372051     
   3.3919999241828917E-002   184.72265814899700        183.83191791196779     
   3.3959999240934846E-002   183.48727685383685        182.71494732330027     
   3.3999999240040775E-002   182.24821202501326        181.59617341176750     
   3.4039999239146711E-002   181.00591270024410        180.47560721921639     
   3.4079999238252640E-002   179.76082774264933        179.35325980518400     
   3.4119999237358568E-002   178.51340467044045        178.22914224678667     
   3.4159999236464497E-002   177.26408852807634        177.10326563861148     
   3.4199999235570433E-002   176.01332079822930        175.97564109260645     
   3.4239999234676362E-002   174.76153835356916        174.84627973797174     
   3.4279999233782291E-002   173.50917244706699        173.71519272104817     
   3.4319999232888219E-002   172.25664773928924        172.58239120520861     
   3.4359999231994148E-002   171.00438136093211        171.44788637074743     
   3.4399999231100084E-002   169.75278200870818        170.31168941476972     
   3.4439999230206013E-002   168.50224907258439        169.17381155108191     
   3.4479999229311942E-002   167.25317179230578        168.03426401007920     
   3.4519999228417871E-002   166.00592844113282        166.89305803863658     
   3.4559999227523799E-002   164.76088553473858        165.75020489999693     
   3.4599999226629735E-002   163.51839706327954        164.60571587365976     
   3.4639999225735664E-002   162.27880374476734        163.45960225527082     
   3.4679999224841593E-002   161.04243229800051        162.31187535650901     
   3.4719999223947522E-002   159.80959473350026        161.16254650497623     
   3.4759999223053457E-002   158.58058766110233        160.01162704408469     
   3.4799999222159386E-002   157.35569161307606        158.85912833294583     
   3.4839999221265315E-002   156.13517038192560        157.70506174625723     
   3.4879999220371244E-002   154.91927037228999        156.54943867419033     
   3.4919999219477173E-002   153.70821996666834        155.39227052227966     
   3.4959999218583108E-002   152.50222890500308        154.23356871130761     
   3.4999999217689037E-002   151.30148767849349        153.07334467719446     
   3.5039999216794966E-002   150.10616693832523        151.91160987088347     
   3.5079999215900895E-002   148.91641692035864        150.74837575822880     
   3.5119999215006824E-002   147.73236688715099        149.58365381988219     
   3.5159999214112760E-002   146.55412458901586        148.41745555117939     
   3.5199999213218688E-002   145.38177574617649        147.24979246202767     
   3.5239999212324617E-002   144.21538355436601        146.08067607679044     
   3.5279999211430546E-002   143.05498821655911        144.91011793417525     
   3.5319999210536482E-002   141.90060650380786        143.73812958711889     
   3.5359999209642411E-002   140.75223134842940        142.56472260267412     
   3.5399999208748339E-002   139.60983147305606        141.38990856189483     
   3.5439999207854268E-002   138.47335105928781        140.21369905972162     
   3.5479999206960197E-002   137.34270945990340        139.03610570486822     
   3.5519999206066133E-002   136.21780095875135        137.85714011970614     
   3.5559999205172062E-002   135.09849458261220        136.67681394015068     
   3.5599999204277991E-002   133.98463396942302        135.49513881554540     
   3.5639999203383919E-002   132.87603729735335        134.31212640854702     
   3.5679999202489855E-002   131.77249727926281        133.12778839501104     
   3.5719999201595784E-002   130.67378122708703        131.94213646387649     
   3.5759999200701713E-002   129.57963119067082        130.75518231704976     
   3.5799999199807642E-002   128.48976417550710        129.56693766928996     
   3.5839999198913570E-002   127.40387244373498        128.37741424809226     
   3.5879999198019506E-002   126.32162390260555        127.18662379357333     
   3.5919999197125435E-002   125.24266258444783        125.99457805835516     
   3.5959999196231364E-002   124.16660922193176        124.80128880744843     
   3.5999999195337293E-002   123.09306192217674        123.60676781813712     
   3.6039999194443222E-002   122.02159694293648        122.41102687986141     
   3.6079999193549157E-002   120.95176957375625        121.21407779410234     
   3.6119999192655086E-002   119.88311512461600        120.01593237426513     
   3.6159999191761015E-002   118.81515002414557        118.81660244556187     
   3.6199999190866944E-002   117.74737302905386        117.61609984489556     
   3.6239999189972880E-002   116.67926654590768        116.41443642074223     
   3.6279999189078808E-002   115.61029806588141        115.21162403303637     
   3.6319999188184737E-002   114.53992171252970        114.00767455305052     
   3.6359999187290666E-002   113.46757990205431        112.80259986328130     
   3.6399999186396595E-002   112.39270511491279        111.59641185732954     
   3.6439999185502531E-002   111.31472177697678        110.38912243978459     
   3.6479999184608460E-002   110.23304824777996        109.18074352610674     
   3.6519999183714388E-002   109.14709891270790        107.97128704250802     
   3.6559999182820317E-002   108.05628637528591        106.76076492583699     
   3.6599999181926246E-002   106.96002374499392        105.54918912345840     
   3.6639999181032182E-002   105.85772701532365        104.33657159313697     
   3.6679999180138111E-002   104.74881752605242        103.12292430291932     
   3.6719999179244039E-002   103.63272450298487        101.90825923101418     
   3.6759999178349968E-002   102.50888766768273        100.69258836567687     
   3.6799999177455904E-002   101.37675990898339        99.475923705087951     
   3.6839999176561833E-002   100.23581000741086        98.258277257237665     
   3.6879999175667762E-002   99.085525402888678        97.039661039805353     
   3.6919999174773691E-002   97.925414995515794        95.820087080041745     
   3.6959999173879619E-002   96.755011968534859        94.599567414650352     
   3.6999999172985555E-002   95.573876622031378        93.378114089667648     
   3.7039999172091484E-002   94.381599205364637        92.155739160346045     
   3.7079999171197413E-002   93.177802735822752        90.932454691033072     
   3.7119999170303342E-002   91.962145790567931        89.708272755053272     
   3.7159999169409270E-002   90.734325258551451        88.483205434588967     
   3.7199999168515206E-002   89.494079038771034        87.257264820560195     
   3.7239999167621135E-002   88.241188671009041        86.030463012507070     
   3.7279999166727064E-002   86.975481885025616        84.802812118468651     
   3.7319999165832993E-002   85.696835054118878        83.574324254864337     
   3.7359999164938928E-002   84.405175538965963        82.345011546373854     
   3.7399999164044857E-002   83.100483907778411        81.114886125818543     
   3.7439999163150786E-002   81.782796018992428        79.883960134039853     
   3.7479999162256715E-002   80.452204953030758        78.652245719781220     
   3.7519999161362644E-002   79.108862780058473        77.419755039567335     
   3.7559999160468580E-002   77.752982151159387        76.186500257584115     
   3.7599999159574508E-002   76.384837700960773        74.952493545559420     
   3.7639999158680437E-002   75.004767250424038        73.717747082641978     
   3.7679999157786366E-002   73.613172799320438        72.482273055281212     
   3.7719999156892302E-002   72.210521298796522        71.246083657107690     
   3.7759999155998231E-002   70.797345195403722        70.009191088812713     
   3.7799999155104159E-002   69.374242739031970        68.771607558027100     
   3.7839999154210088E-002   67.941878048323161        67.533345279201512     
   3.7879999153316017E-002   66.500980928345612        66.294416473484858     
   3.7919999152421953E-002   65.052346436573401        65.054833368605529     
   3.7959999151527882E-002   63.596834194546091        63.814608198748822     
   3.7999999150633811E-002   62.135367443931813        62.573753204437132     
   3.8039999149739739E-002   60.668931847124789        61.332280632409173     
   3.8079999148845668E-002   59.198574033912607        60.090202735498167     
   3.8119999147951604E-002   57.725399897177738        58.847531772512731     
   3.8159999147057533E-002   56.250572642019115        57.604280008114081     
   3.8199999146163462E-002   54.775310594079698        56.360459712695899     
   3.8239999145269390E-002   53.300884774253923        55.116083162263209     
   3.8279999144375326E-002   51.828616248283730        53.871162638310345     
   3.8319999143481255E-002   50.359873261045642        52.625710427701321     
   3.8359999142587184E-002   48.896068166554990        51.379738822547672     
   3.8399999141693113E-002   47.438654165882426        50.133260120086284     
   3.8439999140799042E-002   45.989121866243678        48.886286622559773     
   3.8479999139904977E-002   44.548995675511470        47.638830637093285     
   3.8519999139010906E-002   43.119830047294414        46.390904475574807     
   3.8559999138116835E-002   41.703205592496907        45.142520454532800     
   3.8599999137222764E-002   40.300725073958873        43.893690895013698     
   3.8639999136328693E-002   38.914009301324128        42.644428122461960     
   3.8679999135434628E-002   37.544692943722033        41.394744466597480     
   3.8719999134540557E-002   36.194420278171847        40.144652261293928     
   3.8759999133646486E-002   34.864840891804363        38.894163844457914     
   3.8799999132752415E-002   33.557605356081496        37.643291557905421     
   3.8839999131858351E-002   32.274360891138208        36.392047747241620     
   3.8879999130964280E-002   31.016747038219076        35.140444761738792     
   3.8919999130070208E-002   29.786391357897806        33.888494954213641     
   3.8959999129176137E-002   28.584905171396343        32.636210680906011     
   3.8999999128282066E-002   27.413879361827632        31.383604301356989     
   3.9039999127388002E-002   26.274880251608685        30.130688178285993     
   3.9079999126493931E-002   25.169445571627637        28.877474677470548     
   3.9119999125599859E-002   24.099080536991540        27.623976167622487     
   3.9159999124705788E-002   23.065254043371908        26.370205020266731     
   3.9199999123811724E-002   22.069394997076518        25.116173609618837     
   3.9239999122917653E-002   21.112888791041414        23.861894312463789     
   3.9279999122023582E-002   20.197073937953004        22.607379508032029     
   3.9319999121129511E-002   19.323238870699292        21.352641577879076     
   3.9359999120235439E-002   18.492618919296259        20.097692905762429     
   3.9399999119341375E-002   17.706393472377641        18.842545877519353     
   3.9439999118447304E-002   16.965683330263843        17.587212880945515     
   3.9479999117553233E-002   16.271548255546893        16.331706305670945     
   3.9519999116659162E-002   15.624984726065001        15.076038543039546     
   3.9559999115765090E-002   15.026923894080303        13.820221985985889     
   3.9599999114871026E-002   14.478229754438173        12.564269028912911     
   3.9639999113976955E-002   13.979697523475744        11.308192067570474     
   3.9679999113082884E-002   13.532052229467315        10.052003498931240     
   3.9719999112188813E-002   13.135947514448871        8.7957157210701098     
   3.9759999111294748E-002   12.791964646361636        7.5393411330407760     
   3.9799999110400677E-002   12.500611739590493        6.2828921347544293     
   3.9839999109506606E-002   12.262323181161886        5.0263811268555898     
   3.9879999108612535E-002   12.077459259098893        3.7698205106013218     
   3.9919999107718464E-002   11.946305988717299        2.5132226877386592     
   3.9959999106824400E-002   11.869075131982878        1.2566000603813168     
   3.9999999105930328E-002   11.845904404446001       -3.4969112001489900E-005
