   0.0000000000000000        364.51781247926596        400.00000000000000     
   3.9999999105930327E-005   364.88806859419981        400.00000000000000     
   7.9999998211860654E-005   365.26749964316792        400.00000000000000     
   1.1999999731779099E-004   365.65564079693843        400.00000000000000     
   1.5999999642372131E-004   366.05202902992983        400.00000000000000     
   1.9999999552965163E-004   366.45620403933316        400.00000000000000     
   2.3999999463558198E-004   366.86770917968522        400.00000000000000     
   2.7999999374151227E-004   367.28609240998361        400.00000000000000     
   3.1999999284744262E-004   367.71090725021799        400.00000000000000     
   3.5999999195337296E-004   368.14171374400689        400.00000000000000     
   3.9999999105930326E-004   368.57807942385540        400.00000000000000     
   4.3999999016523361E-004   369.01958027538183        400.00000000000000     
   4.7999998927116395E-004   369.46580169672137        400.00000000000000     
   5.1999998837709430E-004   369.91633944918772        400.00000000000000     
   5.5999998748302454E-004   370.37080059517126        400.00000000000000     
   5.9999998658895489E-004   370.82880441916950        400.00000000000000     
   6.3999998569488523E-004   371.28998332778383        400.00000000000000     
   6.7999998480081558E-004   371.75398372448700        400.00000000000000     
   7.1999998390674593E-004   372.22046685495189        400.00000000000000     
   7.5999998301267617E-004   372.68910961875542        400.00000000000000     
   7.9999998211860652E-004   373.15960534330310        400.00000000000000     
   8.3999998122453686E-004   373.63166451590683        400.00000000000000     
   8.7999998033046721E-004   374.10501547002320        400.00000000000000     
   9.1999997943639756E-004   374.57940502180554        400.00000000000000     
   9.5999997854232791E-004   375.05459905325034        400.00000000000000     
   9.9999997764825825E-004   375.53038303840532        400.00000000000000     
   1.0399999767541886E-003   376.00656250929450        400.00000000000000     
   1.0799999758601187E-003   376.48296345843880        400.00000000000000     
   1.1199999749660491E-003   376.95943267508682        400.00000000000000     
   1.1599999740719794E-003   377.43583801252845        400.00000000000000     
   1.1999999731779098E-003   377.91206858414154        400.00000000000000     
   1.2399999722838401E-003   378.38803488610347        400.00000000000000     
   1.2799999713897705E-003   378.86366884500967        400.00000000000000     
   1.3199999704957008E-003   379.33892378894728        400.00000000000000     
   1.3599999696016312E-003   379.81377434088819        400.00000000000000     
   1.3999999687075615E-003   380.28821623359403        400.00000000000000     
   1.4399999678134919E-003   380.76226604555114        400.00000000000000     
   1.4799999669194222E-003   381.23596085777092        400.00000000000000     
   1.5199999660253523E-003   381.70935783162679        400.00000000000000     
   1.5599999651312827E-003   382.18253370820088        400.00000000000000     
   1.5999999642372130E-003   382.65558422993911        400.00000000000000     
   1.6399999633431434E-003   383.12862348570064        400.00000000000000     
   1.6799999624490737E-003   383.60178318058684        400.00000000000000     
   1.7199999615550041E-003   384.07521183220479        400.00000000000000     
   1.7599999606609344E-003   384.54907389528415        400.00000000000000     
   1.7999999597668648E-003   385.02354881681453        400.00000000000000     
   1.8399999588727951E-003   385.49883002409427        400.00000000000000     
   1.8799999579787255E-003   385.97512384829753        400.00000000000000     
   1.9199999570846558E-003   386.45264838635575        400.00000000000000     
   1.9599999561905859E-003   386.93163230413074        400.00000000000000     
   1.9999999552965165E-003   387.41231358400705        400.00000000000000     
   2.0399999544024466E-003   387.89493822017567        400.00000000000000     
   2.0799999535083772E-003   388.37975886500010        400.00000000000000     
   2.1199999526143073E-003   388.86703342996884        400.00000000000000     
   2.1599999517202375E-003   389.35702364481273        400.00000000000000     
   2.1999999508261680E-003   389.84999357846931        400.00000000000000     
   2.2399999499320982E-003   390.34620812561383        400.00000000000000     
   2.2799999490380287E-003   390.84593146255338        400.00000000000000     
   2.3199999481439589E-003   391.34942547630482        400.00000000000000     
   2.3599999472498894E-003   391.85694817074466        400.00000000000000     
   2.3999999463558195E-003   392.36875205371661        400.00000000000000     
   2.4399999454617501E-003   392.88508250905102        400.00000000000000     
   2.4799999445676802E-003   393.40617615745316        400.00000000000000     
   2.5199999436736108E-003   393.93225921026260        400.00000000000000     
   2.5599999427795409E-003   394.46354582011855        400.00000000000000     
   2.5999999418854711E-003   395.00023643261000        400.00000000000000     
   2.6399999409914016E-003   395.54251614302990        400.00000000000000     
   2.6799999400973318E-003   396.09055306241856        400.00000000000000     
   2.7199999392032623E-003   396.64449669714412        400.00000000000000     
   2.7599999383091925E-003   397.20447634634934        400.00000000000000     
   2.7999999374151230E-003   397.77059952168270        400.00000000000000     
   2.8399999365210532E-003   398.34295039384477        400.00000000000000     
   2.8799999356269837E-003   398.92158827059404        400.00000000000000     
   2.9199999347329138E-003   399.50654611099384        400.00000000000000     
   2.9599999338388444E-003   400.09782908082781        400.00000000000000     
   2.9999999329447745E-003   400.69541315428160        400.00000000000000     
   3.0399999320507047E-003   401.29924376714831        400.00000000000000     
   3.0799999311566352E-003   401.90923452701571        400.00000000000000     
   3.1199999302625654E-003   402.52526598607972        400.00000000000000     
   3.1599999293684959E-003   403.14718448242775        400.00000000000000     
   3.1999999284744261E-003   403.77480105585158        400.00000000000000     
   3.2399999275803566E-003   404.40789044444261        400.00000000000000     
   3.2799999266862868E-003   405.04619016843532        400.00000000000000     
   3.3199999257922173E-003   405.68939970795122        400.00000000000000     
   3.3599999248981475E-003   406.33717978148809        400.00000000000000     
   3.3999999240040780E-003   406.98915173215642        400.00000000000000     
   3.4399999231100081E-003   407.64489702880451        400.00000000000000     
   3.4799999222159383E-003   408.30395688929963        400.00000000000000     
   3.5199999213218688E-003   408.96583203329016        400.00000000000000     
   3.5599999204277990E-003   409.62998257181630        400.00000000000000     
   3.5999999195337295E-003   410.29582804112340        400.00000000000000     
   3.6399999186396597E-003   410.96274758794249        400.00000000000000     
   3.6799999177455902E-003   411.63008031337642        400.00000000000000     
   3.7199999168515204E-003   412.29712578231488        400.00000000000000     
   3.7599999159574509E-003   412.96314470500289        400.00000000000000     
   3.7999999150633811E-003   413.62735979701927        400.00000000000000     
   3.8399999141693116E-003   414.28895682344654        400.00000000000000     
   3.8799999132752418E-003   414.94708583244324        400.00000000000000     
   3.9199999123811719E-003   415.60086258276641        400.00000000000000     
   3.9599999114871024E-003   416.24937016899378        400.00000000000000     
   3.9999999105930330E-003   416.89166084732608        400.00000000000000     
   4.0399999096989627E-003   417.52675806382416        400.00000000000000     
   4.0799999088048933E-003   418.15365868583638        400.00000000000000     
   4.1199999079108238E-003   418.77133543612661        400.00000000000000     
   4.1599999070167544E-003   419.37873952788624        400.00000000000000     
   4.1999999061226841E-003   419.97480349736782        400.00000000000000     
   4.2399999052286147E-003   420.55844422933757        400.00000000000000     
   4.2799999043345452E-003   421.12856616892196        400.00000000000000     
   4.3199999034404749E-003   421.68406471172125        400.00000000000000     
   4.3599999025464055E-003   422.22382976229932        400.00000000000000     
   4.3999999016523361E-003   422.74674944935430        400.00000000000000     
   4.4399999007582666E-003   423.25171398403160        400.00000000000000     
   4.4799998998641963E-003   423.73761964601329        400.00000000000000     
   4.5199998989701269E-003   424.20337288017288        400.00000000000000     
   4.5599998980760574E-003   424.64789448481395        400.00000000000000     
   4.5999998971819880E-003   425.07012387078157        400.00000000000000     
   4.6399998962879177E-003   425.46902336910534        400.00000000000000     
   4.6799998953938483E-003   425.84358256332280        400.00000000000000     
   4.7199998944997788E-003   426.19282262126654        400.00000000000000     
   4.7599998936057085E-003   426.51580059989675        400.00000000000000     
   4.7999998927116391E-003   426.81161369578030        400.00000000000000     
   4.8399998918175697E-003   427.07940341302174        400.00000000000000     
   4.8799998909235002E-003   427.31835961994875        400.00000000000000     
   4.9199998900294299E-003   427.52772446557066        400.00000000000000     
   4.9599998891353605E-003   427.70679612686030        400.00000000000000     
   4.9999998882412910E-003   427.85493235822196        400.00000000000000     
   5.0399998873472216E-003   427.97155381512249        400.00000000000000     
   5.0799998864531513E-003   428.05614712479934        400.00000000000000     
   5.1199998855590819E-003   428.10826767819196        400.00000000000000     
   5.1599998846650124E-003   428.12754211878757        400.00000000000000     
   5.1999998837709421E-003   428.11367050591036        400.00000000000000     
   5.2399998828768727E-003   428.06642813210175        400.00000000000000     
   5.2799998819828033E-003   427.98566697661448        400.00000000000000     
   5.3199998810887338E-003   427.87131677964965        400.00000000000000     
   5.3599998801946635E-003   427.72338572480123        400.00000000000000     
   5.3999998793005941E-003   427.54196072013718        400.00000000000000     
   5.4399998784065247E-003   427.32720727149666        400.00000000000000     
   5.4799998775124552E-003   427.07936894479690        400.00000000000000     
   5.5199998766183849E-003   426.79876641741942        400.00000000000000     
   5.5599998757243155E-003   426.48579612205987        400.00000000000000     
   5.5999998748302460E-003   426.14092848967022        400.00000000000000     
   5.6399998739361757E-003   425.76470580134423        400.00000000000000     
   5.6799998730421063E-003   425.35773966206966        400.00000000000000     
   5.7199998721480369E-003   424.92070811221760        400.00000000000000     
   5.7599998712539674E-003   424.45435239539393        400.00000000000000     
   5.7999998703598971E-003   423.95947340382145        400.00000000000000     
   5.8399998694658277E-003   423.43692782470697        400.00000000000000     
   5.8799998685717583E-003   422.88762401308082        400.00000000000000     
   5.9199998676776888E-003   422.31251761833727        400.00000000000000     
   5.9599998667836185E-003   421.71260699313808        400.00000000000000     
   5.9999998658895491E-003   421.08892841447613        400.00000000000000     
   6.0399998649954796E-003   420.44255114751178        400.00000000000000     
   6.0799998641014093E-003   419.77457238331226        400.00000000000000     
   6.1199998632073399E-003   419.08611208181316        400.00000000000000     
   6.1599998623132705E-003   418.37830775126190        400.00000000000000     
   6.1999998614192010E-003   417.65230919501363        400.00000000000000     
   6.2399998605251307E-003   416.90927325595680        400.00000000000000     
   6.2799998596310613E-003   416.15035858798126        400.00000000000000     
   6.3199998587369919E-003   415.37672048283781        400.00000000000000     
   6.3599998578429224E-003   414.58950577950355        400.00000000000000     
   6.3999998569488521E-003   413.78984788175501        400.00000000000000     
   6.4399998560547827E-003   412.97886190812682        400.00000000000000     
   6.4799998551607133E-003   412.15763999680712        400.00000000000000     
   6.5199998542666429E-003   411.32724678631325        400.00000000000000     
   6.5599998533725735E-003   410.48871509105129        400.00000000000000     
   6.5999998524785041E-003   409.64304178909714        400.00000000000000     
   6.6399998515844346E-003   408.79118393776361        400.00000000000000     
   6.6799998506903643E-003   407.93405513079051        400.00000000000000     
   6.7199998497962949E-003   407.07252210928425        400.00000000000000     
   6.7599998489022255E-003   406.20740163689703        400.00000000000000     
   6.7999998480081560E-003   405.33945764816502        400.00000000000000     
   6.8399998471140857E-003   404.46939867742765        400.00000000000000     
   6.8799998462200163E-003   403.59787557434424        400.00000000000000     
   6.9199998453259469E-003   402.72547951072045        400.00000000000000     
   6.9599998444318766E-003   401.85274028211228        400.00000000000000     
   6.9999998435378071E-003   400.98012490656362        400.00000000000000     
   7.0399998426437377E-003   400.10803652177509        400.00000000000000     
   7.0799998417496682E-003   399.23681358104272        400.00000000000000     
   7.1199998408555979E-003   398.36672934741046        400.00000000000000     
   7.1599998399615285E-003   397.49799168465961        400.00000000000000     
   7.1999998390674591E-003   396.63074314297950        400.00000000000000     
   7.2399998381733896E-003   395.76506133644040        400.00000000000000     
   7.2799998372793193E-003   394.90095960868337        400.00000000000000     
   7.3199998363852499E-003   394.03838798256584        400.00000000000000     
   7.3599998354911805E-003   393.17723438882342        400.00000000000000     
   7.3999998345971102E-003   392.31732616812127        400.00000000000000     
   7.4399998337030407E-003   391.45843184017673        400.00000000000000     
   7.4799998328089713E-003   390.60026313289927        400.00000000000000     
   7.5199998319149019E-003   389.74247726372874        400.00000000000000     
   7.5599998310208315E-003   388.88467946454568        400.00000000000000     
   7.5999998301267621E-003   388.02642574066107        400.00000000000000     
   7.6399998292326927E-003   387.16722585348396        400.00000000000000     
   7.6799998283386232E-003   386.30654651549031        400.00000000000000     
   7.7199998274445529E-003   385.44381478509757        400.00000000000000     
   7.7599998265504835E-003   384.57842164796523        400.00000000000000     
   7.7999998256564141E-003   383.70972577013998        400.00000000000000     
   7.8399998247623438E-003   382.83705740729084        400.00000000000000     
   7.8799998238682743E-003   381.95972245311691        400.00000000000000     
   7.9199998229742049E-003   381.07700660881767        400.00000000000000     
   7.9599998220801355E-003   380.18817965433635        400.00000000000000     
   7.9999998211860660E-003   379.29249980092777        400.00000000000000     
   8.0399998202919966E-003   378.38921810350013        400.00000000000000     
   8.0799998193979254E-003   377.47758291013417        400.00000000000000     
   8.1199998185038560E-003   376.55684432522162        400.00000000000000     
   8.1599998176097865E-003   375.62625866184305        400.00000000000000     
   8.1999998167157171E-003   374.68509285829202        400.00000000000000     
   8.2399998158216477E-003   373.73262883310497        400.00000000000000     
   8.2799998149275782E-003   372.76816775261983        400.00000000000000     
   8.3199998140335088E-003   371.79103418490155        400.00000000000000     
   8.3599998131394376E-003   370.80058011396784        400.00000000000000     
   8.3999998122453682E-003   369.79618878852472        400.00000000000000     
   8.4399998113512988E-003   368.77727838000374        400.00000000000000     
   8.4799998104572293E-003   367.74330542548086        400.00000000000000     
   8.5199998095631599E-003   366.69376803214988        400.00000000000000     
   8.5599998086690905E-003   365.62820882136384        400.00000000000000     
   8.5999998077750210E-003   364.54621759184869        400.00000000000000     
   8.6399998068809498E-003   363.44743368356416        400.00000000000000     
   8.6799998059868804E-003   362.33154802575359        400.00000000000000     
   8.7199998050928110E-003   361.19830485505452        400.00000000000000     
   8.7599998041987415E-003   360.04750309202586        400.00000000000000     
   8.7999998033046721E-003   358.87899736712467        400.00000000000000     
   8.8399998024106027E-003   357.69269868997117        400.00000000000000     
   8.8799998015165332E-003   356.48857475864395        400.00000000000000     
   8.9199998006224638E-003   355.26664990872229        400.00000000000000     
   8.9599997997283926E-003   354.02700470478828        400.00000000000000     
   8.9999997988343232E-003   352.76977518008988        400.00000000000000     
   9.0399997979402538E-003   351.49515173299454        400.00000000000000     
   9.0799997970461843E-003   350.20337769170925        400.00000000000000     
   9.1199997961521149E-003   348.89474756144705        400.00000000000000     
   9.1599997952580454E-003   347.56960497077398        400.00000000000000     
   9.1999997943639760E-003   346.22834033621194        400.00000000000000     
   9.2399997934699048E-003   344.87138826630411        400.00000000000000     
   9.2799997925758354E-003   343.49922472821805        400.00000000000000     
   9.3199997916817660E-003   342.11236400155968        400.00000000000000     
   9.3599997907876965E-003   340.71135544539800        400.00000000000000     
   9.3999997898936271E-003   339.29678010550731        400.00000000000000     
   9.4399997889995577E-003   337.86924718955936        400.00000000000000     
   9.4799997881054882E-003   336.42939043841682        400.00000000000000     
   9.5199997872114171E-003   334.97786442178568        400.00000000000000     
   9.5599997863173476E-003   333.51534078633625        400.00000000000000     
   9.5999997854232782E-003   332.04250448394350        400.00000000000000     
   9.6399997845292087E-003   330.56005000700952        400.00000000000000     
   9.6799997836351393E-003   329.06867765689748        400.00000000000000     
   9.7199997827410699E-003   327.56908987035069        400.00000000000000     
   9.7599997818470004E-003   326.06198762744839        400.00000000000000     
   9.7999997809529310E-003   324.54806696314347        400.00000000000000     
   9.8399997800588598E-003   323.02801560280670        400.00000000000000     
   9.8799997791647904E-003   321.50250974045775        400.00000000000000     
   9.9199997782707210E-003   319.97221097655489        400.00000000000000     
   9.9599997773766515E-003   318.43776343034943        400.00000000000000     
   9.9999997764825821E-003   316.89979103990731        200.00000000000000     
   1.0039999775588513E-002   315.35889506101478        200.00000000000000     
   1.0079999774694443E-002   313.81565177429195        200.00000000000000     
   1.0119999773800372E-002   312.27061040801169        200.00000000000000     
   1.0159999772906303E-002   310.72429128231545        200.00000000000000     
   1.0199999772012233E-002   309.17718417880957        200.00000000000000     
   1.0239999771118164E-002   307.62974693789238        200.00000000000000     
   1.0279999770224094E-002   306.08240428460152        200.00000000000000     
   1.0319999769330025E-002   304.53554688233527        200.00000000000000     
   1.0359999768435955E-002   302.98953061245686        200.00000000000000     
   1.0399999767541884E-002   301.44467607654292        200.00000000000000     
   1.0439999766647815E-002   299.90126831691322        200.00000000000000     
   1.0479999765753745E-002   298.35955675005437        200.00000000000000     
   1.0519999764859676E-002   296.81975530662362        200.00000000000000     
   1.0559999763965607E-002   295.28204277089850        200.00000000000000     
   1.0599999763071537E-002   293.74656331181632        200.00000000000000     
   1.0639999762177468E-002   292.21342719710418        200.00000000000000     
   1.0679999761283396E-002   290.68271168145441        200.00000000000000     
   1.0719999760389327E-002   289.15446205922046        200.00000000000000     
   1.0759999759495258E-002   287.62869287170594        200.00000000000000     
   1.0799999758601188E-002   286.10538925878092        200.00000000000000     
   1.0839999757707119E-002   284.58450844427301        200.00000000000000     
   1.0879999756813049E-002   283.06598134435876        200.00000000000000     
   1.0919999755918980E-002   281.54971428798655        200.00000000000000     
   1.0959999755024910E-002   280.03559083823461        200.00000000000000     
   1.0999999754130839E-002   278.52347370338867        200.00000000000000     
   1.1039999753236770E-002   277.01320672646602        200.00000000000000     
   1.1079999752342700E-002   275.50461694186436        200.00000000000000     
   1.1119999751448631E-002   273.99751668781272        200.00000000000000     
   1.1159999750554562E-002   272.49170576330829        200.00000000000000     
   1.1199999749660492E-002   270.98697361827897        200.00000000000000     
   1.1239999748766423E-002   269.48310156577679        200.00000000000000     
   1.1279999747872351E-002   267.97986500510564        200.00000000000000     
   1.1319999746978282E-002   266.47703564492315        200.00000000000000     
   1.1359999746084213E-002   264.97438371550555        200.00000000000000     
   1.1399999745190143E-002   263.47168015956049        200.00000000000000     
   1.1439999744296074E-002   261.96869879120050        200.00000000000000     
   1.1479999743402004E-002   260.46521841294543        200.00000000000000     
   1.1519999742507935E-002   258.96102488092328        200.00000000000000     
   1.1559999741613864E-002   257.45591310878496        200.00000000000000     
   1.1599999740719794E-002   255.94968900122399        200.00000000000000     
   1.1639999739825725E-002   254.44217130842117        200.00000000000000     
   1.1679999738931655E-002   252.93319339320576        200.00000000000000     
   1.1719999738037586E-002   251.42260490323656        200.00000000000000     
   1.1759999737143517E-002   249.91027334106943        200.00000000000000     
   1.1799999736249447E-002   248.39608552557877        200.00000000000000     
   1.1839999735355378E-002   246.87994893884630        200.00000000000000     
   1.1879999734461306E-002   245.36179295331527        200.00000000000000     
   1.1919999733567237E-002   243.84156993472882        200.00000000000000     
   1.1959999732673168E-002   242.31925621712421        200.00000000000000     
   1.1999999731779098E-002   240.79485294693859        200.00000000000000     
   1.2039999730885029E-002   239.26838679408093        200.00000000000000     
   1.2079999729990959E-002   237.73991052865139        200.00000000000000     
   1.2119999729096890E-002   236.20950346281106        200.00000000000000     
   1.2159999728202819E-002   234.67727175814940        200.00000000000000     
   1.2199999727308749E-002   233.14334859971575        200.00000000000000     
   1.2239999726414680E-002   231.60789423870773        200.00000000000000     
   1.2279999725520610E-002   230.07109590660176        200.00000000000000     
   1.2319999724626541E-002   228.53316760428669        200.00000000000000     
   1.2359999723732472E-002   226.99434977050149        200.00000000000000     
   1.2399999722838402E-002   225.45490883456858        200.00000000000000     
   1.2439999721944331E-002   223.91513665907186        200.00000000000000     
   1.2479999721050261E-002   222.37534987872033        200.00000000000000     
   1.2519999720156192E-002   220.83588914217304        200.00000000000000     
   1.2559999719262123E-002   219.29711826407845        200.00000000000000     
   1.2599999718368053E-002   217.75942329498051        200.00000000000000     
   1.2639999717473984E-002   216.22321151708113        200.00000000000000     
   1.2679999716579914E-002   214.68891037410509        200.00000000000000     
   1.2719999715685845E-002   213.15696634370309        200.00000000000000     
   1.2759999714791774E-002   211.62784376093506        200.00000000000000     
   1.2799999713897704E-002   210.10202360141250        200.00000000000000     
   1.2839999713003635E-002   208.58000223264716        200.00000000000000     
   1.2879999712109565E-002   207.06229014203942        200.00000000000000     
   1.2919999711215496E-002   205.54941064976987        200.00000000000000     
   1.2959999710321427E-002   204.04189861462206        200.00000000000000     
   1.2999999709427357E-002   202.54029914046319        200.00000000000000     
   1.3039999708533286E-002   201.04516629076542        200.00000000000000     
   1.3079999707639216E-002   199.55706181815074        200.00000000000000     
   1.3119999706745147E-002   198.07655391550443        200.00000000000000     
   1.3159999705851078E-002   196.60421599472525        200.00000000000000     
   1.3199999704957008E-002   195.14062549867808        200.00000000000000     
   1.3239999704062939E-002   193.68636275138951        200.00000000000000     
   1.3279999703168869E-002   192.24200985097488        200.00000000000000     
   1.3319999702274798E-002   190.80814960924323        200.00000000000000     
   1.3359999701380729E-002   189.38536454135459        200.00000000000000     
   1.3399999700486659E-002   187.97423590836181        200.00000000000000     
   1.3439999699592590E-002   186.57534281490180        200.00000000000000     
   1.3479999698698520E-002   185.18926136377962        200.00000000000000     
   1.3519999697804451E-002   183.81656386865293        200.00000000000000     
   1.3559999696910381E-002   182.45781812553111        200.00000000000000     
   1.3599999696016312E-002   181.11358674332385        200.00000000000000     
   1.3639999695122241E-002   179.78442653322054        200.00000000000000     
   1.3679999694228171E-002   178.47088795626539        200.00000000000000     
   1.3719999693334102E-002   177.17351462810242        200.00000000000000     
   1.3759999692440033E-002   175.89284287950892        200.00000000000000     
   1.3799999691545963E-002   174.62940137101612        200.00000000000000     
   1.3839999690651894E-002   173.38371075962780        200.00000000000000     
   1.3879999689757824E-002   172.15628341540059        200.00000000000000     
   1.3919999688863753E-002   170.94762318543195        200.00000000000000     
   1.3959999687969684E-002   169.75822520262139        200.00000000000000     
   1.3999999687075614E-002   168.58857573642703        200.00000000000000     
   1.4039999686181545E-002   167.43915208272017        200.00000000000000     
   1.4079999685287475E-002   166.31042248976482        200.00000000000000     
   1.4119999684393406E-002   165.20284611729144        200.00000000000000     
   1.4159999683499336E-002   164.11687302561435        200.00000000000000     
   1.4199999682605265E-002   163.05294419173961        200.00000000000000     
   1.4239999681711196E-002   162.01149154944369        200.00000000000000     
   1.4279999680817126E-002   160.99293805034222        200.00000000000000     
   1.4319999679923057E-002   159.99769774305204        200.00000000000000     
   1.4359999679028988E-002   159.02617586762048        200.00000000000000     
   1.4399999678134918E-002   158.07876896251636        200.00000000000000     
   1.4439999677240849E-002   157.15586498158379        200.00000000000000     
   1.4479999676346779E-002   156.25784341849669        200.00000000000000     
   1.4519999675452708E-002   155.38507543639008        200.00000000000000     
   1.4559999674558639E-002   154.53792400049687        200.00000000000000     
   1.4599999673664569E-002   153.71674401177171        200.00000000000000     
   1.4639999672770500E-002   152.92188243964745        200.00000000000000     
   1.4679999671876430E-002   152.15367845223346        200.00000000000000     
   1.4719999670982361E-002   151.41246354243114        200.00000000000000     
   1.4759999670088291E-002   150.69856164861361        200.00000000000000     
   1.4799999669194220E-002   150.01228926867580        200.00000000000000     
   1.4839999668300151E-002   149.35395556643445        200.00000000000000     
   1.4879999667406081E-002   148.72386246951169        200.00000000000000     
   1.4919999666512012E-002   148.12230475799933        200.00000000000000     
   1.4959999665617943E-002   147.54957014335253        200.00000000000000     
   1.4999999664723873E-002   147.00593933710468        200.00000000000000     
   1.5039999663829804E-002   146.49168610914370        200.00000000000000     
   1.5079999662935733E-002   146.00707733541657        200.00000000000000     
   1.5119999662041663E-002   145.55237303505973        200.00000000000000     
   1.5159999661147594E-002   145.12782639706836        200.00000000000000     
   1.5199999660253524E-002   144.73368379673042        200.00000000000000     
   1.5239999659359455E-002   144.37018480214721        200.00000000000000     
   1.5279999658465385E-002   144.03756217126013        200.00000000000000     
   1.5319999657571316E-002   143.73604183988297        200.00000000000000     
   1.5359999656677246E-002   143.46584290130966        200.00000000000000     
   1.5399999655783175E-002   143.22717757814090        200.00000000000000     
   1.5439999654889106E-002   143.02025118701403        200.00000000000000     
   1.5479999653995036E-002   142.84526209698257        200.00000000000000     
   1.5519999653100967E-002   142.70240168231084        200.00000000000000     
   1.5559999652206898E-002   142.59185427049493        200.00000000000000     
   1.5599999651312828E-002   142.51379708632135        200.00000000000000     
   1.5639999650418759E-002   142.46840019280040        200.00000000000000     
   1.5679999649524688E-002   142.45582642980594        200.00000000000000     
   1.5719999648630620E-002   142.47623135124653        200.00000000000000     
   1.5759999647736549E-002   142.52976316158382        200.00000000000000     
   1.5799999646842477E-002   142.61656265249184        200.00000000000000     
   1.5839999645948410E-002   142.73676314042208        200.00000000000000     
   1.5879999645054339E-002   142.89049040580983        200.00000000000000     
   1.5919999644160271E-002   143.07786263461415        200.00000000000000     
   1.5959999643266200E-002   143.29899036284593        200.00000000000000     
   1.5999999642372132E-002   143.55397642468151        200.00000000000000     
   1.6039999641478061E-002   143.84291590471483        200.00000000000000     
   1.6079999640583993E-002   144.16589609483987        200.00000000000000     
   1.6119999639689922E-002   144.52299645619732        200.00000000000000     
   1.6159999638795851E-002   144.91428858655820        200.00000000000000     
   1.6199999637901783E-002   145.33983619345179        200.00000000000000     
   1.6239999637007712E-002   145.79969507328119        200.00000000000000     
   1.6279999636113644E-002   146.29391309660650        200.00000000000000     
   1.6319999635219573E-002   146.82253019970304        200.00000000000000     
   1.6359999634325505E-002   147.38557838244191        200.00000000000000     
   1.6399999633431434E-002   147.98308171247280        200.00000000000000     
   1.6439999632537363E-002   148.61505633562288        200.00000000000000     
   1.6479999631643295E-002   149.28151049236709        200.00000000000000     
   1.6519999630749224E-002   149.98244454015665        200.00000000000000     
   1.6559999629855156E-002   150.71785098134686        200.00000000000000     
   1.6599999628961085E-002   151.48771449639321        200.00000000000000     
   1.6639999628067018E-002   152.29201198194855        200.00000000000000     
   1.6679999627172946E-002   153.13071259343005        200.00000000000000     
   1.6719999626278875E-002   154.00377779159120        200.00000000000000     
   1.6759999625384808E-002   154.91116139258224        200.00000000000000     
   1.6799999624490736E-002   155.85280962095121        200.00000000000000     
   1.6839999623596669E-002   156.82866116499812        200.00000000000000     
   1.6879999622702598E-002   157.83864723387018        200.00000000000000     
   1.6919999621808530E-002   158.88269161575730        200.00000000000000     
   1.6959999620914459E-002   159.96071073652587        200.00000000000000     
   1.6999999620020387E-002   161.07261371811344        200.00000000000000     
   1.7039999619126320E-002   162.21830243599484        200.00000000000000     
   1.7079999618232249E-002   163.39767157501859        200.00000000000000     
   1.7119999617338181E-002   164.61060868291693        200.00000000000000     
   1.7159999616444110E-002   165.85699422077977        200.00000000000000     
   1.7199999615550042E-002   167.13670160980564        200.00000000000000     
   1.7239999614655971E-002   168.44959727363121        200.00000000000000     
   1.7279999613761900E-002   169.79554067557154        200.00000000000000     
   1.7319999612867832E-002   171.17438435010649        200.00000000000000     
   1.7359999611973761E-002   172.58597392797446        200.00000000000000     
   1.7399999611079693E-002   174.03014815426002        200.00000000000000     
   1.7439999610185622E-002   175.50673889887739        200.00000000000000     
   1.7479999609291554E-002   177.01557115889764        200.00000000000000     
   1.7519999608397483E-002   178.55646305218261        200.00000000000000     
   1.7559999607503412E-002   180.12922580183769        200.00000000000000     
   1.7599999606609344E-002   181.73366371102193        200.00000000000000     
   1.7639999605715273E-002   183.36957412769988        200.00000000000000     
   1.7679999604821205E-002   185.03674739896172        200.00000000000000     
   1.7719999603927134E-002   186.73496681457482        200.00000000000000     
   1.7759999603033066E-002   188.46400853948441        200.00000000000000     
   1.7799999602138995E-002   190.22364153501908        200.00000000000000     
   1.7839999601244928E-002   192.01362746861525        200.00000000000000     
   1.7879999600350856E-002   193.83372061191065        200.00000000000000     
   1.7919999599456785E-002   195.68366772712372        200.00000000000000     
   1.7959999598562718E-002   197.56320794167158        200.00000000000000     
   1.7999999597668646E-002   199.47207261104364        200.00000000000000     
   1.8039999596774579E-002   201.40998516999647        200.00000000000000     
   1.8079999595880508E-002   203.37666097218693        200.00000000000000     
   1.8119999594986440E-002   205.37180711842029        200.00000000000000     
   1.8159999594092369E-002   207.39512227374078        200.00000000000000     
   1.8199999593198297E-002   209.44629647364948        200.00000000000000     
   1.8239999592304230E-002   211.52501091978786        200.00000000000000     
   1.8279999591410159E-002   213.63093776548243        200.00000000000000     
   1.8319999590516091E-002   215.76373989160200        200.00000000000000     
   1.8359999589622020E-002   217.92307067323119        200.00000000000000     
   1.8399999588727952E-002   220.10857373772632        200.00000000000000     
   1.8439999587833881E-002   222.31988271476666        200.00000000000000     
   1.8479999586939810E-002   224.55662097907526        200.00000000000000     
   1.8519999586045742E-002   226.81840138654044        200.00000000000000     
   1.8559999585151671E-002   229.10482600451328        200.00000000000000     
   1.8599999584257603E-002   231.41548583712438        200.00000000000000     
   1.8639999583363532E-002   233.74996054650782        200.00000000000000     
   1.8679999582469464E-002   236.10781817087417        200.00000000000000     
   1.8719999581575393E-002   238.48861484042919        200.00000000000000     
   1.8759999580681322E-002   240.89189449218861        200.00000000000000     
   1.8799999579787254E-002   243.31718858478064        200.00000000000000     
   1.8839999578893183E-002   245.76401581438739        200.00000000000000     
   1.8879999577999115E-002   248.23188183302250        200.00000000000000     
   1.8919999577105044E-002   250.72027897037714        200.00000000000000     
   1.8959999576210976E-002   253.22868596053664        200.00000000000000     
   1.8999999575316905E-002   255.75656767488042        200.00000000000000     
   1.9039999574422834E-002   258.30337486255303        200.00000000000000     
   1.9079999573528766E-002   260.86854389990077        200.00000000000000     
   1.9119999572634695E-002   263.45149655033464        200.00000000000000     
   1.9159999571740628E-002   266.05163973609115        200.00000000000000     
   1.9199999570846556E-002   268.66836532340216        200.00000000000000     
   1.9239999569952489E-002   271.30104992261647        200.00000000000000     
   1.9279999569058417E-002   273.94905470483144        200.00000000000000     
   1.9319999568164346E-002   276.61172523661577        200.00000000000000     
   1.9359999567270279E-002   279.28839133442222        200.00000000000000     
   1.9399999566376207E-002   281.97836694029536        200.00000000000000     
   1.9439999565482140E-002   284.68095002049006        200.00000000000000     
   1.9479999564588069E-002   287.39542248861153        200.00000000000000     
   1.9519999563694001E-002   290.12105015488930        200.00000000000000     
   1.9559999562799930E-002   292.85708270317480        200.00000000000000     
   1.9599999561905862E-002   295.60275369725150        200.00000000000000     
   1.9639999561011791E-002   298.35728061800125        200.00000000000000     
   1.9679999560117720E-002   301.11986493295956        200.00000000000000     
   1.9719999559223652E-002   303.88969219973342        200.00000000000000     
   1.9759999558329581E-002   306.66593220472464        200.00000000000000     
   1.9799999557435513E-002   309.44773913853709        200.00000000000000     
   1.9839999556541442E-002   312.23425180938165        200.00000000000000     
   1.9879999555647374E-002   315.02459389572749        200.00000000000000     
   1.9919999554753303E-002   317.81787423936072        200.00000000000000     
   1.9959999553859232E-002   320.61318717992009        200.00000000000000     
   1.9999999552965164E-002   323.40961293188565        200.00000000000000     
   2.0039999552071093E-002   326.20621800488038        400.00000000000000     
   2.0079999551177025E-002   329.00205566802930        400.00000000000000     
   2.0119999550282954E-002   331.79616645899307        400.00000000000000     
   2.0159999549388886E-002   334.58757873815392        400.00000000000000     
   2.0199999548494815E-002   337.37530928828170        400.00000000000000     
   2.0239999547600744E-002   340.15836395986173        400.00000000000000     
   2.0279999546706676E-002   342.93573836208924        400.00000000000000     
   2.0319999545812605E-002   345.70641859937132        400.00000000000000     
   2.0359999544918538E-002   348.46938205299290        400.00000000000000     
   2.0399999544024466E-002   351.22359820741042        400.00000000000000     
   2.0439999543130399E-002   353.96802952045704        400.00000000000000     
   2.0479999542236327E-002   356.70163233651220        400.00000000000000     
   2.0519999541342256E-002   359.42335784151925        400.00000000000000     
   2.0559999540448189E-002   362.13215305849337        400.00000000000000     
   2.0599999539554117E-002   364.82696188195644        400.00000000000000     
   2.0639999538660050E-002   367.50672614952720        400.00000000000000     
   2.0679999537765979E-002   370.17038674866166        400.00000000000000     
   2.0719999536871911E-002   372.81688475633121        400.00000000000000     
   2.0759999535977840E-002   375.44516260919858        400.00000000000000     
   2.0799999535083769E-002   378.05416530164706        400.00000000000000     
   2.0839999534189701E-002   380.64284160879697        400.00000000000000     
   2.0879999533295630E-002   383.21014533143978        400.00000000000000     
   2.0919999532401562E-002   385.75503655962547        400.00000000000000     
   2.0959999531507491E-002   388.27648295143985        400.00000000000000     
   2.0999999530613423E-002   390.77346102333291        400.00000000000000     
   2.1039999529719352E-002   393.24495744818205        400.00000000000000     
   2.1079999528825281E-002   395.68997035712550        400.00000000000000     
   2.1119999527931213E-002   398.10751064104932        400.00000000000000     
   2.1159999527037142E-002   400.49660324748737        400.00000000000000     
   2.1199999526143074E-002   402.85628846858071        400.00000000000000     
   2.1239999525249003E-002   405.18562321566020        400.00000000000000     
   2.1279999524354935E-002   407.48368227592510        400.00000000000000     
   2.1319999523460864E-002   409.74955954665967        400.00000000000000     
   2.1359999522566793E-002   411.98236924238330        400.00000000000000     
   2.1399999521672725E-002   414.18124707033968        400.00000000000000     
   2.1439999520778654E-002   416.34535136972607        400.00000000000000     
   2.1479999519884586E-002   418.47386421013215        400.00000000000000     
   2.1519999518990515E-002   420.56599244469481        400.00000000000000     
   2.1559999518096448E-002   422.62096871359807        400.00000000000000     
   2.1599999517202376E-002   424.63805239363495        400.00000000000000     
   2.1639999516308309E-002   426.61653048971044        400.00000000000000     
   2.1679999515414237E-002   428.55571846432770        400.00000000000000     
   2.1719999514520166E-002   430.45496100128440        400.00000000000000     
   2.1759999513626099E-002   432.31363270003590        400.00000000000000     
   2.1799999512732027E-002   434.13113869740812        400.00000000000000     
   2.1839999511837960E-002   435.90691521361890        400.00000000000000     
   2.1879999510943889E-002   437.64043001984095        400.00000000000000     
   2.1919999510049821E-002   439.33118282485020        400.00000000000000     
   2.1959999509155750E-002   440.97870557861791        400.00000000000000     
   2.1999999508261679E-002   442.58256269106528        400.00000000000000     
   2.2039999507367611E-002   444.14235116452056        400.00000000000000     
   2.2079999506473540E-002   445.65770063883156        400.00000000000000     
   2.2119999505579472E-002   447.12827334842166        400.00000000000000     
   2.2159999504685401E-002   448.55376399100817        400.00000000000000     
   2.2199999503791333E-002   449.93389950807568        400.00000000000000     
   2.2239999502897262E-002   451.26843877760155        400.00000000000000     
   2.2279999502003191E-002   452.55717221995423        400.00000000000000     
   2.2319999501109123E-002   453.79992131826822        400.00000000000000     
   2.2359999500215052E-002   454.99653805502652        400.00000000000000     
   2.2399999499320984E-002   456.14690426696797        400.00000000000000     
   2.2439999498426913E-002   457.25093092084558        400.00000000000000     
   2.2479999497532845E-002   458.30855731293883        400.00000000000000     
   2.2519999496638774E-002   459.31975019561020        400.00000000000000     
   2.2559999495744703E-002   460.28450283456004        400.00000000000000     
   2.2599999494850635E-002   461.20283400078085        400.00000000000000     
   2.2639999493956564E-002   462.07478690156125        400.00000000000000     
   2.2679999493062496E-002   462.90042805519209        400.00000000000000     
   2.2719999492168425E-002   463.67984611434616        400.00000000000000     
   2.2759999491274358E-002   464.41315064336675        400.00000000000000     
   2.2799999490380286E-002   465.10047085496728        400.00000000000000     
   2.2839999489486215E-002   465.74195431208068        400.00000000000000     
   2.2879999488592147E-002   466.33776560079451        400.00000000000000     
   2.2919999487698076E-002   466.88808498052032        400.00000000000000     
   2.2959999486804009E-002   467.39310701766766        400.00000000000000     
   2.2999999485909937E-002   467.85303920926765        400.00000000000000     
   2.3039999485015870E-002   468.26810060306434        400.00000000000000     
   2.3079999484121799E-002   468.63852042068663        400.00000000000000     
   2.3119999483227727E-002   468.96453669055791        400.00000000000000     
   2.3159999482333660E-002   469.24639489722676        400.00000000000000     
   2.3199999481439589E-002   469.48434665378142        400.00000000000000     
   2.3239999480545521E-002   469.67864840399108        400.00000000000000     
   2.3279999479651450E-002   469.82956016073308        400.00000000000000     
   2.3319999478757382E-002   469.93734428718187        400.00000000000000     
   2.3359999477863311E-002   470.00226432709889        400.00000000000000     
   2.3399999476969243E-002   470.02458389041419        400.00000000000000     
   2.3439999476075172E-002   470.00456560009792        400.00000000000000     
   2.3479999475181101E-002   469.94247010611213        400.00000000000000     
   2.3519999474287033E-002   469.83855517197759        400.00000000000000     
   2.3559999473392962E-002   469.69307483921824        400.00000000000000     
   2.3599999472498894E-002   469.50627867464726        400.00000000000000     
   2.3639999471604823E-002   469.27841110511167        400.00000000000000     
   2.3679999470710755E-002   469.00971084395138        400.00000000000000     
   2.3719999469816684E-002   468.70041041304290        400.00000000000000     
   2.3759999468922613E-002   468.35073576385662        400.00000000000000     
   2.3799999468028545E-002   467.96090600052810        400.00000000000000     
   2.3839999467134474E-002   467.53113320744120        400.00000000000000     
   2.3879999466240406E-002   467.06162238332615        400.00000000000000     
   2.3919999465346335E-002   466.55257148335011        400.00000000000000     
   2.3959999464452267E-002   466.00417157009684        400.00000000000000     
   2.3999999463558196E-002   465.41660707377474        400.00000000000000     
   2.4039999462664125E-002   464.79005616136942        400.00000000000000     
   2.4079999461770057E-002   464.12469121384544        400.00000000000000     
   2.4119999460875986E-002   463.42067940985629        400.00000000000000     
   2.4159999459981919E-002   462.67818341375374        400.00000000000000     
   2.4199999459087847E-002   461.89736216503439        400.00000000000000     
   2.4239999458193780E-002   461.07837176566989        400.00000000000000     
   2.4279999457299709E-002   460.22136646108487        400.00000000000000     
   2.4319999456405637E-002   459.32649970986017        400.00000000000000     
   2.4359999455511570E-002   458.39392533655803        400.00000000000000     
   2.4399999454617499E-002   457.42379876138324        400.00000000000000     
   2.4439999453723431E-002   456.41627829974021        400.00000000000000     
   2.4479999452829360E-002   455.37152652409213        400.00000000000000     
   2.4519999451935292E-002   454.28971167991301        400.00000000000000     
   2.4559999451041221E-002   453.17100914693691        400.00000000000000     
   2.4599999450147150E-002   452.01560293634265        400.00000000000000     
   2.4639999449253082E-002   450.82368721401866        400.00000000000000     
   2.4679999448359011E-002   449.59546783957614        400.00000000000000     
   2.4719999447464943E-002   448.33116391038067        400.00000000000000     
   2.4759999446570872E-002   447.03100929953513        400.00000000000000     
   2.4799999445676804E-002   445.69525417644974        400.00000000000000     
   2.4839999444782733E-002   444.32416649846829        400.00000000000000     
   2.4879999443888662E-002   442.91803346186123        400.00000000000000     
   2.4919999442994594E-002   441.47716290048606        400.00000000000000     
   2.4959999442100523E-002   440.00188462045048        400.00000000000000     
   2.4999999441206455E-002   438.49255165926564        400.00000000000000     
   2.5039999440312384E-002   436.94954145820373        400.00000000000000     
   2.5079999439418316E-002   435.37325693691872        400.00000000000000     
   2.5119999438524245E-002   433.76412745980622        400.00000000000000     
   2.5159999437630177E-002   432.12260968411306        400.00000000000000     
   2.5199999436736106E-002   430.44918828042665        400.00000000000000     
   2.5239999435842035E-002   428.74437651687492        400.00000000000000     
   2.5279999434947967E-002   427.00871669919064        400.00000000000000     
   2.5319999434053896E-002   425.24278045965065        400.00000000000000     
   2.5359999433159829E-002   423.44716888888200        400.00000000000000     
   2.5399999432265757E-002   421.62251250554385        400.00000000000000     
   2.5439999431371690E-002   419.76947105998596        400.00000000000000     
   2.5479999430477619E-002   417.88873316913066        400.00000000000000     
   2.5519999429583547E-002   415.98101578100403        400.00000000000000     
   2.5559999428689480E-002   414.04706346854738        400.00000000000000     
   2.5599999427795408E-002   412.08764755359636        400.00000000000000     
   2.5639999426901341E-002   410.10356506311336        400.00000000000000     
   2.5679999426007270E-002   408.09563752103656        400.00000000000000     
   2.5719999425113202E-002   406.06470958028615        400.00000000000000     
   2.5759999424219131E-002   404.01164750068097        400.00000000000000     
   2.5799999423325060E-002   401.93733747964433        400.00000000000000     
   2.5839999422430992E-002   399.84268384368193        400.00000000000000     
   2.5879999421536921E-002   397.72860710963886        400.00000000000000     
   2.5919999420642853E-002   395.59604192568787        400.00000000000000     
   2.5959999419748782E-002   393.44593490289697        400.00000000000000     
   2.5999999418854714E-002   391.27924234897887        400.00000000000000     
   2.6039999417960643E-002   389.09692791653379        400.00000000000000     
   2.6079999417066572E-002   386.89996017867389        400.00000000000000     
   2.6119999416172504E-002   384.68931014539203        400.00000000000000     
   2.6159999415278433E-002   382.46594873442109        400.00000000000000     
   2.6199999414384365E-002   380.23084421058149        400.00000000000000     
   2.6239999413490294E-002   377.98495960777188        400.00000000000000     
   2.6279999412596226E-002   375.72925014780725        400.00000000000000     
   2.6319999411702155E-002   373.46466067024153        400.00000000000000     
   2.6359999410808084E-002   371.19212308716266        400.00000000000000     
   2.6399999409914016E-002   368.91255387667911        400.00000000000000     
   2.6439999409019945E-002   366.62685162848487        400.00000000000000     
   2.6479999408125877E-002   364.33589465445004        400.00000000000000     
   2.6519999407231806E-002   362.04053867668569        400.00000000000000     
   2.6559999406337739E-002   359.74161460495122        400.00000000000000     
   2.6599999405443667E-002   357.43992641465161        400.00000000000000     
   2.6639999404549596E-002   355.13624913596522        400.00000000000000     
   2.6679999403655529E-002   352.83132696393653        400.00000000000000     
   2.6719999402761457E-002   350.52587149858840        400.00000000000000     
   2.6759999401867390E-002   348.22056012331456        400.00000000000000     
   2.6799999400973318E-002   345.91603452901415        400.00000000000000     
   2.6839999400079251E-002   343.61289939058747        400.00000000000000     
   2.6879999399185180E-002   341.31172120158550        400.00000000000000     
   2.6919999398291108E-002   339.01302727197543        400.00000000000000     
   2.6959999397397041E-002   336.71730489314592        400.00000000000000     
   2.6999999396502970E-002   334.42500067345929        400.00000000000000     
   2.7039999395608902E-002   332.13652004683519        400.00000000000000     
   2.7079999394714831E-002   329.85222695607450        400.00000000000000     
   2.7119999393820763E-002   327.57244371182367        400.00000000000000     
   2.7159999392926692E-002   325.29745102733779        400.00000000000000     
   2.7199999392032624E-002   323.02748822844148        400.00000000000000     
   2.7239999391138553E-002   320.76275363736659        400.00000000000000     
   2.7279999390244482E-002   318.50340512842331        400.00000000000000     
   2.7319999389350414E-002   316.24956085278120        400.00000000000000     
   2.7359999388456343E-002   314.00130012894454        400.00000000000000     
   2.7399999387562275E-002   311.75866449484442        400.00000000000000     
   2.7439999386668204E-002   309.52165891681926        400.00000000000000     
   2.7479999385774136E-002   307.29025315010449        400.00000000000000     
   2.7519999384880065E-002   305.06438324482883        400.00000000000000     
   2.7559999383985994E-002   302.84395319087457        400.00000000000000     
   2.7599999383091926E-002   300.62883669435689        400.00000000000000     
   2.7639999382197855E-002   298.41887907785389        400.00000000000000     
   2.7679999381303787E-002   296.21389929592118        400.00000000000000     
   2.7719999380409716E-002   294.01369205683341        400.00000000000000     
   2.7759999379515649E-002   291.81803004090438        400.00000000000000     
   2.7799999378621577E-002   289.62666620517899        400.00000000000000     
   2.7839999377727506E-002   287.43933616372288        400.00000000000000     
   2.7879999376833439E-002   285.25576063221433        400.00000000000000     
   2.7919999375939367E-002   283.07564792503564        400.00000000000000     
   2.7959999375045300E-002   280.89869649257628        400.00000000000000     
   2.7999999374151228E-002   278.72459748603939        400.00000000000000     
   2.8039999373257161E-002   276.55303733663726        400.00000000000000     
   2.8079999372363090E-002   274.38370033573557        400.00000000000000     
   2.8119999371469018E-002   272.21627120221501        400.00000000000000     
   2.8159999370574951E-002   270.05043762312778        400.00000000000000     
   2.8199999369680880E-002   267.88589275357617        400.00000000000000     
   2.8239999368786812E-002   265.72233766170956        400.00000000000000     
   2.8279999367892741E-002   263.55948370477512        400.00000000000000     
   2.8319999366998673E-002   261.39705482230391        400.00000000000000     
   2.8359999366104602E-002   259.23478973277435        400.00000000000000     
   2.8399999365210531E-002   257.07244402044495        400.00000000000000     
   2.8439999364316463E-002   254.90979209954739        400.00000000000000     
   2.8479999363422392E-002   252.74662904360818        400.00000000000000     
   2.8519999362528324E-002   250.58277226839775        400.00000000000000     
   2.8559999361634253E-002   248.41806305783567        400.00000000000000     
   2.8599999360740185E-002   246.25236792312822        400.00000000000000     
   2.8639999359846114E-002   244.08557978648011        400.00000000000000     
   2.8679999358952043E-002   241.91761898188170        400.00000000000000     
   2.8719999358057975E-002   239.74843406673943        400.00000000000000     
   2.8759999357163904E-002   237.57800243945923        400.00000000000000     
   2.8799999356269836E-002   235.40633075951092        400.00000000000000     
   2.8839999355375765E-002   233.23345516798415        400.00000000000000     
   2.8879999354481697E-002   231.05944130816124        400.00000000000000     
   2.8919999353587626E-002   228.88438414718678        400.00000000000000     
   2.8959999352693559E-002   226.70840760146672        400.00000000000000     
   2.8999999351799487E-002   224.53166396998273        400.00000000000000     
   2.9039999350905416E-002   222.35433318122210        400.00000000000000     
   2.9079999350011349E-002   220.17662186090959        400.00000000000000     
   2.9119999349117277E-002   217.99876222912928        400.00000000000000     
   2.9159999348223210E-002   215.82101083675408        400.00000000000000     
   2.9199999347329138E-002   213.64364715234760        400.00000000000000     
   2.9239999346435071E-002   211.46697201179870        400.00000000000000     
   2.9279999345541000E-002   209.29130594396540        400.00000000000000     
   2.9319999344646928E-002   207.11698738644685        400.00000000000000     
   2.9359999343752861E-002   204.94437080631798        400.00000000000000     
   2.9399999342858790E-002   202.77382474121802        400.00000000000000     
   2.9439999341964722E-002   200.60572977658040        400.00000000000000     
   2.9479999341070651E-002   198.44047647503530        400.00000000000000     
   2.9519999340176583E-002   196.27846327408903        400.00000000000000     
   2.9559999339282512E-002   194.12009436811610        400.00000000000000     
   2.9599999338388441E-002   191.96577759045937        400.00000000000000     
   2.9639999337494373E-002   189.81592231107160        400.00000000000000     
   2.9679999336600302E-002   187.67093736461504        400.00000000000000     
   2.9719999335706234E-002   185.53122902329579        400.00000000000000     
   2.9759999334812163E-002   183.39719902798004        400.00000000000000     
   2.9799999333918095E-002   181.26924269026188        400.00000000000000     
   2.9839999333024024E-002   179.14774707724948        400.00000000000000     
   2.9879999332129953E-002   177.03308928980448        400.00000000000000     
   2.9919999331235885E-002   174.92563484392019        400.00000000000000     
   2.9959999330341814E-002   172.82573616381580        400.00000000000000     
   2.9999999329447746E-002   170.73373119419026        0.0000000000000000     
   3.0039999328553675E-002   168.64994213792926        0.0000000000000000     
   3.0079999327659607E-002   166.57467432441936        0.0000000000000000     
   3.0119999326765536E-002   164.50821521247909        0.0000000000000000     
   3.0159999325871465E-002   162.45083353080580        0.0000000000000000     
   3.0199999324977397E-002   160.40277855776134        0.0000000000000000     
   3.0239999324083326E-002   158.36427954127126        0.0000000000000000     
   3.0279999323189258E-002   156.33554525862749        0.0000000000000000     
   3.0319999322295187E-002   154.31676371505256        0.0000000000000000     
   3.0359999321401120E-002   152.30810197899325        0.0000000000000000     
   3.0399999320507048E-002   150.30970615131608        0.0000000000000000     
   3.0439999319612977E-002   148.32170146481579        0.0000000000000000     
   3.0479999318718910E-002   146.34419250977402        0.0000000000000000     
   3.0519999317824838E-002   144.37726358068940        0.0000000000000000     
   3.0559999316930771E-002   142.42097913874755        0.0000000000000000     
   3.0599999316036700E-002   140.47538438412619        0.0000000000000000     
   3.0639999315142632E-002   138.54050593179252        0.0000000000000000     
   3.0679999314248561E-002   136.61635258410516        0.0000000000000000     
   3.0719999313354493E-002   134.70291619321137        0.0000000000000000     
   3.0759999312460422E-002   132.80017260598936        0.0000000000000000     
   3.0799999311566351E-002   130.90808268406920        0.0000000000000000     
   3.0839999310672283E-002   129.02659339132126        0.0000000000000000     
   3.0879999309778212E-002   127.15563894107282        0.0000000000000000     
   3.0919999308884144E-002   125.29514199524287        0.0000000000000000     
   3.0959999307990073E-002   123.44501490754239        0.0000000000000000     
   3.0999999307096005E-002   121.60516100287531        0.0000000000000000     
   3.1039999306201934E-002   119.77547588509995        0.0000000000000000     
   3.1079999305307863E-002   117.95584876535621        0.0000000000000000     
   3.1119999304413795E-002   116.14616380323949        0.0000000000000000     
   3.1159999303519724E-002   114.34630145320322        0.0000000000000000     
   3.1199999302625656E-002   112.55613980868803        0.0000000000000000     
   3.1239999301731585E-002   110.77555593663101        0.0000000000000000     
   3.1279999300837517E-002   109.00442719516396        0.0000000000000000     
   3.1319999299943446E-002   107.24263252751170        0.0000000000000000     
   3.1359999299049375E-002   105.49005372530085        0.0000000000000000     
   3.1399999298155304E-002   103.74657665474108        0.0000000000000000     
   3.1439999297261240E-002   102.01209243938106        0.0000000000000000     
   3.1479999296367168E-002   100.28649859344310        0.0000000000000000     
   3.1519999295473097E-002   98.569700100032009        0.0000000000000000     
   3.1559999294579026E-002   96.861610428860004        0.0000000000000000     
   3.1599999293684955E-002   95.162152488481908        0.0000000000000000     
   3.1639999292790891E-002   93.471259508418498        0.0000000000000000     
   3.1679999291896820E-002   91.788875846964572        0.0000000000000000     
   3.1719999291002748E-002   90.114957720902581        0.0000000000000000     
   3.1759999290108677E-002   88.449473853819057        0.0000000000000000     
   3.1799999289214613E-002   86.792406040191977        0.0000000000000000     
   3.1839999288320542E-002   85.143749622932887        0.0000000000000000     
   3.1879999287426471E-002   83.503513882587711        0.0000000000000000     
   3.1919999286532399E-002   81.871722336949489        0.0000000000000000     
   3.1959999285638328E-002   80.248412950390090        0.0000000000000000     
   3.1999999284744264E-002   78.633638252784223        0.0000000000000000     
   3.2039999283850193E-002   77.027465368480364        0.0000000000000000     
   3.2079999282956122E-002   75.429975956335767        0.0000000000000000     
   3.2119999282062051E-002   73.841266062424765        0.0000000000000000     
   3.2159999281167986E-002   72.261445887574979        0.0000000000000000     
   3.2199999280273915E-002   70.690639472454706        0.0000000000000000     
   3.2239999279379844E-002   69.128984303454217        0.0000000000000000     
   3.2279999278485773E-002   67.576630843127745        0.0000000000000000     
   3.2319999277591702E-002   66.033741989431192        0.0000000000000000     
   3.2359999276697637E-002   64.500492468442857        0.0000000000000000     
   3.2399999275803566E-002   62.977068165665038        0.0000000000000000     
   3.2439999274909495E-002   61.463665401357666        0.0000000000000000     
   3.2479999274015424E-002   59.960490155685008        0.0000000000000000     
   3.2519999273121353E-002   58.467757249711433        0.0000000000000000     
   3.2559999272227289E-002   56.985689488497442        0.0000000000000000     
   3.2599999271333217E-002   55.514516772705299        0.0000000000000000     
   3.2639999270439146E-002   54.054475185215018        0.0000000000000000     
   3.2679999269545075E-002   52.605806059298452        0.0000000000000000     
   3.2719999268651011E-002   51.168755034877165        0.0000000000000000     
   3.2759999267756940E-002   49.743571109314864        0.0000000000000000     
   3.2799999266862868E-002   48.330505689059244        0.0000000000000000     
   3.2839999265968797E-002   46.929811648274239        0.0000000000000000     
   3.2879999265074726E-002   45.541742400354565        0.0000000000000000     
   3.2919999264180662E-002   44.166550987940376        0.0000000000000000     
   3.2959999263286591E-002   42.804489196723431        0.0000000000000000     
   3.2999999262392520E-002   41.455806697965862        0.0000000000000000     
   3.3039999261498448E-002   40.120750224264377        0.0000000000000000     
   3.3079999260604377E-002   38.799562782661944        0.0000000000000000     
   3.3119999259710313E-002   37.492482908759492        0.0000000000000000     
   3.3159999258816242E-002   36.199743965023366        0.0000000000000000     
   3.3199999257922171E-002   34.921573485995012        0.0000000000000000     
   3.3239999257028099E-002   33.658192572641113        0.0000000000000000     
   3.3279999256134035E-002   32.409815337592121        0.0000000000000000     
   3.3319999255239964E-002   31.176648402537054        0.0000000000000000     
   3.3359999254345893E-002   29.958890448582007        0.0000000000000000     
   3.3399999253451822E-002   28.756731819919523        0.0000000000000000     
   3.3439999252557751E-002   27.570354180723335        0.0000000000000000     
   3.3479999251663686E-002   26.399930224763995        0.0000000000000000     
   3.3519999250769615E-002   25.245623436861496        0.0000000000000000     
   3.3559999249875544E-002   24.107587904915047        0.0000000000000000     
   3.3599999248981473E-002   22.985968180934897        0.0000000000000000     
   3.3639999248087409E-002   21.880899189187591        0.0000000000000000     
   3.3679999247193337E-002   20.792506179307175        0.0000000000000000     
   3.3719999246299266E-002   19.720904721984581        0.0000000000000000     
   3.3759999245405195E-002   18.666200744655754        0.0000000000000000     
   3.3799999244511124E-002   17.628490604431381        0.0000000000000000     
   3.3839999243617060E-002   16.607861195389862        0.0000000000000000     
   3.3879999242722988E-002   15.604390087243278        0.0000000000000000     
   3.3919999241828917E-002   14.618145692321313        0.0000000000000000     
   3.3959999240934846E-002   13.649187457779210        0.0000000000000000     
   3.3999999240040775E-002   12.697566079915717        0.0000000000000000     
   3.4039999239146711E-002   11.763323737512907        0.0000000000000000     
   3.4079999238252640E-002   10.846494341131633        0.0000000000000000     
   3.4119999237358568E-002   9.9471037953708201        0.0000000000000000     
   3.4159999236464497E-002   9.0651702711732458        0.0000000000000000     
   3.4199999235570433E-002   8.2007044853548141        0.0000000000000000     
   3.4239999234676362E-002   7.3537099846570104        0.0000000000000000     
   3.4279999233782291E-002   6.5241834317415055        0.0000000000000000     
   3.4319999232888219E-002   5.7121148906910308        0.0000000000000000     
   3.4359999231994148E-002   4.9174881097308276        0.0000000000000000     
   3.4399999231100084E-002   4.1402807990353789        0.0000000000000000     
   3.4439999230206013E-002   3.3804649016590185        0.0000000000000000     
   3.4479999229311942E-002   2.6380068557880127        0.0000000000000000     
   3.4519999228417871E-002   1.9128678466890510        0.0000000000000000     
   3.4559999227523799E-002   1.2050040468997296        0.0000000000000000     
   3.4599999226629735E-002  0.51436684338022676        0.0000000000000000     
   3.4639999225735664E-002 -0.15909694948274541        0.0000000000000000     
   3.4679999224841593E-002 -0.81544489195786241        0.0000000000000000     
   3.4719999223947522E-002  -1.4547387369062064        0.0000000000000000     
   3.4759999223053457E-002  -2.0770442641802509        0.0000000000000000     
   3.4799999222159386E-002  -2.6824311319299667        0.0000000000000000     
   3.4839999221265315E-002  -3.2709727451106110        0.0000000000000000     
   3.4879999220371244E-002  -3.8427461413325430        0.0000000000000000     
   3.4919999219477173E-002  -4.3978318940516550        0.0000000000000000     
   3.4959999218583108E-002  -4.9363140329682276        0.0000000000000000     
   3.4999999217689037E-002  -5.4582799813605360        0.0000000000000000     
   3.5039999216794966E-002  -5.9638205099702395        0.0000000000000000     
   3.5079999215900895E-002  -6.4530297069303559        0.0000000000000000     
   3.5119999215006824E-002  -6.9260049631226286        0.0000000000000000     
   3.5159999214112760E-002  -7.3828469722554635        0.0000000000000000     
   3.5199999213218688E-002  -7.8236597448493175        0.0000000000000000     
   3.5239999212324617E-002  -8.2485506352468132        0.0000000000000000     
   3.5279999211430546E-002  -8.6576303806745827        0.0000000000000000     
   3.5319999210536482E-002  -9.0510131513247813        0.0000000000000000     
   3.5359999209642411E-002  -9.4288166103584263        0.0000000000000000     
   3.5399999208748339E-002  -9.7911619826829597        0.0000000000000000     
   3.5439999207854268E-002  -10.138174131312402        0.0000000000000000     
   3.5479999206960197E-002  -10.469981640077977        0.0000000000000000     
   3.5519999206066133E-002  -10.786716901438046        0.0000000000000000     
   3.5559999205172062E-002  -11.088516208106228        0.0000000000000000     
   3.5599999204277991E-002  -11.375519847212622        0.0000000000000000     
   3.5639999203383919E-002  -11.647872195705656        0.0000000000000000     
   3.5679999202489855E-002  -11.905721815705080        0.0000000000000000     
   3.5719999201595784E-002  -12.149221548532712        0.0000000000000000     
   3.5759999200701713E-002  -12.378528606163799        0.0000000000000000     
   3.5799999199807642E-002  -12.593804658866736        0.0000000000000000     
   3.5839999198913570E-002  -12.795215917840496        0.0000000000000000     
   3.5879999198019506E-002  -12.982933211690693        0.0000000000000000     
   3.5919999197125435E-002  -13.157132055640476        0.0000000000000000     
   3.5959999196231364E-002  -13.317992712422338        0.0000000000000000     
   3.5999999195337293E-002  -13.465700243860532        0.0000000000000000     
   3.6039999194443222E-002  -13.600444552215404        0.0000000000000000     
   3.6079999193549157E-002  -13.722420410435719        0.0000000000000000     
   3.6119999192655086E-002  -13.831827480541234        0.0000000000000000     
   3.6159999191761015E-002  -13.928870319433628        0.0000000000000000     
   3.6199999190866944E-002  -14.013758371524240        0.0000000000000000     
   3.6239999189972880E-002  -14.086705947648442        0.0000000000000000     
   3.6279999189078808E-002  -14.147932189830666        0.0000000000000000     
   3.6319999188184737E-002  -14.197661021554774        0.0000000000000000     
   3.6359999187290666E-002  -14.236121083285409        0.0000000000000000     
   3.6399999186396595E-002  -14.263545653085883        0.0000000000000000     
   3.6439999185502531E-002  -14.280172552265594        0.0000000000000000     
   3.6479999184608460E-002  -14.286244036091015        0.0000000000000000     
   3.6519999183714388E-002  -14.282006669679953        0.0000000000000000     
   3.6559999182820317E-002  -14.267711189296083        0.0000000000000000     
   3.6599999181926246E-002  -14.243612349346986        0.0000000000000000     
   3.6639999181032182E-002  -14.209968755471900        0.0000000000000000     
   3.6679999180138111E-002  -14.167042684193556        0.0000000000000000     
   3.6719999179244039E-002  -14.115099889680755        0.0000000000000000     
   3.6759999178349968E-002  -14.054409398246140        0.0000000000000000     
   3.6799999177455904E-002  -13.985243291269958        0.0000000000000000     
   3.6839999176561833E-002  -13.907876477303605        0.0000000000000000     
   3.6879999175667762E-002  -13.822586454165398        0.0000000000000000     
   3.6919999174773691E-002  -13.729653061891028        0.0000000000000000     
   3.6959999173879619E-002  -13.629358227446220        0.0000000000000000     
   3.6999999172985555E-002  -13.521985702145926        0.0000000000000000     
   3.7039999172091484E-002  -13.407820792759084        0.0000000000000000     
   3.7079999171197413E-002  -13.287150087298343        0.0000000000000000     
   3.7119999170303342E-002  -13.160261176513790        0.0000000000000000     
   3.7159999169409270E-002  -13.027442372122016        0.0000000000000000     
   3.7199999168515206E-002  -12.888982422802739        0.0000000000000000     
   3.7239999167621135E-002  -12.745170228994807        0.0000000000000000     
   3.7279999166727064E-002  -12.596294557514081        0.0000000000000000     
   3.7319999165832993E-002  -12.442643756999161        0.0000000000000000     
   3.7359999164938928E-002  -12.284505475175232        0.0000000000000000     
   3.7399999164044857E-002  -12.122166378889160        0.0000000000000000     
   3.7439999163150786E-002  -11.955911877849761        0.0000000000000000     
   3.7479999162256715E-002  -11.786025852963123        0.0000000000000000     
   3.7519999161362644E-002  -11.612790390110247        0.0000000000000000     
   3.7559999160468580E-002  -11.436485520178630        0.0000000000000000     
   3.7599999159574508E-002  -11.257388966100324        0.0000000000000000     
   3.7639999158680437E-002  -11.075775897604737        0.0000000000000000     
   3.7679999157786366E-002  -10.891918694339259        0.0000000000000000     
   3.7719999156892302E-002  -10.706086717951269        0.0000000000000000     
   3.7759999155998231E-002  -10.518546093673258        0.0000000000000000     
   3.7799999155104159E-002  -10.329559501889616        0.0000000000000000     
   3.7839999154210088E-002  -10.139385980105271        0.0000000000000000     
   3.7879999153316017E-002  -9.9482807356787859        0.0000000000000000     
   3.7919999152421953E-002  -9.7564949696190677        0.0000000000000000     
   3.7959999151527882E-002  -9.5642757116898114        0.0000000000000000     
   3.7999999150633811E-002  -9.3718656670038794        0.0000000000000000     
   3.8039999149739739E-002  -9.1795030742376564        0.0000000000000000     
   3.8079999148845668E-002  -8.9874215755326485        0.0000000000000000     
   3.8119999147951604E-002  -8.7958500981064827        0.0000000000000000     
   3.8159999147057533E-002  -8.6050127475370992        0.0000000000000000     
   3.8199999146163462E-002  -8.4151287126367258        0.0000000000000000     
   3.8239999145269390E-002  -8.2264121817880742        0.0000000000000000     
   3.8279999144375326E-002  -8.0390722705643558        0.0000000000000000     
   3.8319999143481255E-002  -7.8533129604206433        0.0000000000000000     
   3.8359999142587184E-002  -7.6693330481989479        0.0000000000000000     
   3.8399999141693113E-002  -7.4873261061559555        0.0000000000000000     
   3.8439999140799042E-002  -7.3074804521899104        0.0000000000000000     
   3.8479999139904977E-002  -7.1299791299115247        0.0000000000000000     
   3.8519999139010906E-002  -6.9549998981762995        0.0000000000000000     
   3.8559999138116835E-002  -6.7827152296720046        0.0000000000000000     
   3.8599999137222764E-002  -6.6132923181322534        0.0000000000000000     
   3.8639999136328693E-002  -6.4468930937294591        0.0000000000000000     
   3.8679999135434628E-002  -6.2836742461832422        0.0000000000000000     
   3.8719999134540557E-002  -6.1237872551050909        0.0000000000000000     
   3.8759999133646486E-002  -5.9673784270922416        0.0000000000000000     
   3.8799999132752415E-002  -5.8145889390710366        0.0000000000000000     
   3.8839999131858351E-002  -5.6655548873847792        0.0000000000000000     
   3.8879999130964280E-002  -5.5204073421164539        0.0000000000000000     
   3.8919999130070208E-002  -5.3792724061324488        0.0000000000000000     
   3.8959999129176137E-002  -5.2422712783338294        0.0000000000000000     
   3.8999999128282066E-002  -5.1095203206007529        0.0000000000000000     
   3.9039999127388002E-002  -4.9811311279168322        0.0000000000000000     
   3.9079999126493931E-002  -4.8572106011678633        0.0000000000000000     
   3.9119999125599859E-002  -4.7378610221063342        0.0000000000000000     
   3.9159999124705788E-002  -4.6231801299863307        0.0000000000000000     
   3.9199999123811724E-002  -4.5132611993745320        0.0000000000000000     
   3.9239999122917653E-002  -4.4081931186523411        0.0000000000000000     
   3.9279999122023582E-002  -4.3080604687338573        0.0000000000000000     
   3.9319999121129511E-002  -4.2129436015286510        0.0000000000000000     
   3.9359999120235439E-002  -4.1229187176922366        0.0000000000000000     
   3.9399999119341375E-002  -4.0380579432150583        0.0000000000000000     
   3.9439999118447304E-002  -3.9584294044084376        0.0000000000000000     
   3.9479999117553233E-002  -3.8840973008607769        0.0000000000000000     
   3.9519999116659162E-002  -3.8151219759447108        0.0000000000000000     
   3.9559999115765090E-002  -3.7515599844679253        0.0000000000000000     
   3.9599999114871026E-002  -3.6934641570709168        0.0000000000000000     
   3.9639999113976955E-002  -3.6408836609874884        0.0000000000000000     
   3.9679999113082884E-002  -3.5938640567933815        0.0000000000000000     
   3.9719999112188813E-002  -3.5524473507809526        0.0000000000000000     
   3.9759999111294748E-002  -3.5166720426110580        0.0000000000000000     
   3.9799999110400677E-002  -3.4865731679014225        0.0000000000000000     
   3.9839999109506606E-002  -3.4621823354280306        0.0000000000000000     
   3.9879999108612535E-002  -3.4435277586242705        0.0000000000000000     
   3.9919999107718464E-002  -3.4306342810779245        0.0000000000000000     
   3.9959999106824400E-002  -3.4235233957391218        0.0000000000000000     
   3.9999999105930328E-002  -3.4222132575657289        0.0000000000000000     
