   0.0000000000000000        351.26510777902365        400.00000000000000     
   3.9999999105930327E-005   351.28799605771496        400.00000000000000     
   7.9999998211860654E-005   351.35664014068556        400.00000000000000     
   1.1999999731779099E-004   351.47097778609844        400.00000000000000     
   1.5999999642372131E-004   351.63090531579593        400.00000000000000     
   1.9999999552965163E-004   351.83627770262490        400.00000000000000     
   2.3999999463558198E-004   352.08690869263381        400.00000000000000     
   2.7999999374151227E-004   352.38257096208156        400.00000000000000     
   3.1999999284744262E-004   352.72299630918189        400.00000000000000     
   3.5999999195337296E-004   353.10787588049010        400.00000000000000     
   3.9999999105930326E-004   353.53686043181835        400.00000000000000     
   4.3999999016523361E-004   354.00956062355266        400.00000000000000     
   4.7999998927116395E-004   354.52554735022301        400.00000000000000     
   5.1999998837709430E-004   355.08435210415882        400.00000000000000     
   5.5999998748302454E-004   355.68546737304717        400.00000000000000     
   5.9999998658895489E-004   356.32834707118491        400.00000000000000     
   6.3999998569488523E-004   357.01240700420448        400.00000000000000     
   6.7999998480081558E-004   357.73702536702302        400.00000000000000     
   7.1999998390674593E-004   358.50154327475337        400.00000000000000     
   7.5999998301267617E-004   359.30526532628511        400.00000000000000     
   7.9999998211860652E-004   360.14746020022659        400.00000000000000     
   8.3999998122453686E-004   361.02736128287899        400.00000000000000     
   8.7999998033046721E-004   361.94416732787920        400.00000000000000     
   9.1999997943639756E-004   362.89704314713805        400.00000000000000     
   9.5999997854232791E-004   363.88512033266676        400.00000000000000     
   9.9999997764825825E-004   364.90749800886090        400.00000000000000     
   1.0399999767541886E-003   365.96324361478827        400.00000000000000     
   1.0799999758601187E-003   367.05139371599881        400.00000000000000     
   1.1199999749660491E-003   368.17095484534616        400.00000000000000     
   1.1599999740719794E-003   369.32090437228487        400.00000000000000     
   1.1999999731779098E-003   370.50019140007947        400.00000000000000     
   1.2399999722838401E-003   371.70773769033235        400.00000000000000     
   1.2799999713897705E-003   372.94243861420478        400.00000000000000     
   1.3199999704957008E-003   374.20316412968339        400.00000000000000     
   1.3599999696016312E-003   375.48875978420438        400.00000000000000     
   1.3999999687075615E-003   376.79804774192809        400.00000000000000     
   1.4399999678134919E-003   378.12982783491196        400.00000000000000     
   1.4799999669194222E-003   379.48287863741712        400.00000000000000     
   1.5199999660253523E-003   380.85595856252991        400.00000000000000     
   1.5599999651312827E-003   382.24780698026871        400.00000000000000     
   1.5999999642372130E-003   383.65714535630121        400.00000000000000     
   1.6399999633431434E-003   385.08267841036979        400.00000000000000     
   1.6799999624490737E-003   386.52309529349134        400.00000000000000     
   1.7199999615550041E-003   387.97707078296537        400.00000000000000     
   1.7599999606609344E-003   389.44326649418986        400.00000000000000     
   1.7999999597668648E-003   390.92033210825838        400.00000000000000     
   1.8399999588727951E-003   392.40690661427448        400.00000000000000     
   1.8799999579787255E-003   393.90161956529488        400.00000000000000     
   1.9199999570846558E-003   395.40309234677477        400.00000000000000     
   1.9599999561905859E-003   396.90993945636939        400.00000000000000     
   1.9999999552965165E-003   398.42076979390384        400.00000000000000     
   2.0399999544024466E-003   399.93418796030915        400.00000000000000     
   2.0799999535083772E-003   401.44879556428339        400.00000000000000     
   2.1199999526143073E-003   402.96319253541577        400.00000000000000     
   2.1599999517202375E-003   404.47597844248611        400.00000000000000     
   2.1999999508261680E-003   405.98575381562728        400.00000000000000     
   2.2399999499320982E-003   407.49112147101266        400.00000000000000     
   2.2799999490380287E-003   408.99068783671504        400.00000000000000     
   2.3199999481439589E-003   410.48306427835689        400.00000000000000     
   2.3599999472498894E-003   411.96686842315751        400.00000000000000     
   2.3999999463558195E-003   413.44072548096392        400.00000000000000     
   2.4399999454617501E-003   414.90326956083800        400.00000000000000     
   2.4799999445676802E-003   416.35314498175751        400.00000000000000     
   2.5199999436736108E-003   417.78900757598080        400.00000000000000     
   2.5599999427795409E-003   419.20952598361026        400.00000000000000     
   2.5999999418854711E-003   420.61338293688732        400.00000000000000     
   2.6399999409914016E-003   421.99927653274506        400.00000000000000     
   2.6799999400973318E-003   423.36592149213760        400.00000000000000     
   2.7199999392032623E-003   424.71205040467311        400.00000000000000     
   2.7599999383091925E-003   426.03641495707143        400.00000000000000     
   2.7999999374151230E-003   427.33778714397602        400.00000000000000     
   2.8399999365210532E-003   428.61496045965146        400.00000000000000     
   2.8799999356269837E-003   429.86675106911770        400.00000000000000     
   2.9199999347329138E-003   431.09199895726744        400.00000000000000     
   2.9599999338388444E-003   432.28956905454652        400.00000000000000     
   2.9999999329447745E-003   433.45835233777581        400.00000000000000     
   3.0399999320507047E-003   434.59726690472797        400.00000000000000     
   3.0799999311566352E-003   435.70525902108244        400.00000000000000     
   3.1199999302625654E-003   436.78130413841706        400.00000000000000     
   3.1599999293684959E-003   437.82440788191474        400.00000000000000     
   3.1999999284744261E-003   438.83360700649627        400.00000000000000     
   3.2399999275803566E-003   439.80797032012572        400.00000000000000     
   3.2799999266862868E-003   440.74659957306386        400.00000000000000     
   3.3199999257922173E-003   441.64863031189066        400.00000000000000     
   3.3599999248981475E-003   442.51323269715044        400.00000000000000     
   3.3999999240040780E-003   443.33961228352223        400.00000000000000     
   3.4399999231100081E-003   444.12701076145669        400.00000000000000     
   3.4799999222159383E-003   444.87470665927572        400.00000000000000     
   3.5199999213218688E-003   445.58201600477344        400.00000000000000     
   3.5599999204277990E-003   446.24829294541229        400.00000000000000     
   3.5999999195337295E-003   446.87293032626013        400.00000000000000     
   3.6399999186396597E-003   447.45536022487346        400.00000000000000     
   3.6799999177455902E-003   447.99505444238167        400.00000000000000     
   3.7199999168515204E-003   448.49152495009440        400.00000000000000     
   3.7599999159574509E-003   448.94432429100982        400.00000000000000     
   3.7999999150633811E-003   449.35304593566616        400.00000000000000     
   3.8399999141693116E-003   449.71732459183704        400.00000000000000     
   3.8799999132752418E-003   450.03683646764637        400.00000000000000     
   3.9199999123811719E-003   450.31129948773150        400.00000000000000     
   3.9599999114871024E-003   450.54047346215981        400.00000000000000     
   3.9999999105930330E-003   450.72416020786363        400.00000000000000     
   4.0399999096989627E-003   450.86220362243574        400.00000000000000     
   4.0799999088048933E-003   450.95448971018175        400.00000000000000     
   4.1199999079108238E-003   451.00094656041313        400.00000000000000     
   4.1599999070167544E-003   451.00154427801328        400.00000000000000     
   4.1999999061226841E-003   450.95629486639456        400.00000000000000     
   4.2399999052286147E-003   450.86525206302264        400.00000000000000     
   4.2799999043345452E-003   450.72851112775783        400.00000000000000     
   4.3199999034404749E-003   450.54620858432952        400.00000000000000     
   4.3599999025464055E-003   450.31852191532334        400.00000000000000     
   4.3999999016523361E-003   450.04566921113707        400.00000000000000     
   4.4399999007582666E-003   449.72790877341509        400.00000000000000     
   4.4799998998641963E-003   449.36553867354377        400.00000000000000     
   4.5199998989701269E-003   448.95889626685022        400.00000000000000     
   4.5599998980760574E-003   448.50835766321029        400.00000000000000     
   4.5999998971819880E-003   448.01433715483063        400.00000000000000     
   4.6399998962879177E-003   447.47728660202989        400.00000000000000     
   4.6799998953938483E-003   446.89769477790088        400.00000000000000     
   4.7199998944997788E-003   446.27608667279230        400.00000000000000     
   4.7599998936057085E-003   445.61302275959821        400.00000000000000     
   4.7999998927116391E-003   444.90909822090083        400.00000000000000     
   4.8399998918175697E-003   444.16494213905531        400.00000000000000     
   4.8799998909235002E-003   443.38121665035891        400.00000000000000     
   4.9199998900294299E-003   442.55861606448519        400.00000000000000     
   4.9599998891353605E-003   441.69786595040989        400.00000000000000     
   4.9999998882412910E-003   440.79972219009881        400.00000000000000     
   5.0399998873472216E-003   439.86497000125564        400.00000000000000     
   5.0799998864531513E-003   438.89442293047301        400.00000000000000     
   5.1199998855590819E-003   437.88892181815805        400.00000000000000     
   5.1599998846650124E-003   436.84933373663074        400.00000000000000     
   5.1999998837709421E-003   435.77655090282980        400.00000000000000     
   5.2399998828768727E-003   434.67148956707200        400.00000000000000     
   5.2799998819828033E-003   433.53508887934584        400.00000000000000     
   5.3199998810887338E-003   432.36830973463344        400.00000000000000     
   5.3599998801946635E-003   431.17213359876877        400.00000000000000     
   5.3999998793005941E-003   429.94756131636257        400.00000000000000     
   5.4399998784065247E-003   428.69561190232497        400.00000000000000     
   5.4799998775124552E-003   427.41732131853701        400.00000000000000     
   5.5199998766183849E-003   426.11374123721873        400.00000000000000     
   5.5599998757243155E-003   424.78593779255152        400.00000000000000     
   5.5999998748302460E-003   423.43499032211105        400.00000000000000     
   5.6399998739361757E-003   422.06199009966724        400.00000000000000     
   5.6799998730421063E-003   420.66803906090036        400.00000000000000     
   5.7199998721480369E-003   419.25424852358560        400.00000000000000     
   5.7599998712539674E-003   417.82173790377766        400.00000000000000     
   5.7999998703598971E-003   416.37163342952988        400.00000000000000     
   5.8399998694658277E-003   414.90506685365921        400.00000000000000     
   5.8799998685717583E-003   413.42317416705902        400.00000000000000     
   5.9199998676776888E-003   411.92709431405137        400.00000000000000     
   5.9599998667836185E-003   410.41796791123625        400.00000000000000     
   5.9999998658895491E-003   408.89693597129286        400.00000000000000     
   6.0399998649954796E-003   407.36513863315844        400.00000000000000     
   6.0799998641014093E-003   405.82371389998258        400.00000000000000     
   6.1199998632073399E-003   404.27379638624382        400.00000000000000     
   6.1599998623132705E-003   402.71651607537274        400.00000000000000     
   6.1999998614192010E-003   401.15299708921418        400.00000000000000     
   6.2399998605251307E-003   399.58435647062259        400.00000000000000     
   6.2799998596310613E-003   398.01170298045690        400.00000000000000     
   6.3199998587369919E-003   396.43613591021631        400.00000000000000     
   6.3599998578429224E-003   394.85874391151646        400.00000000000000     
   6.3999998569488521E-003   393.28060384358884        400.00000000000000     
   6.4399998560547827E-003   391.70277963993198        400.00000000000000     
   6.4799998551607133E-003   390.12632119523033        400.00000000000000     
   6.5199998542666429E-003   388.55226327361004        400.00000000000000     
   6.5599998533725735E-003   386.98162443926736        400.00000000000000     
   6.5999998524785041E-003   385.41540601047524        400.00000000000000     
   6.6399998515844346E-003   383.85459103793085        400.00000000000000     
   6.6799998506903643E-003   382.30014330837923        400.00000000000000     
   6.7199998497962949E-003   380.75300637440364        400.00000000000000     
   6.7599998489022255E-003   379.21410261124180        400.00000000000000     
   6.7999998480081560E-003   377.68433230145337        400.00000000000000     
   6.8399998471140857E-003   376.16457274821727        400.00000000000000     
   6.8799998462200163E-003   374.65567741801692        400.00000000000000     
   6.9199998453259469E-003   373.15847511341701        400.00000000000000     
   6.9599998444318766E-003   371.67376917661545        400.00000000000000     
   6.9999998435378071E-003   370.20233672440810        400.00000000000000     
   7.0399998426437377E-003   368.74492791517042        400.00000000000000     
   7.0799998417496682E-003   367.30226524842726        400.00000000000000     
   7.1199998408555979E-003   365.87504289754241        400.00000000000000     
   7.1599998399615285E-003   364.46392607602786        400.00000000000000     
   7.1999998390674591E-003   363.06955043793749        400.00000000000000     
   7.2399998381733896E-003   361.69252151277146        400.00000000000000     
   7.2799998372793193E-003   360.33341417529005        400.00000000000000     
   7.3199998363852499E-003   358.99277215059766        400.00000000000000     
   7.3599998354911805E-003   357.67110755482463        400.00000000000000     
   7.3999998345971102E-003   356.36890047170090        400.00000000000000     
   7.4399998337030407E-003   355.08659856528823        400.00000000000000     
   7.4799998328089713E-003   353.82461672909596        400.00000000000000     
   7.5199998319149019E-003   352.58333677178456        400.00000000000000     
   7.5599998310208315E-003   351.36310713961740        400.00000000000000     
   7.5999998301267621E-003   350.16424267580311        400.00000000000000     
   7.6399998292326927E-003   348.98702441682786        400.00000000000000     
   7.6799998283386232E-003   347.83169942585687        400.00000000000000     
   7.7199998274445529E-003   346.69848066324374        400.00000000000000     
   7.7599998265504835E-003   345.58754689416804        400.00000000000000     
   7.7999998256564141E-003   344.49904263338095        400.00000000000000     
   7.8399998247623438E-003   343.43307812701823        400.00000000000000     
   7.8799998238682743E-003   342.38972937140329        400.00000000000000     
   7.9199998229742049E-003   341.36903816874013        400.00000000000000     
   7.9599998220801355E-003   340.37101221956669        400.00000000000000     
   7.9999998211860660E-003   339.39562525180230        400.00000000000000     
   8.0399998202919966E-003   338.44281718621130        400.00000000000000     
   8.0799998193979254E-003   337.51249433805845        400.00000000000000     
   8.1199998185038560E-003   336.60452965471507        400.00000000000000     
   8.1599998176097865E-003   335.71876298894693        400.00000000000000     
   8.1999998167157171E-003   334.85500140757978        400.00000000000000     
   8.2399998158216477E-003   334.01301953521801        400.00000000000000     
   8.2799998149275782E-003   333.19255993266108        400.00000000000000     
   8.3199998140335088E-003   332.39333350963483        400.00000000000000     
   8.3599998131394376E-003   331.61501997142841        400.00000000000000     
   8.3999998122453682E-003   330.85726829899886        400.00000000000000     
   8.4399998113512988E-003   330.11969726207758        400.00000000000000     
   8.4799998104572293E-003   329.40189596479047        400.00000000000000     
   8.5199998095631599E-003   328.70342442326375        400.00000000000000     
   8.5599998086690905E-003   328.02381417467848        400.00000000000000     
   8.5999998077750210E-003   327.36256891718955        400.00000000000000     
   8.6399998068809498E-003   326.71916518011432        400.00000000000000     
   8.6799998059868804E-003   326.09305302375736        400.00000000000000     
   8.7199998050928110E-003   325.48365676821589        400.00000000000000     
   8.7599998041987415E-003   324.89037575048184        400.00000000000000     
   8.7999998033046721E-003   324.31258510912903        400.00000000000000     
   8.8399998024106027E-003   323.74963659584807        400.00000000000000     
   8.8799998015165332E-003   323.20085941306155        400.00000000000000     
   8.9199998006224638E-003   322.66556107682914        400.00000000000000     
   8.9599997997283926E-003   322.14302830422236        400.00000000000000     
   8.9999997988343232E-003   321.63252792432399        400.00000000000000     
   9.0399997979402538E-003   321.13330781198061        400.00000000000000     
   9.0799997970461843E-003   320.64459784340823        400.00000000000000     
   9.1199997961521149E-003   320.16561087272942        400.00000000000000     
   9.1599997952580454E-003   319.69554372849103        400.00000000000000     
   9.1999997943639760E-003   319.23357822919070        400.00000000000000     
   9.2399997934699048E-003   318.77888221680843        400.00000000000000     
   9.2799997925758354E-003   318.33061060732632        400.00000000000000     
   9.3199997916817660E-003   317.88790645718387        400.00000000000000     
   9.3599997907876965E-003   317.44990204460390        400.00000000000000     
   9.3999997898936271E-003   317.01571996469335        400.00000000000000     
   9.4399997889995577E-003   316.58447423720878        400.00000000000000     
   9.4799997881054882E-003   316.15527142584756        400.00000000000000     
   9.5199997872114171E-003   315.72721176791407        400.00000000000000     
   9.5599997863173476E-003   315.29939031318526        400.00000000000000     
   9.5999997854232782E-003   314.87089807078314        400.00000000000000     
   9.6399997845292087E-003   314.44082316284522        400.00000000000000     
   9.6799997836351393E-003   314.00825198376708        400.00000000000000     
   9.7199997827410699E-003   313.57227036377697        400.00000000000000     
   9.7599997818470004E-003   313.13196473558838        400.00000000000000     
   9.7999997809529310E-003   312.68642330286087        400.00000000000000     
   9.8399997800588598E-003   312.23473720919554        400.00000000000000     
   9.8799997791647904E-003   311.77600170637248        400.00000000000000     
   9.9199997782707210E-003   311.30931732053665        400.00000000000000     
   9.9599997773766515E-003   310.83379101502788        400.00000000000000     
   9.9999997764825821E-003   310.34853734854664        200.00000000000000     
   1.0039999775588513E-002   309.85267962734127        200.00000000000000     
   1.0079999774694443E-002   309.34535105010463        200.00000000000000     
   1.0119999773800372E-002   308.82569584426511        200.00000000000000     
   1.0159999772906303E-002   308.29287039235550        200.00000000000000     
   1.0199999772012233E-002   307.74604434715212        200.00000000000000     
   1.0239999771118164E-002   307.18440173427990        200.00000000000000     
   1.0279999770224094E-002   306.60714204098070        200.00000000000000     
   1.0319999769330025E-002   306.01348128975860        200.00000000000000     
   1.0359999768435955E-002   305.40265309562403        200.00000000000000     
   1.0399999767541884E-002   304.77390970566637        200.00000000000000     
   1.0439999766647815E-002   304.12652301970718        200.00000000000000     
   1.0479999765753745E-002   303.45978559079708        200.00000000000000     
   1.0519999764859676E-002   302.77301160433962        200.00000000000000     
   1.0559999763965607E-002   302.06553783464813        200.00000000000000     
   1.0599999763071537E-002   301.33672457775828        200.00000000000000     
   1.0639999762177468E-002   300.58595655935090        200.00000000000000     
   1.0679999761283396E-002   299.81264381666034        200.00000000000000     
   1.0719999760389327E-002   299.01622255327402        200.00000000000000     
   1.0759999759495258E-002   298.19615596575971        200.00000000000000     
   1.0799999758601188E-002   297.35193504108804        200.00000000000000     
   1.0839999757707119E-002   296.48307932385165        200.00000000000000     
   1.0879999756813049E-002   295.58913765231904        200.00000000000000     
   1.0919999755918980E-002   294.66968886239675        200.00000000000000     
   1.0959999755024910E-002   293.72434245861484        200.00000000000000     
   1.0999999754130839E-002   292.75273925129073        200.00000000000000     
   1.1039999753236770E-002   291.75455195906483        200.00000000000000     
   1.1079999752342700E-002   290.72948577605257        200.00000000000000     
   1.1119999751448631E-002   289.67727890289530        200.00000000000000     
   1.1159999750554562E-002   288.59770304104342        200.00000000000000     
   1.1199999749660492E-002   287.49056384964985        200.00000000000000     
   1.1239999748766423E-002   286.35570136450264        200.00000000000000     
   1.1279999747872351E-002   285.19299037847628        200.00000000000000     
   1.1319999746978282E-002   284.00234078302657        200.00000000000000     
   1.1359999746084213E-002   282.78369787031363        200.00000000000000     
   1.1399999745190143E-002   281.53704259558270        200.00000000000000     
   1.1439999744296074E-002   280.26239179948942        200.00000000000000     
   1.1479999743402004E-002   278.95979839010926        200.00000000000000     
   1.1519999742507935E-002   277.62935148442187        200.00000000000000     
   1.1559999741613864E-002   276.27117650912146        200.00000000000000     
   1.1599999740719794E-002   274.88543526065075        200.00000000000000     
   1.1639999739825725E-002   273.47232592441765        200.00000000000000     
   1.1679999738931655E-002   272.03208305320385        200.00000000000000     
   1.1719999738037586E-002   270.56497750483078        200.00000000000000     
   1.1759999737143517E-002   269.07131633920255        200.00000000000000     
   1.1799999736249447E-002   267.55144267489646        200.00000000000000     
   1.1839999735355378E-002   266.00573550553167        200.00000000000000     
   1.1879999734461306E-002   264.43460947618814        200.00000000000000     
   1.1919999733567237E-002   262.83851462021266        200.00000000000000     
   1.1959999732673168E-002   261.21793605678954        200.00000000000000     
   1.1999999731779098E-002   259.57339364970926        200.00000000000000     
   1.2039999730885029E-002   257.90544162781669        200.00000000000000     
   1.2079999729990959E-002   256.21466816766599        200.00000000000000     
   1.2119999729096890E-002   254.50169493896055        200.00000000000000     
   1.2159999728202819E-002   252.76717661339814        200.00000000000000     
   1.2199999727308749E-002   251.01180033758644        200.00000000000000     
   1.2239999726414680E-002   249.23628517074042        200.00000000000000     
   1.2279999725520610E-002   247.44138148790671        200.00000000000000     
   1.2319999724626541E-002   245.62787034950935        200.00000000000000     
   1.2359999723732472E-002   243.79656283804073        200.00000000000000     
   1.2399999722838402E-002   241.94829936276224        200.00000000000000     
   1.2439999721944331E-002   240.08394893331322        200.00000000000000     
   1.2479999721050261E-002   238.20440840315939        200.00000000000000     
   1.2519999720156192E-002   236.31060168384042        200.00000000000000     
   1.2559999719262123E-002   234.40347893100844        200.00000000000000     
   1.2599999718368053E-002   232.48401570327357        200.00000000000000     
   1.2639999717473984E-002   230.55321209490006        200.00000000000000     
   1.2679999716579914E-002   228.61209184341749        200.00000000000000     
   1.2719999715685845E-002   226.66170141323096        200.00000000000000     
   1.2759999714791774E-002   224.70310905634045        200.00000000000000     
   1.2799999713897704E-002   222.73740385128505        200.00000000000000     
   1.2839999713003635E-002   220.76569472145479        200.00000000000000     
   1.2879999712109565E-002   218.78910943391475        200.00000000000000     
   1.2919999711215496E-002   216.80879357990693        200.00000000000000     
   1.2959999710321427E-002   214.82590953819741        200.00000000000000     
   1.2999999709427357E-002   212.84163542244514        200.00000000000000     
   1.3039999708533286E-002   210.85716401377590        200.00000000000000     
   1.3079999707639216E-002   208.87370167974811        200.00000000000000     
   1.3119999706745147E-002   206.89246728089410        200.00000000000000     
   1.3159999705851078E-002   204.91469106602739        200.00000000000000     
   1.3199999704957008E-002   202.94161355749711        200.00000000000000     
   1.3239999704062939E-002   200.97448442757508        200.00000000000000     
   1.3279999703168869E-002   199.01456136714651        200.00000000000000     
   1.3319999702274798E-002   197.06310894787742        200.00000000000000     
   1.3359999701380729E-002   195.12139747901617        200.00000000000000     
   1.3399999700486659E-002   193.19070185998279        200.00000000000000     
   1.3439999699592590E-002   191.27230042988384        200.00000000000000     
   1.3479999698698520E-002   189.36747381507925        200.00000000000000     
   1.3519999697804451E-002   187.47750377591785        200.00000000000000     
   1.3559999696910381E-002   185.60367205373694        200.00000000000000     
   1.3599999696016312E-002   183.74725921921012        200.00000000000000     
   1.3639999695122241E-002   181.90954352310851        200.00000000000000     
   1.3679999694228171E-002   180.09179975052496        200.00000000000000     
   1.3719999693334102E-002   178.29529807958809        200.00000000000000     
   1.3759999692440033E-002   176.52130294567752        200.00000000000000     
   1.3799999691545963E-002   174.77107191212838        200.00000000000000     
   1.3839999690651894E-002   173.04585454839676        200.00000000000000     
   1.3879999689757824E-002   171.34689131662947        200.00000000000000     
   1.3919999688863753E-002   169.67541246756633        200.00000000000000     
   1.3959999687969684E-002   168.03263694667811        200.00000000000000     
   1.3999999687075614E-002   166.41977131142005        200.00000000000000     
   1.4039999686181545E-002   164.83800866045792        200.00000000000000     
   1.4079999685287475E-002   163.28852757570417        200.00000000000000     
   1.4119999684393406E-002   161.77249107797331        200.00000000000000     
   1.4159999683499336E-002   160.29104559704649        200.00000000000000     
   1.4199999682605265E-002   158.84531995690870        200.00000000000000     
   1.4239999681711196E-002   157.43642437690252        200.00000000000000     
   1.4279999680817126E-002   156.06544948951642        200.00000000000000     
   1.4319999679923057E-002   154.73346537550376        200.00000000000000     
   1.4359999679028988E-002   153.44152061700464        200.00000000000000     
   1.4399999678134918E-002   152.19064136932315        200.00000000000000     
   1.4439999677240849E-002   150.98183045198746        200.00000000000000     
   1.4479999676346779E-002   149.81606645970012        200.00000000000000     
   1.4519999675452708E-002   148.69430289376288        200.00000000000000     
   1.4559999674558639E-002   147.61746731454099        200.00000000000000     
   1.4599999673664569E-002   146.58646051551145        200.00000000000000     
   1.4639999672770500E-002   145.60215571941603        200.00000000000000     
   1.4679999671876430E-002   144.66539779702600        200.00000000000000     
   1.4719999670982361E-002   143.77700250899977        200.00000000000000     
   1.4759999670088291E-002   142.93775577130234        200.00000000000000     
   1.4799999669194220E-002   142.14841294463221        200.00000000000000     
   1.4839999668300151E-002   141.40969814828674        200.00000000000000     
   1.4879999667406081E-002   140.72230359887740        200.00000000000000     
   1.4919999666512012E-002   140.08688897429465        200.00000000000000     
   1.4959999665617943E-002   139.50408080329839        200.00000000000000     
   1.4999999664723873E-002   138.97447188110229        200.00000000000000     
   1.5039999663829804E-002   138.49862071130059        200.00000000000000     
   1.5079999662935733E-002   138.07705097447214        200.00000000000000     
   1.5119999662041663E-002   137.71025102378479        200.00000000000000     
   1.5159999661147594E-002   137.39867340790533        200.00000000000000     
   1.5199999660253524E-002   137.14273442151341        200.00000000000000     
   1.5239999659359455E-002   136.94281368369835        200.00000000000000     
   1.5279999658465385E-002   136.79925374451054        200.00000000000000     
   1.5319999657571316E-002   136.71235971992400        200.00000000000000     
   1.5359999656677246E-002   136.68239895545932        200.00000000000000     
   1.5399999655783175E-002   136.70960071869916        200.00000000000000     
   1.5439999654889106E-002   136.79415592092167        200.00000000000000     
   1.5479999653995036E-002   136.93621686806668        200.00000000000000     
   1.5519999653100967E-002   137.13589704123524        200.00000000000000     
   1.5559999652206898E-002   137.39327090691785        200.00000000000000     
   1.5599999651312828E-002   137.70837375713009        200.00000000000000     
   1.5639999650418759E-002   138.08120157963114        200.00000000000000     
   1.5679999649524688E-002   138.51171095838481        200.00000000000000     
   1.5719999648630620E-002   138.99981900441514        200.00000000000000     
   1.5759999647736549E-002   139.54540331719724        200.00000000000000     
   1.5799999646842477E-002   140.14830197671529        200.00000000000000     
   1.5839999645948410E-002   140.80831356630617        200.00000000000000     
   1.5879999645054339E-002   141.52519722639849        200.00000000000000     
   1.5919999644160271E-002   142.29867273924489        200.00000000000000     
   1.5959999643266200E-002   143.12842064473443        200.00000000000000     
   1.5999999642372132E-002   144.01408238735985        200.00000000000000     
   1.6039999641478061E-002   144.95526049440008        200.00000000000000     
   1.6079999640583993E-002   145.95151878537200        200.00000000000000     
   1.6119999639689922E-002   147.00238261278315        200.00000000000000     
   1.6159999638795851E-002   148.10733913421146        200.00000000000000     
   1.6199999637901783E-002   149.26583761571999        200.00000000000000     
   1.6239999637007712E-002   150.47728976659857        200.00000000000000     
   1.6279999636113644E-002   151.74107010541209        200.00000000000000     
   1.6319999635219573E-002   153.05651635731624        200.00000000000000     
   1.6359999634325505E-002   154.42292988258529        200.00000000000000     
   1.6399999633431434E-002   155.83957613627842        200.00000000000000     
   1.6439999632537363E-002   157.30568515895342        200.00000000000000     
   1.6479999631643295E-002   158.82045209831472        200.00000000000000     
   1.6519999630749224E-002   160.38303776166686        200.00000000000000     
   1.6559999629855156E-002   161.99256919901779        200.00000000000000     
   1.6599999628961085E-002   163.64814031665821        200.00000000000000     
   1.6639999628067018E-002   165.34881252102096        200.00000000000000     
   1.6679999627172946E-002   167.09361539259496        200.00000000000000     
   1.6719999626278875E-002   168.88154738965136        200.00000000000000     
   1.6759999625384808E-002   170.71157658150744        200.00000000000000     
   1.6799999624490736E-002   172.58264141103021        200.00000000000000     
   1.6839999623596669E-002   174.49365148605486        200.00000000000000     
   1.6879999622702598E-002   176.44348839936100        200.00000000000000     
   1.6919999621808530E-002   178.43100657682720        200.00000000000000     
   1.6959999620914459E-002   180.45503415334480        200.00000000000000     
   1.6999999620020387E-002   182.51437387605236        200.00000000000000     
   1.7039999619126320E-002   184.60780403440859        200.00000000000000     
   1.7079999618232249E-002   186.73407941659974        200.00000000000000     
   1.7119999617338181E-002   188.89193229173671        200.00000000000000     
   1.7159999616444110E-002   191.08007341726585        200.00000000000000     
   1.7199999615550042E-002   193.29719307098642        200.00000000000000     
   1.7239999614655971E-002   195.54196210702301        200.00000000000000     
   1.7279999613761900E-002   197.81303303507954        200.00000000000000     
   1.7319999612867832E-002   200.10904112225029        200.00000000000000     
   1.7359999611973761E-002   202.42860551663838        200.00000000000000     
   1.7399999611079693E-002   204.77033039199162        200.00000000000000     
   1.7439999610185622E-002   207.13280611252523        200.00000000000000     
   1.7479999609291554E-002   209.51461041706963        200.00000000000000     
   1.7519999608397483E-002   211.91430962163744        200.00000000000000     
   1.7559999607503412E-002   214.33045983947682        200.00000000000000     
   1.7599999606609344E-002   216.76160821762721        200.00000000000000     
   1.7639999605715273E-002   219.20629418896806        200.00000000000000     
   1.7679999604821205E-002   221.66305073871121        200.00000000000000     
   1.7719999603927134E-002   224.13040568424665        200.00000000000000     
   1.7759999603033066E-002   226.60688296722375        200.00000000000000     
   1.7799999602138995E-002   229.09100395670475        200.00000000000000     
   1.7839999601244928E-002   231.58128876220718        200.00000000000000     
   1.7879999600350856E-002   234.07625755539783        200.00000000000000     
   1.7919999599456785E-002   236.57443189919226        200.00000000000000     
   1.7959999598562718E-002   239.07433608295887        200.00000000000000     
   1.7999999597668646E-002   241.57449846251401        200.00000000000000     
   1.8039999596774579E-002   244.07345280355685        200.00000000000000     
   1.8079999595880508E-002   246.56973962716162        200.00000000000000     
   1.8119999594986440E-002   249.06190755593093        200.00000000000000     
   1.8159999594092369E-002   251.54851465937364        200.00000000000000     
   1.8199999593198297E-002   254.02812979706005        200.00000000000000     
   1.8239999592304230E-002   256.49933395807966        200.00000000000000     
   1.8279999591410159E-002   258.96072159530706        200.00000000000000     
   1.8319999590516091E-002   261.41090195297153        200.00000000000000     
   1.8359999589622020E-002   263.84850038599791        200.00000000000000     
   1.8399999588727952E-002   266.27215966958772        200.00000000000000     
   1.8439999587833881E-002   268.68054129748566        200.00000000000000     
   1.8479999586939810E-002   271.07232676738187        200.00000000000000     
   1.8519999586045742E-002   273.44621885188081        200.00000000000000     
   1.8559999585151671E-002   275.80094285347349        200.00000000000000     
   1.8599999584257603E-002   278.13524784194919        200.00000000000000     
   1.8639999583363532E-002   280.44790787267891        200.00000000000000     
   1.8679999582469464E-002   282.73772318421243        200.00000000000000     
   1.8719999581575393E-002   285.00352137363808        200.00000000000000     
   1.8759999580681322E-002   287.24415854816351        200.00000000000000     
   1.8799999579787254E-002   289.45852045138912        200.00000000000000     
   1.8839999578893183E-002   291.64552356276255        200.00000000000000     
   1.8879999577999115E-002   293.80411616872311        200.00000000000000     
   1.8919999577105044E-002   295.93327940406135        200.00000000000000     
   1.8959999576210976E-002   298.03202826205620        200.00000000000000     
   1.8999999575316905E-002   300.09941257196084        200.00000000000000     
   1.9039999574422834E-002   302.13451794246100        200.00000000000000     
   1.9079999573528766E-002   304.13646666974461        200.00000000000000     
   1.9119999572634695E-002   306.10441860886885        200.00000000000000     
   1.9159999571740628E-002   308.03757200714784        200.00000000000000     
   1.9199999570846556E-002   309.93516429831953        200.00000000000000     
   1.9239999569952489E-002   311.79647285630818        200.00000000000000     
   1.9279999569058417E-002   313.62081570743067        200.00000000000000     
   1.9319999568164346E-002   315.40755219995708        200.00000000000000     
   1.9359999567270279E-002   317.15608362997870        200.00000000000000     
   1.9399999566376207E-002   318.86585382259824        200.00000000000000     
   1.9439999565482140E-002   320.53634966750997        200.00000000000000     
   1.9479999564588069E-002   322.16710160809407        200.00000000000000     
   1.9519999563694001E-002   323.75768408321801        200.00000000000000     
   1.9559999562799930E-002   325.30771592098756        200.00000000000000     
   1.9599999561905862E-002   326.81686068377110        200.00000000000000     
   1.9639999561011791E-002   328.28482696386789        200.00000000000000     
   1.9679999560117720E-002   329.71136862927608        200.00000000000000     
   1.9719999559223652E-002   331.09628501907099        200.00000000000000     
   1.9759999558329581E-002   332.43942108798103        200.00000000000000     
   1.9799999557435513E-002   333.74066749982040        200.00000000000000     
   1.9839999556541442E-002   334.99996066950052        200.00000000000000     
   1.9879999555647374E-002   336.21728275342747        200.00000000000000     
   1.9919999554753303E-002   337.39266158815320        200.00000000000000     
   1.9959999553859232E-002   338.52617057722807        200.00000000000000     
   1.9999999552965164E-002   339.61792852627434        200.00000000000000     
   2.0039999552071093E-002   340.66809942636905        400.00000000000000     
   2.0079999551177025E-002   341.67689218590920        400.00000000000000     
   2.0119999550282954E-002   342.64456031118590        400.00000000000000     
   2.0159999549388886E-002   343.57140153598760        400.00000000000000     
   2.0199999548494815E-002   344.45775740060662        400.00000000000000     
   2.0239999547600744E-002   345.30401278070309        400.00000000000000     
   2.0279999546706676E-002   346.11059536654864        400.00000000000000     
   2.0319999545812605E-002   346.87797509323730        400.00000000000000     
   2.0359999544918538E-002   347.60666352252224        400.00000000000000     
   2.0399999544024466E-002   348.29721317699961        400.00000000000000     
   2.0439999543130399E-002   348.95021682742839        400.00000000000000     
   2.0479999542236327E-002   349.56630673403362        400.00000000000000     
   2.0519999541342256E-002   350.14615384270184        400.00000000000000     
   2.0559999540448189E-002   350.69046693704212        400.00000000000000     
   2.0599999539554117E-002   351.19999174733164        400.00000000000000     
   2.0639999538660050E-002   351.67551001743021        400.00000000000000     
   2.0679999537765979E-002   352.11783853079481        400.00000000000000     
   2.0719999536871911E-002   352.52782809677291        400.00000000000000     
   2.0759999535977840E-002   352.90636249840838        400.00000000000000     
   2.0799999535083769E-002   353.25435740303146        400.00000000000000     
   2.0839999534189701E-002   353.57275923695050        400.00000000000000     
   2.0879999533295630E-002   353.86254402560303        400.00000000000000     
   2.0919999532401562E-002   354.12471620055686        400.00000000000000     
   2.0959999531507491E-002   354.36030737479535        400.00000000000000     
   2.0999999530613423E-002   354.57037508774005        400.00000000000000     
   2.1039999529719352E-002   354.75600152150736        400.00000000000000     
   2.1079999528825281E-002   354.91829218991114        400.00000000000000     
   2.1119999527931213E-002   355.05837460174928        400.00000000000000     
   2.1159999527037142E-002   355.17739689994153        400.00000000000000     
   2.1199999526143074E-002   355.27652647808935        400.00000000000000     
   2.1239999525249003E-002   355.35694857605927        400.00000000000000     
   2.1279999524354935E-002   355.41986485619350        400.00000000000000     
   2.1319999523460864E-002   355.46649196176725        400.00000000000000     
   2.1359999522566793E-002   355.49806005931924        400.00000000000000     
   2.1399999521672725E-002   355.51581136648491        400.00000000000000     
   2.1439999520778654E-002   355.52099866696983        400.00000000000000     
   2.1479999519884586E-002   355.51488381429590        400.00000000000000     
   2.1519999518990515E-002   355.49873622595425        400.00000000000000     
   2.1559999518096448E-002   355.47383136959439        400.00000000000000     
   2.1599999517202376E-002   355.44144924287531        400.00000000000000     
   2.1639999516308309E-002   355.40287284858960        400.00000000000000     
   2.1679999515414237E-002   355.35938666667090        400.00000000000000     
   2.1719999514520166E-002   355.31227512467490        400.00000000000000     
   2.1759999513626099E-002   355.26282106831695        400.00000000000000     
   2.1799999512732027E-002   355.21230423362874        400.00000000000000     
   2.1839999511837960E-002   355.16199972228361        400.00000000000000     
   2.1879999510943889E-002   355.11317648162111        400.00000000000000     
   2.1919999510049821E-002   355.06709579087862        400.00000000000000     
   2.1959999509155750E-002   355.02500975512265        400.00000000000000     
   2.1999999508261679E-002   354.98815980834581        400.00000000000000     
   2.2039999507367611E-002   354.95777522717259        400.00000000000000     
   2.2079999506473540E-002   354.93507165659929        400.00000000000000     
   2.2119999505579472E-002   354.92124964915683        400.00000000000000     
   2.2159999504685401E-002   354.91749321887414        400.00000000000000     
   2.2199999503791333E-002   354.92496841137972        400.00000000000000     
   2.2239999502897262E-002   354.94482189146282        400.00000000000000     
   2.2279999502003191E-002   354.97817954938387        400.00000000000000     
   2.2319999501109123E-002   355.02614512719407        400.00000000000000     
   2.2359999500215052E-002   355.08979886630141        400.00000000000000     
   2.2399999499320984E-002   355.17019617748957        400.00000000000000     
   2.2439999498426913E-002   355.26836633456600        400.00000000000000     
   2.2479999497532845E-002   355.38531119279111        400.00000000000000     
   2.2519999496638774E-002   355.52200393320959        400.00000000000000     
   2.2559999495744703E-002   355.67938783397767        400.00000000000000     
   2.2599999494850635E-002   355.85837506975105        400.00000000000000     
   2.2639999493956564E-002   356.05984554017067        400.00000000000000     
   2.2679999493062496E-002   356.28464572845803        400.00000000000000     
   2.2719999492168425E-002   356.53358759109921        400.00000000000000     
   2.2759999491274358E-002   356.80744747957380        400.00000000000000     
   2.2799999490380286E-002   357.10696509505863        400.00000000000000     
   2.2839999489486215E-002   357.43284247700325        400.00000000000000     
   2.2879999488592147E-002   357.78574302645603        400.00000000000000     
   2.2919999487698076E-002   358.16629056498891        400.00000000000000     
   2.2959999486804009E-002   358.57506843004290        400.00000000000000     
   2.2999999485909937E-002   359.01261860749725        400.00000000000000     
   2.3039999485015870E-002   359.47944090222938        400.00000000000000     
   2.3079999484121799E-002   359.97599214741928        400.00000000000000     
   2.3119999483227727E-002   360.50268545332472        400.00000000000000     
   2.3159999482333660E-002   361.05988949622252        400.00000000000000     
   2.3199999481439589E-002   361.64792784819855        400.00000000000000     
   2.3239999480545521E-002   362.26707834844058        400.00000000000000     
   2.3279999479651450E-002   362.91757251665990        400.00000000000000     
   2.3319999478757382E-002   363.59959500925561        400.00000000000000     
   2.3359999477863311E-002   364.31328311880503        400.00000000000000     
   2.3399999476969243E-002   365.05872631744069        400.00000000000000     
   2.3439999476075172E-002   365.83596584465374        400.00000000000000     
   2.3479999475181101E-002   366.64499434004460        400.00000000000000     
   2.3519999474287033E-002   367.48575552150805        400.00000000000000     
   2.3559999473392962E-002   368.35814390932870        400.00000000000000     
   2.3599999472498894E-002   369.26200459663085        400.00000000000000     
   2.3639999471604823E-002   370.19713306660805        400.00000000000000     
   2.3679999470710755E-002   371.16327505693096        400.00000000000000     
   2.3719999469816684E-002   372.16012647170805        400.00000000000000     
   2.3759999468922613E-002   373.18733334134930        400.00000000000000     
   2.3799999468028545E-002   374.24449183065946        400.00000000000000     
   2.3839999467134474E-002   375.33114829545372        400.00000000000000     
   2.3879999466240406E-002   376.44679938797174        400.00000000000000     
   2.3919999465346335E-002   377.59089221133081        400.00000000000000     
   2.3959999464452267E-002   378.76282452323420        400.00000000000000     
   2.3999999463558196E-002   379.96194498911569        400.00000000000000     
   2.4039999462664125E-002   381.18755348487986        400.00000000000000     
   2.4079999461770057E-002   382.43890144935642        400.00000000000000     
   2.4119999460875986E-002   383.71519228656013        400.00000000000000     
   2.4159999459981919E-002   385.01558181781047        400.00000000000000     
   2.4199999459087847E-002   386.33917878373381        400.00000000000000     
   2.4239999458193780E-002   387.68504539612712        400.00000000000000     
   2.4279999457299709E-002   389.05219793963374        400.00000000000000     
   2.4319999456405637E-002   390.43960742313544        400.00000000000000     
   2.4359999455511570E-002   391.84620028072464        400.00000000000000     
   2.4399999454617499E-002   393.27085912208241        400.00000000000000     
   2.4439999453723431E-002   394.71242353204173        400.00000000000000     
   2.4479999452829360E-002   396.16969091906850        400.00000000000000     
   2.4519999451935292E-002   397.64141741235136        400.00000000000000     
   2.4559999451041221E-002   399.12631880713548        400.00000000000000     
   2.4599999450147150E-002   400.62307155789654        400.00000000000000     
   2.4639999449253082E-002   402.13031381888601        400.00000000000000     
   2.4679999448359011E-002   403.64664653154051        400.00000000000000     
   2.4719999447464943E-002   405.17063455818595        400.00000000000000     
   2.4759999446570872E-002   406.70080786140949        400.00000000000000     
   2.4799999445676804E-002   408.23566272842623        400.00000000000000     
   2.4839999444782733E-002   409.77366303969592        400.00000000000000     
   2.4879999443888662E-002   411.31324158099773        400.00000000000000     
   2.4919999442994594E-002   412.85280139810374        400.00000000000000     
   2.4959999442100523E-002   414.39071719313102        400.00000000000000     
   2.4999999441206455E-002   415.92533676159394        400.00000000000000     
   2.5039999440312384E-002   417.45498246911069        400.00000000000000     
   2.5079999439418316E-002   418.97795276665573        400.00000000000000     
   2.5119999438524245E-002   420.49252374318633        400.00000000000000     
   2.5159999437630177E-002   421.99695071440397        400.00000000000000     
   2.5199999436736106E-002   423.48946984634841        400.00000000000000     
   2.5239999435842035E-002   424.96829981245679        400.00000000000000     
   2.5279999434947967E-002   426.43164348265071        400.00000000000000     
   2.5319999434053896E-002   427.87768964295219        400.00000000000000     
   2.5359999433159829E-002   429.30461474406746        400.00000000000000     
   2.5399999432265757E-002   430.71058467730194        400.00000000000000     
   2.5439999431371690E-002   432.09375657612071        400.00000000000000     
   2.5479999430477619E-002   433.45228064158948        400.00000000000000     
   2.5519999429583547E-002   434.78430198988559        400.00000000000000     
   2.5559999428689480E-002   436.08796251999280        400.00000000000000     
   2.5599999427795408E-002   437.36140279964394        400.00000000000000     
   2.5639999426901341E-002   438.60276396751368        400.00000000000000     
   2.5679999426007270E-002   439.81018964961169        400.00000000000000     
   2.5719999425113202E-002   440.98182788776415        400.00000000000000     
   2.5759999424219131E-002   442.11583307803301        400.00000000000000     
   2.5799999423325060E-002   443.21036791686134        400.00000000000000     
   2.5839999422430992E-002   444.26360535269350        400.00000000000000     
   2.5879999421536921E-002   445.27373054077719        400.00000000000000     
   2.5919999420642853E-002   446.23894279880778        400.00000000000000     
   2.5959999419748782E-002   447.15745756104315        400.00000000000000     
   2.5999999418854714E-002   448.02750832848636        400.00000000000000     
   2.6039999417960643E-002   448.84734861269754        400.00000000000000     
   2.6079999417066572E-002   449.61525387077677        400.00000000000000     
   2.6119999416172504E-002   450.32952342903627        400.00000000000000     
   2.6159999415278433E-002   450.98848239286002        400.00000000000000     
   2.6199999414384365E-002   451.59048354024480        400.00000000000000     
   2.6239999413490294E-002   452.13390919649902        400.00000000000000     
   2.6279999412596226E-002   452.61717308757642        400.00000000000000     
   2.6319999411702155E-002   453.03872216952686        400.00000000000000     
   2.6359999410808084E-002   453.39703843154723        400.00000000000000     
   2.6399999409914016E-002   453.69064067012619        400.00000000000000     
   2.6439999409019945E-002   453.91808623180424        400.00000000000000     
   2.6479999408125877E-002   454.07797272207529        400.00000000000000     
   2.6519999407231806E-002   454.16893967799905        400.00000000000000     
   2.6559999406337739E-002   454.18967020211460        400.00000000000000     
   2.6599999405443667E-002   454.13889255529159        400.00000000000000     
   2.6639999404549596E-002   454.01538170618858        400.00000000000000     
   2.6679999403655529E-002   453.81796083504975        400.00000000000000     
   2.6719999402761457E-002   453.54550278961091        400.00000000000000     
   2.6759999401867390E-002   453.19693149095309        400.00000000000000     
   2.6799999400973318E-002   452.77122328720236        400.00000000000000     
   2.6839999400079251E-002   452.26740825304631        400.00000000000000     
   2.6879999399185180E-002   451.68457143310371        400.00000000000000     
   2.6919999398291108E-002   451.02185402727468        400.00000000000000     
   2.6959999397397041E-002   450.27845451626689        400.00000000000000     
   2.6999999396502970E-002   449.45362972559309        400.00000000000000     
   2.7039999395608902E-002   448.54669582642146        400.00000000000000     
   2.7079999394714831E-002   447.55702927175338        400.00000000000000     
   2.7119999393820763E-002   446.48406766650953        400.00000000000000     
   2.7159999392926692E-002   445.32731057020089        400.00000000000000     
   2.7199999392032624E-002   444.08632023097528        400.00000000000000     
   2.7239999391138553E-002   442.76072224992987        400.00000000000000     
   2.7279999390244482E-002   441.35020617470593        400.00000000000000     
   2.7319999389350414E-002   439.85452602147944        400.00000000000000     
   2.7359999388456343E-002   438.27350072459620        400.00000000000000     
   2.7399999387562275E-002   436.60701451320551        400.00000000000000     
   2.7439999386668204E-002   434.85501721437396        400.00000000000000     
   2.7479999385774136E-002   433.01752448227961        400.00000000000000     
   2.7519999384880065E-002   431.09461795321459        400.00000000000000     
   2.7559999383985994E-002   429.08644532623742        400.00000000000000     
   2.7599999383091926E-002   426.99322036945335        400.00000000000000     
   2.7639999382197855E-002   424.81522285201254        400.00000000000000     
   2.7679999381303787E-002   422.55279840204867        400.00000000000000     
   2.7719999380409716E-002   420.20635829089497        400.00000000000000     
   2.7759999379515649E-002   417.77637914404477        400.00000000000000     
   2.7799999378621577E-002   415.26340257943480        400.00000000000000     
   2.7839999377727506E-002   412.66803477375714        400.00000000000000     
   2.7879999376833439E-002   409.99094595761164        400.00000000000000     
   2.7919999375939367E-002   407.23286984043949        400.00000000000000     
   2.7959999375045300E-002   404.39460296627061        400.00000000000000     
   2.7999999374151228E-002   401.47700400144743        400.00000000000000     
   2.8039999373257161E-002   398.48099295557620        400.00000000000000     
   2.8079999372363090E-002   395.40755033706790        400.00000000000000     
   2.8119999371469018E-002   392.25771624472776        400.00000000000000     
   2.8159999370574951E-002   389.03258939694297        400.00000000000000     
   2.8199999369680880E-002   385.73332610011835        400.00000000000000     
   2.8239999368786812E-002   382.36113915807994        400.00000000000000     
   2.8279999367892741E-002   378.91729672426646        400.00000000000000     
   2.8319999366998673E-002   375.40312109858684        400.00000000000000     
   2.8359999366104602E-002   371.81998747091501        400.00000000000000     
   2.8399999365210531E-002   368.16932261323160        400.00000000000000     
   2.8439999364316463E-002   364.45260352252109        400.00000000000000     
   2.8479999363422392E-002   360.67135601655309        400.00000000000000     
   2.8519999362528324E-002   356.82715328474796        400.00000000000000     
   2.8559999361634253E-002   352.92161439637948        400.00000000000000     
   2.8599999360740185E-002   348.95640276837872        400.00000000000000     
   2.8639999359846114E-002   344.93322459507789        400.00000000000000     
   2.8679999358952043E-002   340.85382724222802        400.00000000000000     
   2.8719999358057975E-002   336.71999760766857        400.00000000000000     
   2.8759999357163904E-002   332.53356045104675        400.00000000000000     
   2.8799999356269836E-002   328.29637669497822        400.00000000000000     
   2.8839999355375765E-002   324.01034170008353        400.00000000000000     
   2.8879999354481697E-002   319.67738351630015        400.00000000000000     
   2.8919999353587626E-002   315.29946111290110        400.00000000000000     
   2.8959999352693559E-002   310.87856258962108        400.00000000000000     
   2.8999999351799487E-002   306.41670337129852        400.00000000000000     
   2.9039999350905416E-002   301.91592438840536        400.00000000000000     
   2.9079999350011349E-002   297.37829024584073        400.00000000000000     
   2.9119999349117277E-002   292.80588738231961        400.00000000000000     
   2.9159999348223210E-002   288.20082222266137        400.00000000000000     
   2.9199999347329138E-002   283.56521932526886        400.00000000000000     
   2.9239999346435071E-002   278.90121952702202        400.00000000000000     
   2.9279999345541000E-002   274.21097808779791        400.00000000000000     
   2.9319999344646928E-002   269.49666283676464        400.00000000000000     
   2.9359999343752861E-002   264.76045232256303        400.00000000000000     
   2.9399999342858790E-002   260.00453396943414        400.00000000000000     
   2.9439999341964722E-002   255.23110224129695        400.00000000000000     
   2.9479999341070651E-002   250.44235681573079        400.00000000000000     
   2.9519999340176583E-002   245.64050076975130        400.00000000000000     
   2.9559999339282512E-002   240.82773877922477        400.00000000000000     
   2.9599999338388441E-002   236.00627533367697        400.00000000000000     
   2.9639999337494373E-002   231.17831296822584        400.00000000000000     
   2.9679999336600302E-002   226.34605051426908        400.00000000000000     
   2.9719999335706234E-002   221.51168137051084        400.00000000000000     
   2.9759999334812163E-002   216.67739179584760        400.00000000000000     
   2.9799999333918095E-002   211.84535922554511        400.00000000000000     
   2.9839999333024024E-002   207.01775061210216        400.00000000000000     
   2.9879999332129953E-002   202.19672079209371        400.00000000000000     
   2.9919999331235885E-002   197.38441088024905        400.00000000000000     
   2.9959999330341814E-002   192.58294669192975        400.00000000000000     
   2.9999999329447746E-002   187.79443719511465        0.0000000000000000     
   3.0039999328553675E-002   183.02097299293081        0.0000000000000000     
   3.0079999327659607E-002   178.26462483769657        0.0000000000000000     
   3.0119999326765536E-002   173.52744217738518        0.0000000000000000     
   3.0159999325871465E-002   168.81145173534151        0.0000000000000000     
   3.0199999324977397E-002   164.11865612402926        0.0000000000000000     
   3.0239999324083326E-002   159.45103249351712        0.0000000000000000     
   3.0279999323189258E-002   154.81053121534688        0.0000000000000000     
   3.0319999322295187E-002   150.19907460238153        0.0000000000000000     
   3.0359999321401120E-002   145.61855566514319        0.0000000000000000     
   3.0399999320507048E-002   141.07083690513082        0.0000000000000000     
   3.0439999319612977E-002   136.55774914551108        0.0000000000000000     
   3.0479999318718910E-002   132.08109039955625        0.0000000000000000     
   3.0519999317824838E-002   127.64262477713125        0.0000000000000000     
   3.0559999316930771E-002   123.24408142947659        0.0000000000000000     
   3.0599999316036700E-002   118.88715353251351        0.0000000000000000     
   3.0639999315142632E-002   114.57349730881026        0.0000000000000000     
   3.0679999314248561E-002   110.30473108834403        0.0000000000000000     
   3.0719999313354493E-002   106.08243440811525        0.0000000000000000     
   3.0759999312460422E-002   101.90814715066271        0.0000000000000000     
   3.0799999311566351E-002   97.783368721457947        0.0000000000000000     
   3.0839999310672283E-002   93.709557265148788        0.0000000000000000     
   3.0879999309778212E-002   89.688128920569284        0.0000000000000000     
   3.0919999308884144E-002   85.720457114404681        0.0000000000000000     
   3.0959999307990073E-002   81.807871893381574        0.0000000000000000     
   3.0999999307096005E-002   77.951659294801573        0.0000000000000000     
   3.1039999306201934E-002   74.153060755238556        0.0000000000000000     
   3.1079999305307863E-002   70.413272557171922        0.0000000000000000     
   3.1119999304413795E-002   66.733445313317816        0.0000000000000000     
   3.1159999303519724E-002   63.114683488401660        0.0000000000000000     
   3.1199999302625656E-002   59.558044958083329        0.0000000000000000     
   3.1239999301731585E-002   56.064540604748544        0.0000000000000000     
   3.1279999300837517E-002   52.635133949846221        0.0000000000000000     
   3.1319999299943446E-002   49.270740822452893        0.0000000000000000     
   3.1359999299049375E-002   45.972229063721095        0.0000000000000000     
   3.1399999298155304E-002   42.740418266871202        0.0000000000000000     
   3.1439999297261240E-002   39.576079552361286        0.0000000000000000     
   3.1479999296367168E-002   36.479935377880949        0.0000000000000000     
   3.1519999295473097E-002   33.452659382786933        0.0000000000000000     
   3.1559999294579026E-002   30.494876266614867        0.0000000000000000     
   3.1599999293684955E-002   27.607161701283513        0.0000000000000000     
   3.1639999292790891E-002   24.790042276606005        0.0000000000000000     
   3.1679999291896820E-002   22.043995478730821        0.0000000000000000     
   3.1719999291002748E-002   19.369449701117247        0.0000000000000000     
   3.1759999290108677E-002   16.766784287668241        0.0000000000000000     
   3.1799999289214613E-002   14.236329607631294        0.0000000000000000     
   3.1839999288320542E-002   11.778367161885086        0.0000000000000000     
   3.1879999287426471E-002   9.3931297202237491        0.0000000000000000     
   3.1919999286532399E-002   7.0808014892679294        0.0000000000000000     
   3.1959999285638328E-002   4.8415183106173743        0.0000000000000000     
   3.1999999284744264E-002   2.6753678888734402        0.0000000000000000     
   3.2039999283850193E-002  0.58239004916101222        0.0000000000000000     
   3.2079999282956122E-002  -1.4374229762237651        0.0000000000000000     
   3.2119999282062051E-002  -3.3841262323960675        0.0000000000000000     
   3.2159999281167986E-002  -5.2578216980649426        0.0000000000000000     
   3.2199999280273915E-002  -7.0586579136670586        0.0000000000000000     
   3.2239999279379844E-002  -8.7868295818137607        0.0000000000000000     
   3.2279999278485773E-002  -10.442577140394421        0.0000000000000000     
   3.2319999277591702E-002  -12.026186308690960        0.0000000000000000     
   3.2359999276697637E-002  -13.537987606849624        0.0000000000000000     
   3.2399999275803566E-002  -14.978355849049008        0.0000000000000000     
   3.2439999274909495E-002  -16.347709610714581        0.0000000000000000     
   3.2479999274015424E-002  -17.646510670114452        0.0000000000000000     
   3.2519999273121353E-002  -18.875263424680082        0.0000000000000000     
   3.2559999272227289E-002  -20.034514282392827        0.0000000000000000     
   3.2599999271333217E-002  -21.124851028576089        0.0000000000000000     
   3.2639999270439146E-002  -22.146902168438029        0.0000000000000000     
   3.2679999269545075E-002  -23.101336245707579        0.0000000000000000     
   3.2719999268651011E-002  -23.988861137710288        0.0000000000000000     
   3.2759999267756940E-002  -24.810223327238347        0.0000000000000000     
   3.2799999266862868E-002  -25.566207151567653        0.0000000000000000     
   3.2839999265968797E-002  -26.257634028982679        0.0000000000000000     
   3.2879999265074726E-002  -26.885361663176134        0.0000000000000000     
   3.2919999264180662E-002  -27.450283225898691        0.0000000000000000     
   3.2959999263286591E-002  -27.953326518236310        0.0000000000000000     
   3.2999999262392520E-002  -28.395453110909934        0.0000000000000000     
   3.3039999261498448E-002  -28.777657463995997        0.0000000000000000     
   3.3079999260604377E-002  -29.100966026475113        0.0000000000000000     
   3.3119999259710313E-002  -29.366436316037351        0.0000000000000000     
   3.3159999258816242E-002  -29.575155979571381        0.0000000000000000     
   3.3199999257922171E-002  -29.728241834790719        0.0000000000000000     
   3.3239999257028099E-002  -29.826838893456600        0.0000000000000000     
   3.3279999256134035E-002  -29.872119366672678        0.0000000000000000     
   3.3319999255239964E-002  -29.865281652748152        0.0000000000000000     
   3.3359999254345893E-002  -29.807549308134398        0.0000000000000000     
   3.3399999253451822E-002  -29.700170001962750        0.0000000000000000     
   3.3439999252557751E-002  -29.544414454730809        0.0000000000000000     
   3.3479999251663686E-002  -29.341575361695327        0.0000000000000000     
   3.3519999250769615E-002  -29.092966301560054        0.0000000000000000     
   3.3559999249875544E-002  -28.799920631057685        0.0000000000000000     
   3.3599999248981473E-002  -28.463790366049427        0.0000000000000000     
   3.3639999248087409E-002  -28.085945049789032        0.0000000000000000     
   3.3679999247193337E-002  -27.667770609015570        0.0000000000000000     
   3.3719999246299266E-002  -27.210668198562477        0.0000000000000000     
   3.3759999245405195E-002  -26.716053035193109        0.0000000000000000     
   3.3799999244511124E-002  -26.185353221397115        0.0000000000000000     
   3.3839999243617060E-002  -25.620008559899624        0.0000000000000000     
   3.3879999242722988E-002  -25.021469359664128        0.0000000000000000     
   3.3919999241828917E-002  -24.391195234186984        0.0000000000000000     
   3.3959999240934846E-002  -23.730653892908336        0.0000000000000000     
   3.3999999240040775E-002  -23.041319926587057        0.0000000000000000     
   3.4039999239146711E-002  -22.324673587501270        0.0000000000000000     
   3.4079999238252640E-002  -21.582199565375145        0.0000000000000000     
   3.4119999237358568E-002  -20.815385759933960        0.0000000000000000     
   3.4159999236464497E-002  -20.025722051026097        0.0000000000000000     
   3.4199999235570433E-002  -19.214699067265983        0.0000000000000000     
   3.4239999234676362E-002  -18.383806954169824        0.0000000000000000     
   3.4279999233782291E-002  -17.534534142777552        0.0000000000000000     
   3.4319999232888219E-002  -16.668366119776479        0.0000000000000000     
   3.4359999231994148E-002  -15.786784200150604        0.0000000000000000     
   3.4399999231100084E-002  -14.891264303407825        0.0000000000000000     
   3.4439999230206013E-002  -13.983275734442255        0.0000000000000000     
   3.4479999229311942E-002  -13.064279970109723        0.0000000000000000     
   3.4519999228417871E-002  -12.135729452608064        0.0000000000000000     
   3.4559999227523799E-002  -11.199066390761384        0.0000000000000000     
   3.4599999226629735E-002  -10.255721570319899        0.0000000000000000     
   3.4639999225735664E-002  -9.3071131744015787        0.0000000000000000     
   3.4679999224841593E-002  -8.3546456151977733        0.0000000000000000     
   3.4719999223947522E-002  -7.3997083780839912        0.0000000000000000     
   3.4759999223053457E-002  -6.4436748792720318        0.0000000000000000     
   3.4799999222159386E-002  -5.4879013381465187        0.0000000000000000     
   3.4839999221265315E-002  -4.5337256654274416        0.0000000000000000     
   3.4879999220371244E-002  -3.5824663683048326        0.0000000000000000     
   3.4919999219477173E-002  -2.6354214736787287        0.0000000000000000     
   3.4959999218583108E-002  -1.6938674706455115        0.0000000000000000     
   3.4999999217689037E-002 -0.75905827335282550        0.0000000000000000     
   3.5039999216794966E-002  0.16777579465519837        0.0000000000000000     
   3.5079999215900895E-002   1.0854289934918855        0.0000000000000000     
   3.5119999215006824E-002   1.9927211362911381        0.0000000000000000     
   3.5159999214112760E-002   2.8884985337919127        0.0000000000000000     
   3.5199999213218688E-002   3.7716349130858444        0.0000000000000000     
   3.5239999212324617E-002   4.6410323094800079        0.0000000000000000     
   3.5279999211430546E-002   5.4956219304500911        0.0000000000000000     
   3.5319999210536482E-002   6.3343649906852226        0.0000000000000000     
   3.5359999209642411E-002   7.1562535172456814        0.0000000000000000     
   3.5399999208748339E-002   7.9603111238883608        0.0000000000000000     
   3.5439999207854268E-002   8.7455937536348838        0.0000000000000000     
   3.5479999206960197E-002   9.5111903887002001        0.0000000000000000     
   3.5519999206066133E-002   10.256223726918817        0.0000000000000000     
   3.5559999205172062E-002   10.979850823854074        0.0000000000000000     
   3.5599999204277991E-002   11.681263699803088        0.0000000000000000     
   3.5639999203383919E-002   12.359689910950303        0.0000000000000000     
   3.5679999202489855E-002   13.014393083969130        0.0000000000000000     
   3.5719999201595784E-002   13.644673413400904        0.0000000000000000     
   3.5759999200701713E-002   14.249868121197002        0.0000000000000000     
   3.5799999199807642E-002   14.829351877844534        0.0000000000000000     
   3.5839999198913570E-002   15.382537184546424        0.0000000000000000     
   3.5879999198019506E-002   15.908874715975557        0.0000000000000000     
   3.5919999197125435E-002   16.407853623167014        0.0000000000000000     
   3.5959999196231364E-002   16.879001796166943        0.0000000000000000     
   3.5999999195337293E-002   17.321886086103497        0.0000000000000000     
   3.6039999194443222E-002   17.736112486398330        0.0000000000000000     
   3.6079999193549157E-002   18.121326272891622        0.0000000000000000     
   3.6119999192655086E-002   18.477212102701881        0.0000000000000000     
   3.6159999191761015E-002   18.803494071701433        0.0000000000000000     
   3.6199999190866944E-002   19.099935730535897        0.0000000000000000     
   3.6239999189972880E-002   19.366340059177503        0.0000000000000000     
   3.6279999189078808E-002   19.602549400049782        0.0000000000000000     
   3.6319999188184737E-002   19.808445349821415        0.0000000000000000     
   3.6359999187290666E-002   19.983948610018199        0.0000000000000000     
   3.6399999186396595E-002   20.129018796657675        0.0000000000000000     
   3.6439999185502531E-002   20.243654209165985        0.0000000000000000     
   3.6479999184608460E-002   20.327891558888059        0.0000000000000000     
   3.6519999183714388E-002   20.381805657558402        0.0000000000000000     
   3.6559999182820317E-002   20.405509066150604        0.0000000000000000     
   3.6599999181926246E-002   20.399151704574674        0.0000000000000000     
   3.6639999181032182E-002   20.362920422745809        0.0000000000000000     
   3.6679999180138111E-002   20.297038533594421        0.0000000000000000     
   3.6719999179244039E-002   20.201765308638869        0.0000000000000000     
   3.6759999178349968E-002   20.077395436789327        0.0000000000000000     
   3.6799999177455904E-002   19.924258447097621        0.0000000000000000     
   3.6839999176561833E-002   19.742718096214222        0.0000000000000000     
   3.6879999175667762E-002   19.533171721355856        0.0000000000000000     
   3.6919999174773691E-002   19.296049559631044        0.0000000000000000     
   3.6959999173879619E-002   19.031814034610900        0.0000000000000000     
   3.6999999172985555E-002   18.740959011070910        0.0000000000000000     
   3.7039999172091484E-002   18.424009018870159        0.0000000000000000     
   3.7079999171197413E-002   18.081518446963528        0.0000000000000000     
   3.7119999170303342E-002   17.714070708583876        0.0000000000000000     
   3.7159999169409270E-002   17.322277378657216        0.0000000000000000     
   3.7199999168515206E-002   16.906777304546186        0.0000000000000000     
   3.7239999167621135E-002   16.468235691245940        0.0000000000000000     
   3.7279999166727064E-002   16.007343162179403        0.0000000000000000     
   3.7319999165832993E-002   15.524814796766377        0.0000000000000000     
   3.7359999164938928E-002   15.021389145960827        0.0000000000000000     
   3.7399999164044857E-002   14.497827226970646        0.0000000000000000     
   3.7439999163150786E-002   13.954911498391597        0.0000000000000000     
   3.7479999162256715E-002   13.393444817005236        0.0000000000000000     
   3.7519999161362644E-002   12.814249377500747        0.0000000000000000     
   3.7559999160468580E-002   12.218165636394172        0.0000000000000000     
   3.7599999159574508E-002   11.606051221429409        0.0000000000000000     
   3.7639999158680437E-002   10.978779827748635        0.0000000000000000     
   3.7679999157786366E-002   10.337240102130583        0.0000000000000000     
   3.7719999156892302E-002   9.6823345165945724        0.0000000000000000     
   3.7759999155998231E-002   9.0149782326732950        0.0000000000000000     
   3.7799999155104159E-002   8.3360979576528447        0.0000000000000000     
   3.7839999154210088E-002   7.6466307940811733        0.0000000000000000     
   3.7879999153316017E-002   6.9475230838401423        0.0000000000000000     
   3.7919999152421953E-002   6.2397292480699020        0.0000000000000000     
   3.7959999151527882E-002   5.5242106242291316        0.0000000000000000     
   3.7999999150633811E-002   4.8019343015635982        0.0000000000000000     
   3.8039999149739739E-002   4.0738719562491577        0.0000000000000000     
   3.8079999148845668E-002   3.3409986874575965        0.0000000000000000     
   3.8119999147951604E-002   2.6042918555853434        0.0000000000000000     
   3.8159999147057533E-002   1.8647299238697435        0.0000000000000000     
   3.8199999146163462E-002   1.1232913045971247        0.0000000000000000     
   3.8239999145269390E-002  0.38095321109734159        0.0000000000000000     
   3.8279999144375326E-002 -0.36130948330598622        0.0000000000000000     
   3.8319999143481255E-002  -1.1025253782344866        0.0000000000000000     
   3.8359999142587184E-002  -1.8417276699530329        0.0000000000000000     
   3.8399999141693113E-002  -2.5779552647142481        0.0000000000000000     
   3.8439999140799042E-002  -3.3102538806595039        0.0000000000000000     
   3.8479999139904977E-002  -4.0376771372139046        0.0000000000000000     
   3.8519999139010906E-002  -4.7592876309287258        0.0000000000000000     
   3.8559999138116835E-002  -5.4741579967578424        0.0000000000000000     
   3.8599999137222764E-002  -6.1813719537721843        0.0000000000000000     
   3.8639999136328693E-002  -6.8800253343459525        0.0000000000000000     
   3.8679999135434628E-002  -7.5692270958743304        0.0000000000000000     
   3.8719999134540557E-002  -8.2481003141055869        0.0000000000000000     
   3.8759999133646486E-002  -8.9157831572024051        0.0000000000000000     
   3.8799999132752415E-002  -9.5714298396681770        0.0000000000000000     
   3.8839999131858351E-002  -10.214211555306727        0.0000000000000000     
   3.8879999130964280E-002  -10.843317388407129        0.0000000000000000     
   3.8919999130070208E-002  -11.457955202377129        0.0000000000000000     
   3.8959999129176137E-002  -12.057352505071357        0.0000000000000000     
   3.8999999128282066E-002  -12.640757290091873        0.0000000000000000     
   3.9039999127388002E-002  -13.207438853366337        0.0000000000000000     
   3.9079999126493931E-002  -13.756688584332789        0.0000000000000000     
   3.9119999125599859E-002  -14.287820731093689        0.0000000000000000     
   3.9159999124705788E-002  -14.800173138923634        0.0000000000000000     
   3.9199999123811724E-002  -15.293107961545745        0.0000000000000000     
   3.9239999122917653E-002  -15.766012344618279        0.0000000000000000     
   3.9279999122023582E-002  -16.218299080900373        0.0000000000000000     
   3.9319999121129511E-002  -16.649407236590555        0.0000000000000000     
   3.9359999120235439E-002  -17.058802748362229        0.0000000000000000     
   3.9399999119341375E-002  -17.445978990642054        0.0000000000000000     
   3.9439999118447304E-002  -17.810457312707538        0.0000000000000000     
   3.9479999117553233E-002  -18.151787545203746        0.0000000000000000     
   3.9519999116659162E-002  -18.469548475704574        0.0000000000000000     
   3.9559999115765090E-002  -18.763348292971052        0.0000000000000000     
   3.9599999114871026E-002  -19.032824999583202        0.0000000000000000     
   3.9639999113976955E-002  -19.277646792647271        0.0000000000000000     
   3.9679999113082884E-002  -19.497512412305067        0.0000000000000000     
   3.9719999112188813E-002  -19.692151457796463        0.0000000000000000     
   3.9759999111294748E-002  -19.861324670850593        0.0000000000000000     
   3.9799999110400677E-002  -20.004824186205688        0.0000000000000000     
   3.9839999109506606E-002  -20.122473749081077        0.0000000000000000     
   3.9879999108612535E-002  -20.214128899448884        0.0000000000000000     
   3.9919999107718464E-002  -20.279677122976718        0.0000000000000000     
   3.9959999106824400E-002  -20.319037968536353        0.0000000000000000     
   3.9999999105930328E-002  -20.332163132196360        0.0000000000000000     
