   0.0000000000000000        404.65398046140757        400.00000000000000     
   3.9999999105930327E-005   404.62729902273594        400.00000000000000     
   7.9999998211860654E-005   404.57767188127360        400.00000000000000     
   1.1999999731779099E-004   404.50457052989259        400.00000000000000     
   1.5999999642372131E-004   404.40760955519443        400.00000000000000     
   1.9999999552965163E-004   404.28654941139524        400.00000000000000     
   2.3999999463558198E-004   404.14129815382051        400.00000000000000     
   2.7999999374151227E-004   403.97191210746900        400.00000000000000     
   3.1999999284744262E-004   403.77859546015429        400.00000000000000     
   3.5999999195337296E-004   403.56169878398487        400.00000000000000     
   3.9999999105930326E-004   403.32171650311432        400.00000000000000     
   4.3999999016523361E-004   403.05928333945639        400.00000000000000     
   4.7999998927116395E-004   402.77516978111316        400.00000000000000     
   5.1999998837709430E-004   402.47027663031616        400.00000000000000     
   5.5999998748302454E-004   402.14562869853711        400.00000000000000     
   5.9999998658895489E-004   401.80236772579877        400.00000000000000     
   6.3999998569488523E-004   401.44174460902167        400.00000000000000     
   6.7999998480081558E-004   401.06511103030726        400.00000000000000     
   7.1999998390674593E-004   400.67391058033843        400.00000000000000     
   7.5999998301267617E-004   400.26966947456060        400.00000000000000     
   7.9999998211860652E-004   399.85398696050538        400.00000000000000     
   8.3999998122453686E-004   399.42852551361034        400.00000000000000     
   8.7999998033046721E-004   398.99500091631995        400.00000000000000     
   9.1999997943639756E-004   398.55517231120012        400.00000000000000     
   9.5999997854232791E-004   398.11083231351398        400.00000000000000     
   9.9999997764825825E-004   397.66379726234430        400.00000000000000     
   1.0399999767541886E-003   397.21589768209662        400.00000000000000     
   1.0799999758601187E-003   396.76896901833754        400.00000000000000     
   1.1199999749660491E-003   396.32484270359015        400.00000000000000     
   1.1599999740719794E-003   395.88533760014042        400.00000000000000     
   1.1999999731779098E-003   395.45225185828849        400.00000000000000     
   1.2399999722838401E-003   395.02735522001433        400.00000000000000     
   1.2799999713897705E-003   394.61238178982114        400.00000000000000     
   1.3199999704957008E-003   394.20902328678756        400.00000000000000     
   1.3599999696016312E-003   393.81892278462311        400.00000000000000     
   1.3999999687075615E-003   393.44366893997739        400.00000000000000     
   1.4399999678134919E-003   393.08479070335966        400.00000000000000     
   1.4799999669194222E-003   392.74375250194646        400.00000000000000     
   1.5199999660253523E-003   392.42194987920720        400.00000000000000     
   1.5599999651312827E-003   392.12070557277610        400.00000000000000     
   1.5999999642372130E-003   391.84126600924043        400.00000000000000     
   1.6399999633431434E-003   391.58479819256547        400.00000000000000     
   1.6799999624490737E-003   391.35238696164589        400.00000000000000     
   1.7199999615550041E-003   391.14503259193754        400.00000000000000     
   1.7599999606609344E-003   390.96364871625400        400.00000000000000     
   1.7999999597668648E-003   390.80906054052349        400.00000000000000     
   1.8399999588727951E-003   390.68200333154812        400.00000000000000     
   1.8799999579787255E-003   390.58312115554293        400.00000000000000     
   1.9199999570846558E-003   390.51296584835910        400.00000000000000     
   1.9599999561905859E-003   390.47199620079112        400.00000000000000     
   1.9999999552965165E-003   390.46057734512294        400.00000000000000     
   2.0399999544024466E-003   390.47898033206718        400.00000000000000     
   2.0799999535083772E-003   390.52738189038905        400.00000000000000     
   2.1199999526143073E-003   390.60586436474000        400.00000000000000     
   2.1599999517202375E-003   390.71441583050091        400.00000000000000     
   2.1999999508261680E-003   390.85293038766349        400.00000000000000     
   2.2399999499320982E-003   391.02120863892145        400.00000000000000     
   2.2799999490380287E-003   391.21895836014170        400.00000000000000     
   2.3199999481439589E-003   391.44579537415626        400.00000000000000     
   2.3599999472498894E-003   391.70124464132397        400.00000000000000     
   2.3999999463558195E-003   391.98474158248382        400.00000000000000     
   2.4399999454617501E-003   392.29563365171020        400.00000000000000     
   2.4799999445676802E-003   392.63318217762156        400.00000000000000     
   2.5199999436736108E-003   392.99656449283793        400.00000000000000     
   2.5599999427795409E-003   393.38487637148660        400.00000000000000     
   2.5999999418854711E-003   393.79713479436947        400.00000000000000     
   2.6399999409914016E-003   394.23228106049123        400.00000000000000     
   2.6799999400973318E-003   394.68918426208080        400.00000000000000     
   2.7199999392032623E-003   395.16664513799765        400.00000000000000     
   2.7599999383091925E-003   395.66340031749456        400.00000000000000     
   2.7999999374151230E-003   396.17812696270067        400.00000000000000     
   2.8399999365210532E-003   396.70944781394280        400.00000000000000     
   2.8799999356269837E-003   397.25593663712704        400.00000000000000     
   2.9199999347329138E-003   397.81612406696570        400.00000000000000     
   2.9599999338388444E-003   398.38850383388638        400.00000000000000     
   2.9999999329447745E-003   398.97153935608088        400.00000000000000     
   3.0399999320507047E-003   399.56367067151825        400.00000000000000     
   3.0799999311566352E-003   400.16332167786499        400.00000000000000     
   3.1199999302625654E-003   400.76890764138716        400.00000000000000     
   3.1599999293684959E-003   401.37884292910650        400.00000000000000     
   3.1999999284744261E-003   401.99154891195371        400.00000000000000     
   3.2399999275803566E-003   402.60546198057148        400.00000000000000     
   3.2799999266862868E-003   403.21904160989737        400.00000000000000     
   3.3199999257922173E-003   403.83077840390393        400.00000000000000     
   3.3599999248981475E-003   404.43920204801537        400.00000000000000     
   3.3999999240040780E-003   405.04288909391437        400.00000000000000     
   3.4399999231100081E-003   405.64047049977830        400.00000000000000     
   3.4799999222159383E-003   406.23063884860676        400.00000000000000     
   3.5199999213218688E-003   406.81215516818963        400.00000000000000     
   3.5599999204277990E-003   407.38385527854734        400.00000000000000     
   3.5999999195337295E-003   407.94465559627213        400.00000000000000     
   3.6399999186396597E-003   408.49355833013527        400.00000000000000     
   3.6799999177455902E-003   409.02965600846812        400.00000000000000     
   3.7199999168515204E-003   409.55213528612683        400.00000000000000     
   3.7599999159574509E-003   410.06027998712767        400.00000000000000     
   3.7999999150633811E-003   410.55347334814428        400.00000000000000     
   3.8399999141693116E-003   411.03119943779689        400.00000000000000     
   3.8799999132752418E-003   411.49304373682861        400.00000000000000     
   3.9199999123811719E-003   411.93869287465282        400.00000000000000     
   3.9599999114871024E-003   412.36793352810668        400.00000000000000     
   3.9999999105930330E-003   412.78065049839472        400.00000000000000     
   4.0399999096989627E-003   413.17682399190977        400.00000000000000     
   4.0799999088048933E-003   413.55652613969335        400.00000000000000     
   4.1199999079108238E-003   413.91991679858552        400.00000000000000     
   4.1599999070167544E-003   414.26723868445430        400.00000000000000     
   4.1999999061226841E-003   414.59881189419269        400.00000000000000     
   4.2399999052286147E-003   414.91502787833520        400.00000000000000     
   4.2799999043345452E-003   415.21634293013028        400.00000000000000     
   4.3199999034404749E-003   415.50327125969380        400.00000000000000     
   4.3599999025464055E-003   415.77637772347833        400.00000000000000     
   4.3999999016523361E-003   416.03627027978075        400.00000000000000     
   4.4399999007582666E-003   416.28359224041122        400.00000000000000     
   4.4799998998641963E-003   416.51901438711263        400.00000000000000     
   4.5199998989701269E-003   416.74322701888195        400.00000000000000     
   4.5599998980760574E-003   416.95693199322460        400.00000000000000     
   4.5999998971819880E-003   417.16083482058201        400.00000000000000     
   4.6399998962879177E-003   417.35563686698572        400.00000000000000     
   4.6799998953938483E-003   417.54202771540275        400.00000000000000     
   4.7199998944997788E-003   417.72067773149064        400.00000000000000     
   4.7599998936057085E-003   417.89223087463847        400.00000000000000     
   4.7999998927116391E-003   418.05729779036733        400.00000000000000     
   4.8399998918175697E-003   418.21644921548710        400.00000000000000     
   4.8799998909235002E-003   418.37020972298382        400.00000000000000     
   4.9199998900294299E-003   418.51905182945279        400.00000000000000     
   4.9599998891353605E-003   418.66339048412095        400.00000000000000     
   4.9999998882412910E-003   418.80357795511190        400.00000000000000     
   5.0399998873472216E-003   418.93989912565519        400.00000000000000     
   5.0799998864531513E-003   419.07256721043149        400.00000000000000     
   5.1199998855590819E-003   419.20171990015592        400.00000000000000     
   5.1599998846650124E-003   419.32741594088861        400.00000000000000     
   5.1999998837709421E-003   419.44963215328556        400.00000000000000     
   5.2399998828768727E-003   419.56826089616374        400.00000000000000     
   5.2799998819828033E-003   419.68310797819032        400.00000000000000     
   5.3199998810887338E-003   419.79389102125924        400.00000000000000     
   5.3599998801946635E-003   419.90023827906003        400.00000000000000     
   5.3999998793005941E-003   420.00168791446453        400.00000000000000     
   5.4399998784065247E-003   420.09768773957785        400.00000000000000     
   5.4799998775124552E-003   420.18759542252752        400.00000000000000     
   5.5199998766183849E-003   420.27067916527830        400.00000000000000     
   5.5599998757243155E-003   420.34611885685274        400.00000000000000     
   5.5999998748302460E-003   420.41300770625685        400.00000000000000     
   5.6399998739361757E-003   420.47035435911835        400.00000000000000     
   5.6799998730421063E-003   420.51708550141194        400.00000000000000     
   5.7199998721480369E-003   420.55204895271731        400.00000000000000     
   5.7599998712539674E-003   420.57401725008816        400.00000000000000     
   5.7999998703598971E-003   420.58169172183176        400.00000000000000     
   5.8399998694658277E-003   420.57370704823785        400.00000000000000     
   5.8799998685717583E-003   420.54863630356556        400.00000000000000     
   5.9199998676776888E-003   420.50499647033757        400.00000000000000     
   5.9599998667836185E-003   420.44125441330056        400.00000000000000     
   5.9999998658895491E-003   420.35583329617464        400.00000000000000     
   6.0399998649954796E-003   420.24711941971520        400.00000000000000     
   6.0799998641014093E-003   420.11346945456302        400.00000000000000     
   6.1199998632073399E-003   419.95321803703962        400.00000000000000     
   6.1599998623132705E-003   419.76468569044147        400.00000000000000     
   6.1999998614192010E-003   419.54618702867964        400.00000000000000     
   6.2399998605251307E-003   419.29603919333908        400.00000000000000     
   6.2799998596310613E-003   419.01257046956039        400.00000000000000     
   6.3199998587369919E-003   418.69412902071321        400.00000000000000     
   6.3599998578429224E-003   418.33909167671328        400.00000000000000     
   6.3999998569488521E-003   417.94587270628818        400.00000000000000     
   6.4399998560547827E-003   417.51293249953704        400.00000000000000     
   6.4799998551607133E-003   417.03878608400368        400.00000000000000     
   6.5199998542666429E-003   416.52201139526153        400.00000000000000     
   6.5599998533725735E-003   415.96125722184905        400.00000000000000     
   6.5999998524785041E-003   415.35525074434304        400.00000000000000     
   6.6399998515844346E-003   414.70280458959269        400.00000000000000     
   6.6799998506903643E-003   414.00282332359711        400.00000000000000     
   6.7199998497962949E-003   413.25430931032145        400.00000000000000     
   6.7599998489022255E-003   412.45636786884558        400.00000000000000     
   6.7999998480081560E-003   411.60821166760877        400.00000000000000     
   6.8399998471140857E-003   410.70916430208825        400.00000000000000     
   6.8799998462200163E-003   409.75866301091901        400.00000000000000     
   6.9199998453259469E-003   408.75626049507724        400.00000000000000     
   6.9599998444318766E-003   407.70162581518491        400.00000000000000     
   6.9999998435378071E-003   406.59454435302121        400.00000000000000     
   7.0399998426437377E-003   405.43491683476776        400.00000000000000     
   7.0799998417496682E-003   404.22275742512949        400.00000000000000     
   7.1199998408555979E-003   402.95819091306328        400.00000000000000     
   7.1599998399615285E-003   401.64144902114481        400.00000000000000     
   7.1999998390674591E-003   400.27286588142749        400.00000000000000     
   7.2399998381733896E-003   398.85287273075647        400.00000000000000     
   7.2799998372793193E-003   397.38199188773052        400.00000000000000     
   7.3199998363852499E-003   395.86083008167395        400.00000000000000     
   7.3599998354911805E-003   394.29007121094105        400.00000000000000     
   7.3999998345971102E-003   392.67046861357085        400.00000000000000     
   7.4399998337030407E-003   391.00283693758047        400.00000000000000     
   7.4799998328089713E-003   389.28804370111169        400.00000000000000     
   7.5199998319149019E-003   387.52700063409475        400.00000000000000     
   7.5599998310208315E-003   385.72065489320448        400.00000000000000     
   7.5999998301267621E-003   383.86998024067157        400.00000000000000     
   7.6399998292326927E-003   381.97596827503878        400.00000000000000     
   7.6799998283386232E-003   380.03961979840125        400.00000000000000     
   7.7199998274445529E-003   378.06193640009246        400.00000000000000     
   7.7599998265504835E-003   376.04391233138614        400.00000000000000     
   7.7999998256564141E-003   373.98652673967314        400.00000000000000     
   7.8399998247623438E-003   371.89073632394906        400.00000000000000     
   7.8799998238682743E-003   369.75746846642579        400.00000000000000     
   7.9199998229742049E-003   367.58761488784603        400.00000000000000     
   7.9599998220801355E-003   365.38202586674072        400.00000000000000     
   7.9999998211860660E-003   363.14150505558507        400.00000000000000     
   8.0399998202919966E-003   360.86680491968190        400.00000000000000     
   8.0799998193979254E-003   358.55862281773221        400.00000000000000     
   8.1199998185038560E-003   356.21759773652059        400.00000000000000     
   8.1599998176097865E-003   353.84430768602800        400.00000000000000     
   8.1999998167157171E-003   351.43926775562488        400.00000000000000     
   8.2399998158216477E-003   349.00292882681310        400.00000000000000     
   8.2799998149275782E-003   346.53567693332093        400.00000000000000     
   8.3199998140335088E-003   344.03783325518947        400.00000000000000     
   8.3599998131394376E-003   341.50965472980357        400.00000000000000     
   8.3999998122453682E-003   338.95133525962706        400.00000000000000     
   8.4399998113512988E-003   336.36300749363352        400.00000000000000     
   8.4799998104572293E-003   333.74474515705873        400.00000000000000     
   8.5199998095631599E-003   331.09656590208346        400.00000000000000     
   8.5599998086690905E-003   328.41843465037374        400.00000000000000     
   8.5999998077750210E-003   325.71026739694298        400.00000000000000     
   8.6399998068809498E-003   322.97193544358583        400.00000000000000     
   8.6799998059868804E-003   320.20327002905850        400.00000000000000     
   8.7199998050928110E-003   317.40406732224221        400.00000000000000     
   8.7599998041987415E-003   314.57409374364755        400.00000000000000     
   8.7999998033046721E-003   311.71309157980750        400.00000000000000     
   8.8399998024106027E-003   308.82078485428815        400.00000000000000     
   8.8799998015165332E-003   305.89688541824540        400.00000000000000     
   8.9199998006224638E-003   302.94109922260168        400.00000000000000     
   8.9599997997283926E-003   299.95313273307670        400.00000000000000     
   8.9999997988343232E-003   296.93269944838113        400.00000000000000     
   9.0399997979402538E-003   293.87952648099844        400.00000000000000     
   9.0799997970461843E-003   290.79336115902925        400.00000000000000     
   9.1199997961521149E-003   287.67397760668905        400.00000000000000     
   9.1599997952580454E-003   284.52118326017541        400.00000000000000     
   9.1999997943639760E-003   281.33482527484824        400.00000000000000     
   9.2399997934699048E-003   278.11479677901741        400.00000000000000     
   9.2799997925758354E-003   274.86104292912893        400.00000000000000     
   9.3199997916817660E-003   271.57356672088730        400.00000000000000     
   9.3599997907876965E-003   268.25243451082980        400.00000000000000     
   9.3999997898936271E-003   264.89778120319875        400.00000000000000     
   9.4399997889995577E-003   261.50981505762587        400.00000000000000     
   9.4799997881054882E-003   258.08882207424779        400.00000000000000     
   9.5199997872114171E-003   254.63516991442938        400.00000000000000     
   9.5599997863173476E-003   251.14931131732436        400.00000000000000     
   9.5999997854232782E-003   247.63178697508141        400.00000000000000     
   9.6399997845292087E-003   244.08322783264120        400.00000000000000     
   9.6799997836351393E-003   240.50435678174733        400.00000000000000     
   9.7199997827410699E-003   236.89598972304938        400.00000000000000     
   9.7599997818470004E-003   233.25903597495142        400.00000000000000     
   9.7999997809529310E-003   229.59449801317211        400.00000000000000     
   9.8399997800588598E-003   225.90347053074521        400.00000000000000     
   9.8799997791647904E-003   222.18713881438379        400.00000000000000     
   9.9199997782707210E-003   218.44677643966813        400.00000000000000     
   9.9599997773766515E-003   214.68374229431612        400.00000000000000     
   9.9999997764825821E-003   210.89947694576043        0.0000000000000000     
   1.0039999775588513E-002   207.09549837630712        0.0000000000000000     
   1.0079999774694443E-002   203.27339711613382        0.0000000000000000     
   1.0119999773800372E-002   199.43483081122670        0.0000000000000000     
   1.0159999772906303E-002   195.58151826990772        0.0000000000000000     
   1.0199999772012233E-002   191.71523303777388        0.0000000000000000     
   1.0239999771118164E-002   187.83779655650986        0.0000000000000000     
   1.0279999770224094E-002   183.95107096708094        0.0000000000000000     
   1.0319999769330025E-002   180.05695162212018        0.0000000000000000     
   1.0359999768435955E-002   176.15735937586052        0.0000000000000000     
   1.0399999767541884E-002   172.25423272258826        0.0000000000000000     
   1.0439999766647815E-002   168.34951985633589        0.0000000000000000     
   1.0479999765753745E-002   164.44517072528754        0.0000000000000000     
   1.0519999764859676E-002   160.54312915416418        0.0000000000000000     
   1.0559999763965607E-002   156.64532510666729        0.0000000000000000     
   1.0599999763071537E-002   152.75366715794061        0.0000000000000000     
   1.0639999762177468E-002   148.87003524397394        0.0000000000000000     
   1.0679999761283396E-002   144.99627375100044        0.0000000000000000     
   1.0719999760389327E-002   141.13418500330559        0.0000000000000000     
   1.0759999759495258E-002   137.28552320255082        0.0000000000000000     
   1.0799999758601188E-002   133.45198886584166        0.0000000000000000     
   1.0839999757707119E-002   129.63522380341743        0.0000000000000000     
   1.0879999756813049E-002   125.83680667016770        0.0000000000000000     
   1.0919999755918980E-002   122.05824911825658        0.0000000000000000     
   1.0959999755024910E-002   118.30099257112836        0.0000000000000000     
   1.0999999754130839E-002   114.56640563215130        0.0000000000000000     
   1.1039999753236770E-002   110.85578213426193        0.0000000000000000     
   1.1079999752342700E-002   107.17033983029826        0.0000000000000000     
   1.1119999751448631E-002   103.51121971733679        0.0000000000000000     
   1.1159999750554562E-002   99.879485982366049        0.0000000000000000     
   1.1199999749660492E-002   96.276126551099964        0.0000000000000000     
   1.1239999748766423E-002   92.702054216710749        0.0000000000000000     
   1.1279999747872351E-002   89.158108320782688        0.0000000000000000     
   1.1319999746978282E-002   85.645056954883685        0.0000000000000000     
   1.1359999746084213E-002   82.163599647834445        0.0000000000000000     
   1.1399999745190143E-002   78.714370501015978        0.0000000000000000     
   1.1439999744296074E-002   75.297941731913539        0.0000000000000000     
   1.1479999743402004E-002   71.914827584485408        0.0000000000000000     
   1.1519999742507935E-002   68.565488563886689        0.0000000000000000     
   1.1559999741613864E-002   65.250335952502169        0.0000000000000000     
   1.1599999740719794E-002   61.969736564123288        0.0000000000000000     
   1.1639999739825725E-002   58.724017693397556        0.0000000000000000     
   1.1679999738931655E-002   55.513472218327991        0.0000000000000000     
   1.1719999738037586E-002   52.338363814565518        0.0000000000000000     
   1.1759999737143517E-002   49.198932241472676        0.0000000000000000     
   1.1799999736249447E-002   46.095398661375121        0.0000000000000000     
   1.1839999735355378E-002   43.027970955041908        0.0000000000000000     
   1.1879999734461306E-002   39.996848998174350        0.0000000000000000     
   1.1919999733567237E-002   37.002229865519368        0.0000000000000000     
   1.1959999732673168E-002   34.044312931107363        0.0000000000000000     
   1.1999999731779098E-002   31.123304835016146        0.0000000000000000     
   1.2039999730885029E-002   28.239424288962205        0.0000000000000000     
   1.2079999729990959E-002   25.392906694887522        0.0000000000000000     
   1.2119999729096890E-002   22.584008552532367        0.0000000000000000     
   1.2159999728202819E-002   19.813011633736519        0.0000000000000000     
   1.2199999727308749E-002   17.080226902904762        0.0000000000000000     
   1.2239999726414680E-002   14.385998164682769        0.0000000000000000     
   1.2279999725520610E-002   11.730705421417120        0.0000000000000000     
   1.2319999724626541E-002   9.1147679244350339        0.0000000000000000     
   1.2359999723732472E-002   6.5386469045637616        0.0000000000000000     
   1.2399999722838402E-002   4.0028479686270666        0.0000000000000000     
   1.2439999721944331E-002   1.5079231499278645        0.0000000000000000     
   1.2479999721050261E-002 -0.94552739805596753        0.0000000000000000     
   1.2519999720156192E-002  -3.3568540743351263        0.0000000000000000     
   1.2559999719262123E-002  -5.7253568778335602        0.0000000000000000     
   1.2599999718368053E-002  -8.0502848367942406        0.0000000000000000     
   1.2639999717473984E-002  -10.330835826200204        0.0000000000000000     
   1.2679999716579914E-002  -12.566156778025480        0.0000000000000000     
   1.2719999715685845E-002  -14.755344287872909        0.0000000000000000     
   1.2759999714791774E-002  -16.897445620242085        0.0000000000000000     
   1.2799999713897704E-002  -18.991460113289534        0.0000000000000000     
   1.2839999713003635E-002  -21.036340982488415        0.0000000000000000     
   1.2879999712109565E-002  -23.030997521049457        0.0000000000000000     
   1.2919999711215496E-002  -24.974297693338908        0.0000000000000000     
   1.2959999710321427E-002  -26.865071115794677        0.0000000000000000     
   1.2999999709427357E-002  -28.702112418024889        0.0000000000000000     
   1.3039999708533286E-002  -30.484184974855893        0.0000000000000000     
   1.3079999707639216E-002  -32.210024998090773        0.0000000000000000     
   1.3119999706745147E-002  -33.878345974658501        0.0000000000000000     
   1.3159999705851078E-002  -35.487843435675750        0.0000000000000000     
   1.3199999704957008E-002  -37.037200038737055        0.0000000000000000     
   1.3239999704062939E-002  -38.525090943503670        0.0000000000000000     
   1.3279999703168869E-002  -39.950189458393254        0.0000000000000000     
   1.3319999702274798E-002  -41.311172933921739        0.0000000000000000     
   1.3359999701380729E-002  -42.507061916453495        0.0000000000000000     
   1.3399999700486659E-002  -43.580103999002134        0.0000000000000000     
   1.3439999699592590E-002  -44.578595927359054        0.0000000000000000     
   1.3479999698698520E-002  -45.502416006647167        0.0000000000000000     
   1.3519999697804451E-002  -46.351479135129154        0.0000000000000000     
   1.3559999696910381E-002  -47.125740016637948        0.0000000000000000     
   1.3599999696016312E-002  -47.825196269868052        0.0000000000000000     
   1.3639999695122241E-002  -48.449891424432799        0.0000000000000000     
   1.3679999694228171E-002  -48.999917794042240        0.0000000000000000     
   1.3719999693334102E-002  -49.475419217618153        0.0000000000000000     
   1.3759999692440033E-002  -49.876593659666717        0.0000000000000000     
   1.3799999691545963E-002  -50.203695661743140        0.0000000000000000     
   1.3839999690651894E-002  -50.457038637393346        0.0000000000000000     
   1.3879999689757824E-002  -50.636997003525650        0.0000000000000000     
   1.3919999688863753E-002  -50.744008141755081        0.0000000000000000     
   1.3959999687969684E-002  -50.778574183878028        0.0000000000000000     
   1.3999999687075614E-002  -50.741263616265712        0.0000000000000000     
   1.4039999686181545E-002  -50.632712698606511        0.0000000000000000     
   1.4079999685287475E-002  -50.453626693090662        0.0000000000000000     
   1.4119999684393406E-002  -50.204780900797786        0.0000000000000000     
   1.4159999683499336E-002  -49.887021502723535        0.0000000000000000     
   1.4199999682605265E-002  -49.501266203556575        0.0000000000000000     
   1.4239999681711196E-002  -49.048504677002960        0.0000000000000000     
   1.4279999680817126E-002  -48.529798812121861        0.0000000000000000     
   1.4319999679923057E-002  -47.946282760807328        0.0000000000000000     
   1.4359999679028988E-002  -47.299162787208004        0.0000000000000000     
   1.4399999678134918E-002  -46.589716920517461        0.0000000000000000     
   1.4439999677240849E-002  -45.819294413191784        0.0000000000000000     
   1.4479999676346779E-002  -44.989315007258327        0.0000000000000000     
   1.4519999675452708E-002  -44.101268011953486        0.0000000000000000     
   1.4559999674558639E-002  -43.156711196489333        0.0000000000000000     
   1.4599999673664569E-002  -42.157269502266779        0.0000000000000000     
   1.4639999672770500E-002  -41.104633579349382        0.0000000000000000     
   1.4679999671876430E-002  -40.000558152470340        0.0000000000000000     
   1.4719999670982361E-002  -38.846860222274422        0.0000000000000000     
   1.4759999670088291E-002  -37.645417107880014        0.0000000000000000     
   1.4799999669194220E-002  -36.398164337204236        0.0000000000000000     
   1.4839999668300151E-002  -35.107093391800852        0.0000000000000000     
   1.4879999667406081E-002  -33.774249313246294        0.0000000000000000     
   1.4919999666512012E-002  -32.401728178336015        0.0000000000000000     
   1.4959999665617943E-002  -30.991674450562066        0.0000000000000000     
   1.4999999664723873E-002  -29.546278215496180        0.0000000000000000     
   1.5039999663829804E-002  -28.067772307838371        0.0000000000000000     
   1.5079999662935733E-002  -26.558429337973362        0.0000000000000000     
   1.5119999662041663E-002  -25.020558625934871        0.0000000000000000     
   1.5159999661147594E-002  -23.456503050708374        0.0000000000000000     
   1.5199999660253524E-002  -21.868635822787638        0.0000000000000000     
   1.5239999659359455E-002  -20.259357187873167        0.0000000000000000     
   1.5279999658465385E-002  -18.631091069534214        0.0000000000000000     
   1.5319999657571316E-002  -16.986281658575532        0.0000000000000000     
   1.5359999656677246E-002  -15.327389956741650        0.0000000000000000     
   1.5399999655783175E-002  -13.656890282263369        0.0000000000000000     
   1.5439999654889106E-002  -11.977266744611608        0.0000000000000000     
   1.5479999653995036E-002  -10.291009695665066        0.0000000000000000     
   1.5519999653100967E-002  -8.6006121643294513        0.0000000000000000     
   1.5559999652206898E-002  -6.9085662814659168        0.0000000000000000     
   1.5599999651312828E-002  -5.2173597018004454        0.0000000000000000     
   1.5639999650418759E-002  -3.5294720292973101        0.0000000000000000     
   1.5679999649524688E-002  -1.8473712522798489        0.0000000000000000     
   1.5719999648630620E-002 -0.17351019439155466        0.0000000000000000     
   1.5759999647736549E-002   1.4896770127090129        0.0000000000000000     
   1.5799999646842477E-002   3.1397784292161401        0.0000000000000000     
   1.5839999645948410E-002   4.7744077740944508        0.0000000000000000     
   1.5879999645054339E-002   6.3912078537146817        0.0000000000000000     
   1.5919999644160271E-002   7.9878539470626562        0.0000000000000000     
   1.5959999643266200E-002   9.5620571425323586        0.0000000000000000     
   1.5999999642372132E-002   11.111567621496169        0.0000000000000000     
   1.6039999641478061E-002   12.634177883982247        0.0000000000000000     
   1.6079999640583993E-002   14.127725911952753        0.0000000000000000     
   1.6119999639689922E-002   15.590098265800231        0.0000000000000000     
   1.6159999638795851E-002   17.019233109821080        0.0000000000000000     
   1.6199999637901783E-002   18.413123162538060        0.0000000000000000     
   1.6239999637007712E-002   19.769818567861403        0.0000000000000000     
   1.6279999636113644E-002   21.087429683186489        0.0000000000000000     
   1.6319999635219573E-002   22.364129780617311        0.0000000000000000     
   1.6359999634325505E-002   23.598157657610365        0.0000000000000000     
   1.6399999633431434E-002   24.787820153411669        0.0000000000000000     
   1.6439999632537363E-002   25.931494567752750        0.0000000000000000     
   1.6479999631643295E-002   27.027630978346881        0.0000000000000000     
   1.6519999630749224E-002   28.074754453814329        0.0000000000000000     
   1.6559999629855156E-002   29.071467158740852        0.0000000000000000     
   1.6599999628961085E-002   30.016450347654857        0.0000000000000000     
   1.6639999628067018E-002   30.908466244798067        0.0000000000000000     
   1.6679999627172946E-002   31.746359806640562        0.0000000000000000     
   1.6719999626278875E-002   32.529060364196383        0.0000000000000000     
   1.6759999625384808E-002   33.255583142280805        0.0000000000000000     
   1.6799999624490736E-002   33.925030652962356        0.0000000000000000     
   1.6839999623596669E-002   34.536593960574315        0.0000000000000000     
   1.6879999622702598E-002   35.089553815772007        0.0000000000000000     
   1.6919999621808530E-002   35.583281656254172        0.0000000000000000     
   1.6959999620914459E-002   36.017240471909261        0.0000000000000000     
   1.6999999620020387E-002   36.390985532306637        0.0000000000000000     
   1.7039999619126320E-002   36.704164974615935        0.0000000000000000     
   1.7079999618232249E-002   36.956520250218290        0.0000000000000000     
   1.7119999617338181E-002   37.147886428470514        0.0000000000000000     
   1.7159999616444110E-002   37.278192356284080        0.0000000000000000     
   1.7199999615550042E-002   37.347460672404544        0.0000000000000000     
   1.7239999614655971E-002   37.355807675511670        0.0000000000000000     
   1.7279999613761900E-002   37.303443045497978        0.0000000000000000     
   1.7319999612867832E-002   37.190669417552733        0.0000000000000000     
   1.7359999611973761E-002   37.017881808939762        0.0000000000000000     
   1.7399999611079693E-002   36.785566898641669        0.0000000000000000     
   1.7439999610185622E-002   36.494302160335593        0.0000000000000000     
   1.7479999609291554E-002   36.144754849460938        0.0000000000000000     
   1.7519999608397483E-002   35.737680845452942        0.0000000000000000     
   1.7559999607503412E-002   35.273923350526466        0.0000000000000000     
   1.7599999606609344E-002   34.754411446716603        0.0000000000000000     
   1.7639999605715273E-002   34.180158513204255        0.0000000000000000     
   1.7679999604821205E-002   33.552260506281165        0.0000000000000000     
   1.7719999603927134E-002   32.871894104636183        0.0000000000000000     
   1.7759999603033066E-002   32.140314722966004        0.0000000000000000     
   1.7799999602138995E-002   31.358854397240478        0.0000000000000000     
   1.7839999601244928E-002   30.528919545261960        0.0000000000000000     
   1.7879999600350856E-002   29.651988606478849        0.0000000000000000     
   1.7919999599456785E-002   28.729609565305882        0.0000000000000000     
   1.7959999598562718E-002   27.763397362500569        0.0000000000000000     
   1.7999999597668646E-002   26.755031199428302        0.0000000000000000     
   1.8039999596774579E-002   25.706251740308165        0.0000000000000000     
   1.8079999595880508E-002   24.618858217789661        0.0000000000000000     
   1.8119999594986440E-002   23.494705447445817        0.0000000000000000     
   1.8159999594092369E-002   22.335700756983115        0.0000000000000000     
   1.8199999593198297E-002   21.143800836167603        0.0000000000000000     
   1.8239999592304230E-002   19.921008513650509        0.0000000000000000     
   1.8279999591410159E-002   18.669369467026339        0.0000000000000000     
   1.8319999590516091E-002   17.390968872596869        0.0000000000000000     
   1.8359999589622020E-002   16.087928001428232        0.0000000000000000     
   1.8399999588727952E-002   14.762400768369915        0.0000000000000000     
   1.8439999587833881E-002   13.416570240782329        0.0000000000000000     
   1.8479999586939810E-002   12.052645113747522        0.0000000000000000     
   1.8519999586045742E-002   10.672856158568116        0.0000000000000000     
   1.8559999585151671E-002   9.2794526513460589        0.0000000000000000     
   1.8599999584257603E-002   7.8746987884026627        0.0000000000000000     
   1.8639999583363532E-002   6.4608700952564000        0.0000000000000000     
   1.8679999582469464E-002   5.0402498357910872        0.0000000000000000     
   1.8719999581575393E-002   3.6151254281554297        0.0000000000000000     
   1.8759999580681322E-002   2.1877848738142123        0.0000000000000000     
   1.8799999579787254E-002  0.76051320604022266        0.0000000000000000     
   1.8839999578893183E-002 -0.66441103602961471        0.0000000000000000     
   1.8879999577999115E-002  -2.0847193018176871        0.0000000000000000     
   1.8919999577105044E-002  -3.4981564864413266        0.0000000000000000     
   1.8959999576210976E-002  -4.9024843450033142        0.0000000000000000     
   1.8999999575316905E-002  -6.2954848586907710        0.0000000000000000     
   1.9039999574422834E-002  -7.6749635475699858        0.0000000000000000     
   1.9079999573528766E-002  -9.0387527252014337        0.0000000000000000     
   1.9119999572634695E-002  -10.384714690445565        0.0000000000000000     
   1.9159999571740628E-002  -11.710744852087089        0.0000000000000000     
   1.9199999570846556E-002  -13.014774782160108        0.0000000000000000     
   1.9239999569952489E-002  -14.294775194124140        0.0000000000000000     
   1.9279999569058417E-002  -15.548758842296060        0.0000000000000000     
   1.9319999568164346E-002  -16.774783339220093        0.0000000000000000     
   1.9359999567270279E-002  -17.970953887904315        0.0000000000000000     
   1.9399999566376207E-002  -19.135425926128697        0.0000000000000000     
   1.9439999565482140E-002  -20.266407680268394        0.0000000000000000     
   1.9479999564588069E-002  -21.362162626338595        0.0000000000000000     
   1.9519999563694001E-002  -22.421011856200913        0.0000000000000000     
   1.9559999562799930E-002  -23.441336347111008        0.0000000000000000     
   1.9599999561905862E-002  -24.421579133005761        0.0000000000000000     
   1.9639999561011791E-002  -25.360247376150557        0.0000000000000000     
   1.9679999560117720E-002  -26.255914337965265        0.0000000000000000     
   1.9719999559223652E-002  -27.107221248040183        0.0000000000000000     
   1.9759999558329581E-002  -27.912879070534437        0.0000000000000000     
   1.9799999557435513E-002  -28.671670167314659        0.0000000000000000     
   1.9839999556541442E-002  -29.382449857344685        0.0000000000000000     
   1.9879999555647374E-002  -30.044147871977614        0.0000000000000000     
   1.9919999554753303E-002  -30.655769705926758        0.0000000000000000     
   1.9959999553859232E-002  -31.216397863804264        0.0000000000000000     
   1.9999999552965164E-002  -31.725193002217896        0.0000000000000000     
   2.0039999552071093E-002  -32.181394967495983        0.0000000000000000     
   2.0079999551177025E-002  -32.584323729190807        0.0000000000000000     
   2.0119999550282954E-002  -32.933380209562991        0.0000000000000000     
   2.0159999549388886E-002  -33.228047009303786        0.0000000000000000     
   2.0199999548494815E-002  -33.467889029783876        0.0000000000000000     
   2.0239999547600744E-002  -33.652553992146849        0.0000000000000000     
   2.0279999546706676E-002  -33.781772853579355        0.0000000000000000     
   2.0319999545812605E-002  -33.855360121095835        0.0000000000000000     
   2.0359999544918538E-002  -33.873214063178672        0.0000000000000000     
   2.0399999544024466E-002  -33.835316819603591        0.0000000000000000     
   2.0439999543130399E-002  -33.741734409764561        0.0000000000000000     
   2.0479999542236327E-002  -33.592616639797797        0.0000000000000000     
   2.0519999541342256E-002  -33.388196908779747        0.0000000000000000     
   2.0559999540448189E-002  -33.128791914245440        0.0000000000000000     
   2.0599999539554117E-002  -32.814801257255446        0.0000000000000000     
   2.0639999538660050E-002  -32.446706947202699        0.0000000000000000     
   2.0679999537765979E-002  -32.025072806533210        0.0000000000000000     
   2.0719999536871911E-002  -31.550543775527451        0.0000000000000000     
   2.0759999535977840E-002  -31.023845117272590        0.0000000000000000     
   2.0799999535083769E-002  -30.445781522932791        0.0000000000000000     
   2.0839999534189701E-002  -29.817236117431001        0.0000000000000000     
   2.0879999533295630E-002  -29.139169365634640        0.0000000000000000     
   2.0919999532401562E-002  -28.412617879160262        0.0000000000000000     
   2.0959999531507491E-002  -27.638693123918411        0.0000000000000000     
   2.0999999530613423E-002  -26.818580028542915        0.0000000000000000     
   2.1039999529719352E-002  -25.953535493896691        0.0000000000000000     
   2.1079999528825281E-002  -25.044886803879365        0.0000000000000000     
   2.1119999527931213E-002  -24.094029937832072        0.0000000000000000     
   2.1159999527037142E-002  -23.102427784907086        0.0000000000000000     
   2.1199999526143074E-002  -22.071608260851296        0.0000000000000000     
   2.1239999525249003E-002  -21.003162327760432        0.0000000000000000     
   2.1279999524354935E-002  -19.898741917474688        0.0000000000000000     
   2.1319999523460864E-002  -18.760057759412312        0.0000000000000000     
   2.1359999522566793E-002  -17.588877113789618        0.0000000000000000     
   2.1399999521672725E-002  -16.387021411330739        0.0000000000000000     
   2.1439999520778654E-002  -15.156363800744510        0.0000000000000000     
   2.1479999519884586E-002  -13.898826605436144        0.0000000000000000     
   2.1519999518990515E-002  -12.616378691125629        0.0000000000000000     
   2.1559999518096448E-002  -11.311032746249319        0.0000000000000000     
   2.1599999517202376E-002  -9.9848424772663638        0.0000000000000000     
   2.1639999516308309E-002  -8.6398997212132080        0.0000000000000000     
   2.1679999515414237E-002  -7.2783314781109558        0.0000000000000000     
   2.1719999514520166E-002  -5.9022968660860728        0.0000000000000000     
   2.1759999513626099E-002  -4.5139840023326308        0.0000000000000000     
   2.1799999512732027E-002  -3.1156068133207233        0.0000000000000000     
   2.1839999511837960E-002  -1.7094017779335207        0.0000000000000000     
   2.1879999510943889E-002 -0.29762460750231839        0.0000000000000000     
   2.1919999510049821E-002   1.1174531330043234        0.0000000000000000     
   2.1959999509155750E-002   2.5335474580941080        0.0000000000000000     
   2.1999999508261679E-002   3.9483654443437515        0.0000000000000000     
   2.2039999507367611E-002   5.3596087573524027        0.0000000000000000     
   2.2079999506473540E-002   6.7649772176703600        0.0000000000000000     
   2.2119999505579472E-002   8.1621724000464972        0.0000000000000000     
   2.2159999504685401E-002   9.5489012600656871        0.0000000000000000     
   2.2199999503791333E-002   10.922879782015839        0.0000000000000000     
   2.2239999502897262E-002   12.281836641565206        0.0000000000000000     
   2.2279999502003191E-002   13.623516876629548        0.0000000000000000     
   2.2319999501109123E-002   14.945685559589979        0.0000000000000000     
   2.2359999500215052E-002   16.246131463842886        0.0000000000000000     
   2.2399999499320984E-002   17.522670717496410        0.0000000000000000     
   2.2439999498426913E-002   18.773150436888493        0.0000000000000000     
   2.2479999497532845E-002   19.995452332480390        0.0000000000000000     
   2.2519999496638774E-002   21.187496279589570        0.0000000000000000     
   2.2559999495744703E-002   22.347243846360492        0.0000000000000000     
   2.2599999494850635E-002   23.472701771331987        0.0000000000000000     
   2.2639999493956564E-002   24.561925382960499        0.0000000000000000     
   2.2679999493062496E-002   25.613021953470927        0.0000000000000000     
   2.2719999492168425E-002   26.624153979466779        0.0000000000000000     
   2.2759999491274358E-002   27.593542381816725        0.0000000000000000     
   2.2799999490380286E-002   28.519469617445715        0.0000000000000000     
   2.2839999489486215E-002   29.400282695814141        0.0000000000000000     
   2.2879999488592147E-002   30.234396093041692        0.0000000000000000     
   2.2919999487698076E-002   31.020294556846320        0.0000000000000000     
   2.2959999486804009E-002   31.756535795711589        0.0000000000000000     
   2.2999999485909937E-002   32.441753045960247        0.0000000000000000     
   2.3039999485015870E-002   33.074657510717522        0.0000000000000000     
   2.3079999484121799E-002   33.654040665073069        0.0000000000000000     
   2.3119999483227727E-002   34.178776422097577        0.0000000000000000     
   2.3159999482333660E-002   34.647823154755052        0.0000000000000000     
   2.3199999481439589E-002   35.060225569143341        0.0000000000000000     
   2.3239999480545521E-002   35.415116424920384        0.0000000000000000     
   2.3279999479651450E-002   35.711718099210067        0.0000000000000000     
   2.3319999478757382E-002   35.949343990733816        0.0000000000000000     
   2.3359999477863311E-002   36.127399761382328        0.0000000000000000     
   2.3399999476969243E-002   36.245384412924359        0.0000000000000000     
   2.3439999476075172E-002   36.302891197033567        0.0000000000000000     
   2.3479999475181101E-002   36.299608357304884        0.0000000000000000     
   2.3519999474287033E-002   36.235319702440357        0.0000000000000000     
   2.3559999473392962E-002   36.109905010268932        0.0000000000000000     
   2.3599999472498894E-002   35.923340262772008        0.0000000000000000     
   2.3639999471604823E-002   35.675697712771012        0.0000000000000000     
   2.3679999470710755E-002   35.367145783423922        0.0000000000000000     
   2.3719999469816684E-002   34.997948802150432        0.0000000000000000     
   2.3759999468922613E-002   34.568466571070338        0.0000000000000000     
   2.3799999468028545E-002   34.079153776489221        0.0000000000000000     
   2.3839999467134474E-002   33.530559240403413        0.0000000000000000     
   2.3879999466240406E-002   32.923325017404792        0.0000000000000000     
   2.3919999465346335E-002   32.258185340770865        0.0000000000000000     
   2.3959999464452267E-002   31.535965421890992        0.0000000000000000     
   2.3999999463558196E-002   30.757580107540743        0.0000000000000000     
   2.4039999462664125E-002   29.924032399831781        0.0000000000000000     
   2.4079999461770057E-002   29.036411843976751        0.0000000000000000     
   2.4119999460875986E-002   28.095892789276192        0.0000000000000000     
   2.4159999459981919E-002   27.103732528981389        0.0000000000000000     
   2.4199999459087847E-002   26.061269324914839        0.0000000000000000     
   2.4239999458193780E-002   24.969920322908205        0.0000000000000000     
   2.4279999457299709E-002   23.831179365291597        0.0000000000000000     
   2.4319999456405637E-002   22.646614706796427        0.0000000000000000     
   2.4359999455511570E-002   21.417866640341284        0.0000000000000000     
   2.4399999454617499E-002   20.146645039250032        0.0000000000000000     
   2.4439999453723431E-002   18.834726822498908        0.0000000000000000     
   2.4479999452829360E-002   17.483953349617412        0.0000000000000000     
   2.4519999451935292E-002   16.096227751863836        0.0000000000000000     
   2.4559999451041221E-002   14.673512206271031        0.0000000000000000     
   2.4599999450147150E-002   13.217825159104088        0.0000000000000000     
   2.4639999449253082E-002   11.731238505208262        0.0000000000000000     
   2.4679999448359011E-002   10.215874729619328        0.0000000000000000     
   2.4719999447464943E-002   8.6739040177001812        0.0000000000000000     
   2.4759999446570872E-002   7.1075413399393383        0.0000000000000000     
   2.4799999445676804E-002   5.5190435173857786        0.0000000000000000     
   2.4839999444782733E-002   3.9107062735410900        0.0000000000000000     
   2.4879999443888662E-002   2.2848612783408697        0.0000000000000000     
   2.4919999442994594E-002  0.64387318966936624        0.0000000000000000     
   2.4959999442100523E-002  -1.0098633023487649        0.0000000000000000     
   2.4999999441206455E-002  -2.6739264232585045        0.0000000000000000     
   2.5039999440312384E-002  -4.3458702495740988        0.0000000000000000     
   2.5079999439418316E-002  -6.0232276268919405        0.0000000000000000     
   2.5119999438524245E-002  -7.7035130664704967        0.0000000000000000     
   2.5159999437630177E-002  -9.3842256161636755        0.0000000000000000     
   2.5199999436736106E-002  -11.062851701840737        0.0000000000000000     
   2.5239999435842035E-002  -12.736867935657537        0.0000000000000000     
   2.5279999434947967E-002  -14.403743887789570        0.0000000000000000     
   2.5319999434053896E-002  -16.060944818471118        0.0000000000000000     
   2.5359999433159829E-002  -17.705934367431038        0.0000000000000000     
   2.5399999432265757E-002  -19.336177198035752        0.0000000000000000     
   2.5439999431371690E-002  -20.949141593691596        0.0000000000000000     
   2.5479999430477619E-002  -22.542302004278703        0.0000000000000000     
   2.5519999429583547E-002  -24.113141540610204        0.0000000000000000     
   2.5559999428689480E-002  -25.659154415120785        0.0000000000000000     
   2.5599999427795408E-002  -27.177848327200167        0.0000000000000000     
   2.5639999426901341E-002  -28.666746791785176        0.0000000000000000     
   2.5679999426007270E-002  -30.123391410019718        0.0000000000000000     
   2.5719999425113202E-002  -31.545344080970523        0.0000000000000000     
   2.5759999424219131E-002  -32.930189153571071        0.0000000000000000     
   2.5799999423325060E-002  -34.275535518135072        0.0000000000000000     
   2.5839999422430992E-002  -35.579018636935153        0.0000000000000000     
   2.5879999421536921E-002  -36.838302513504111        0.0000000000000000     
   2.5919999420642853E-002  -38.051081600458154        0.0000000000000000     
   2.5959999419748782E-002  -39.215082645771680        0.0000000000000000     
   2.5999999418854714E-002  -40.328066477580485        0.0000000000000000     
   2.6039999417960643E-002  -41.387829727687141        0.0000000000000000     
   2.6079999417066572E-002  -42.392206494078884        0.0000000000000000     
   2.6119999416172504E-002  -43.339069942859282        0.0000000000000000     
   2.6159999415278433E-002  -44.226333850104616        0.0000000000000000     
   2.6199999414384365E-002  -45.051954084241871        0.0000000000000000     
   2.6239999413490294E-002  -45.813930029636602        0.0000000000000000     
   2.6279999412596226E-002  -46.510305952156095        0.0000000000000000     
   2.6319999411702155E-002  -47.139172307547994        0.0000000000000000     
   2.6359999410808084E-002  -47.698666993547377        0.0000000000000000     
   2.6399999409914016E-002  -48.186976546680022        0.0000000000000000     
   2.6439999409019945E-002  -48.602337284800029        0.0000000000000000     
   2.6479999408125877E-002  -48.943036396443823        0.0000000000000000     
   2.6519999407231806E-002  -49.207412978135167        0.0000000000000000     
   2.6559999406337739E-002  -49.393859020826319        0.0000000000000000     
   2.6599999405443667E-002  -49.500820346693743        0.0000000000000000     
   2.6639999404549596E-002  -49.526797497548863        0.0000000000000000     
   2.6679999403655529E-002  -49.443160201324474        0.0000000000000000     
   2.6719999402761457E-002  -49.220840298067749        0.0000000000000000     
   2.6759999401867390E-002  -48.913056424234206        0.0000000000000000     
   2.6799999400973318E-002  -48.519101026631226        0.0000000000000000     
   2.6839999400079251E-002  -48.038348706301186        0.0000000000000000     
   2.6879999399185180E-002  -47.470255503372812        0.0000000000000000     
   2.6919999398291108E-002  -46.814358060747054        0.0000000000000000     
   2.6959999397397041E-002  -46.070272675156879        0.0000000000000000     
   2.6999999396502970E-002  -45.237694244409070        0.0000000000000000     
   2.7039999395608902E-002  -44.316395119817678        0.0000000000000000     
   2.7079999394714831E-002  -43.306223872985150        0.0000000000000000     
   2.7119999393820763E-002  -42.207103986175014        0.0000000000000000     
   2.7159999392926692E-002  -41.019032475538481        0.0000000000000000     
   2.7199999392032624E-002  -39.742078456434747        0.0000000000000000     
   2.7239999391138553E-002  -38.376381659987736        0.0000000000000000     
   2.7279999390244482E-002  -36.922150909882333        0.0000000000000000     
   2.7319999389350414E-002  -35.379662568208410        0.0000000000000000     
   2.7359999388456343E-002  -33.749258958910481        0.0000000000000000     
   2.7399999387562275E-002  -32.031346777110798        0.0000000000000000     
   2.7439999386668204E-002  -30.226395492235007        0.0000000000000000     
   2.7479999385774136E-002  -28.334935752483251        0.0000000000000000     
   2.7519999384880065E-002  -26.357557797783169        0.0000000000000000     
   2.7559999383985994E-002  -24.294909887887620        0.0000000000000000     
   2.7599999383091926E-002  -22.147696751814138        0.0000000000000000     
   2.7639999382197855E-002  -19.916678064290750        0.0000000000000000     
   2.7679999381303787E-002  -17.602666954335671        0.0000000000000000     
   2.7719999380409716E-002  -15.206528550546251        0.0000000000000000     
   2.7759999379515649E-002  -12.729178567067967        0.0000000000000000     
   2.7799999378621577E-002  -10.171581933640589        0.0000000000000000     
   2.7839999377727506E-002  -7.5347514724919380        0.0000000000000000     
   2.7879999376833439E-002  -4.8197466242423470        0.0000000000000000     
   2.7919999375939367E-002  -2.0276722243555039        0.0000000000000000     
   2.7959999375045300E-002  0.84032266895284469        0.0000000000000000     
   2.7999999374151228E-002   3.7830458950538319        0.0000000000000000     
   2.8039999373257161E-002   6.7992632598248930        0.0000000000000000     
   2.8079999372363090E-002   9.8876995540782726        0.0000000000000000     
   2.8119999371469018E-002   13.047039523038778        0.0000000000000000     
   2.8159999370574951E-002   16.275928788979460        0.0000000000000000     
   2.8199999369680880E-002   19.572974729696977        0.0000000000000000     
   2.8239999368786812E-002   22.936747316047757        0.0000000000000000     
   2.8279999367892741E-002   26.365779912278487        0.0000000000000000     
   2.8319999366998673E-002   29.858570043383974        0.0000000000000000     
   2.8359999366104602E-002   33.413580134166956        0.0000000000000000     
   2.8399999365210531E-002   37.029238225118199        0.0000000000000000     
   2.8439999364316463E-002   40.703938670594432        0.0000000000000000     
   2.8479999363422392E-002   44.436042825139296        0.0000000000000000     
   2.8519999362528324E-002   48.223879724077122        0.0000000000000000     
   2.8559999361634253E-002   52.065746764764008        0.0000000000000000     
   2.8599999360740185E-002   55.959910395089175        0.0000000000000000     
   2.8639999359846114E-002   59.904606815958019        0.0000000000000000     
   2.8679999358952043E-002   63.898042704593408        0.0000000000000000     
   2.8719999358057975E-002   67.938395965520229        0.0000000000000000     
   2.8759999357163904E-002   72.023816516070738        0.0000000000000000     
   2.8799999356269836E-002   76.152427113182043        0.0000000000000000     
   2.8839999355375765E-002   80.322324228073583        0.0000000000000000     
   2.8879999354481697E-002   84.531578975219873        0.0000000000000000     
   2.8919999353587626E-002   88.778238101715331        0.0000000000000000     
   2.8959999352693559E-002   93.060325042820438        0.0000000000000000     
   2.8999999351799487E-002   97.375841049033596        0.0000000000000000     
   2.9039999350905416E-002   101.72276638959954        0.0000000000000000     
   2.9079999350011349E-002   106.09906163678977        0.0000000000000000     
   2.9119999349117277E-002   110.50266903472543        0.0000000000000000     
   2.9159999348223210E-002   114.93151395584806        0.0000000000000000     
   2.9199999347329138E-002   119.38350644742992        0.0000000000000000     
   2.9239999346435071E-002   123.85654286977210        0.0000000000000000     
   2.9279999345541000E-002   128.34850762692929        0.0000000000000000     
   2.9319999344646928E-002   132.85727498995689        0.0000000000000000     
   2.9359999343752861E-002   137.38071101181373        0.0000000000000000     
   2.9399999342858790E-002   141.91667553213722        0.0000000000000000     
   2.9439999341964722E-002   146.46302426921397        0.0000000000000000     
   2.9479999341070651E-002   151.01761099551751        0.0000000000000000     
   2.9519999340176583E-002   155.57828979228049        0.0000000000000000     
   2.9559999339282512E-002   160.14291737762466        0.0000000000000000     
   2.9599999338388441E-002   164.70935550189847        0.0000000000000000     
   2.9639999337494373E-002   169.27547340297056        0.0000000000000000     
   2.9679999336600302E-002   173.83915031340058        0.0000000000000000     
   2.9719999335706234E-002   178.39827801063055        0.0000000000000000     
   2.9759999334812163E-002   182.95076340056860        0.0000000000000000     
   2.9799999333918095E-002   187.49453112431769        0.0000000000000000     
   2.9839999333024024E-002   192.02752617714583        0.0000000000000000     
   2.9879999332129953E-002   196.54771652834140        0.0000000000000000     
   2.9919999331235885E-002   201.05309573011931        0.0000000000000000     
   2.9959999330341814E-002   205.54168550345028        0.0000000000000000     
   2.9999999329447746E-002   210.01153828844497        0.0000000000000000     
   3.0039999328553675E-002   214.46073974680326        400.00000000000000     
   3.0079999327659607E-002   218.88741120383429        400.00000000000000     
   3.0119999326765536E-002   223.28971201764605        400.00000000000000     
   3.0159999325871465E-002   227.66584186332867        400.00000000000000     
   3.0199999324977397E-002   232.01404292026638        400.00000000000000     
   3.0239999324083326E-002   236.33260195116279        400.00000000000000     
   3.0279999323189258E-002   240.61985226190453        400.00000000000000     
   3.0319999322295187E-002   244.87417553202013        400.00000000000000     
   3.0359999321401120E-002   249.09400350626964        400.00000000000000     
   3.0399999320507048E-002   253.27781953868237        400.00000000000000     
   3.0439999319612977E-002   257.42415998133151        400.00000000000000     
   3.0479999318718910E-002   261.53161541107244        400.00000000000000     
   3.0519999317824838E-002   265.59883168856351        400.00000000000000     
   3.0559999316930771E-002   269.62451084496308        400.00000000000000     
   3.0599999316036700E-002   273.60741179285628        400.00000000000000     
   3.0639999315142632E-002   277.54635085914850        400.00000000000000     
   3.0679999314248561E-002   281.44020213882385        400.00000000000000     
   3.0719999313354493E-002   285.28789766971738        400.00000000000000     
   3.0759999312460422E-002   289.08842742959337        400.00000000000000     
   3.0799999311566351E-002   292.84083915804149        400.00000000000000     
   3.0839999310672283E-002   296.54423800682611        400.00000000000000     
   3.0879999309778212E-002   300.19778602345701        400.00000000000000     
   3.0919999308884144E-002   303.80070147379797        400.00000000000000     
   3.0959999307990073E-002   307.35225801055037        400.00000000000000     
   3.0999999307096005E-002   310.85178369539136        400.00000000000000     
   3.1039999306201934E-002   314.29865988340617        400.00000000000000     
   3.1079999305307863E-002   317.69231997926539        400.00000000000000     
   3.1119999304413795E-002   321.03224807529392        400.00000000000000     
   3.1159999303519724E-002   324.31797748220799        400.00000000000000     
   3.1199999302625656E-002   327.54908916382891        400.00000000000000     
   3.1239999301731585E-002   330.72521008752142        400.00000000000000     
   3.1279999300837517E-002   333.84601150245834        400.00000000000000     
   3.1319999299943446E-002   336.91120715805437        400.00000000000000     
   3.1359999299049375E-002   339.92055147510274        400.00000000000000     
   3.1399999298155304E-002   342.87383768218348        400.00000000000000     
   3.1439999297261240E-002   345.77089592993826        400.00000000000000     
   3.1479999296367168E-002   348.61159139567712        400.00000000000000     
   3.1519999295473097E-002   351.39582239062560        400.00000000000000     
   3.1559999294579026E-002   354.12351848185551        400.00000000000000     
   3.1599999293684955E-002   356.79463864060881        400.00000000000000     
   3.1639999292790891E-002   359.40916942835457        400.00000000000000     
   3.1679999291896820E-002   361.96712323143856        400.00000000000000     
   3.1719999291002748E-002   364.46853655469067        400.00000000000000     
   3.1759999290108677E-002   366.91346838378223        400.00000000000000     
   3.1799999289214613E-002   369.30199862552109        400.00000000000000     
   3.1839999288320542E-002   371.63422663462217        400.00000000000000     
   3.1879999287426471E-002   373.91026983480452        400.00000000000000     
   3.1919999286532399E-002   376.13026244134056        400.00000000000000     
   3.1959999285638328E-002   378.29435429145241        400.00000000000000     
   3.1999999284744264E-002   380.40270978816488        400.00000000000000     
   3.2039999283850193E-002   382.45550696244493        400.00000000000000     
   3.2079999282956122E-002   384.45293665766587        400.00000000000000     
   3.2119999282062051E-002   386.39520183959183        400.00000000000000     
   3.2159999281167986E-002   388.28251703427986        400.00000000000000     
   3.2199999280273915E-002   390.11510789545952        400.00000000000000     
   3.2239999279379844E-002   391.89321090211024        400.00000000000000     
   3.2279999278485773E-002   393.61707318613082        400.00000000000000     
   3.2319999277591702E-002   395.28695248916353        400.00000000000000     
   3.2359999276697637E-002   396.90311724680436        400.00000000000000     
   3.2399999275803566E-002   398.46584679761696        400.00000000000000     
   3.2439999274909495E-002   399.97543171354738        400.00000000000000     
   3.2479999274015424E-002   401.43217424755068        400.00000000000000     
   3.2519999273121353E-002   402.83638889343359        400.00000000000000     
   3.2559999272227289E-002   404.18840305217776        400.00000000000000     
   3.2599999271333217E-002   405.48855779822753        400.00000000000000     
   3.2639999270439146E-002   406.73720873852204        400.00000000000000     
   3.2679999269545075E-002   407.93472695633847        400.00000000000000     
   3.2719999268651011E-002   409.08150003134193        400.00000000000000     
   3.2759999267756940E-002   410.17793312660189        400.00000000000000     
   3.2799999266862868E-002   411.22445013273261        400.00000000000000     
   3.2839999265968797E-002   412.22149485874104        400.00000000000000     
   3.2879999265074726E-002   413.16953225867377        400.00000000000000     
   3.2919999264180662E-002   414.06904968265849        400.00000000000000     
   3.2959999263286591E-002   414.92055814054834        400.00000000000000     
   3.2999999262392520E-002   415.72459356601524        400.00000000000000     
   3.3039999261498448E-002   416.48171806864843        400.00000000000000     
   3.3079999260604377E-002   417.19252116140063        400.00000000000000     
   3.3119999259710313E-002   417.85762095058448        400.00000000000000     
   3.3159999258816242E-002   418.47766527553887        400.00000000000000     
   3.3199999257922171E-002   419.05333278512899        400.00000000000000     
   3.3239999257028099E-002   419.58533393831982        400.00000000000000     
   3.3279999256134035E-002   420.07441191627288        400.00000000000000     
   3.3319999255239964E-002   420.52134343370182        400.00000000000000     
   3.3359999254345893E-002   420.92693943759224        400.00000000000000     
   3.3399999253451822E-002   421.29204568187509        400.00000000000000     
   3.3439999252557751E-002   421.61754316721994        400.00000000000000     
   3.3479999251663686E-002   421.90434843576361        400.00000000000000     
   3.3519999250769615E-002   422.15341371137998        400.00000000000000     
   3.3559999249875544E-002   422.36572687691790        400.00000000000000     
   3.3599999248981473E-002   422.54231128079618        400.00000000000000     
   3.3639999248087409E-002   422.68422536635200        400.00000000000000     
   3.3679999247193337E-002   422.79256211845092        400.00000000000000     
   3.3719999246299266E-002   422.86844832301517        400.00000000000000     
   3.3759999245405195E-002   422.91304363636124        400.00000000000000     
   3.3799999244511124E-002   422.92753946251355        400.00000000000000     
   3.3839999243617060E-002   422.91315763797900        400.00000000000000     
   3.3879999242722988E-002   422.87114892479372        400.00000000000000     
   3.3919999241828917E-002   422.80279131404194        400.00000000000000     
   3.3959999240934846E-002   422.70938814338467        400.00000000000000     
   3.3999999240040775E-002   422.59226603350862        400.00000000000000     
   3.4039999239146711E-002   422.45277264972265        400.00000000000000     
   3.4079999238252640E-002   422.29227429624484        400.00000000000000     
   3.4119999237358568E-002   422.11215335194839        400.00000000000000     
   3.4159999236464497E-002   421.91380555754608        400.00000000000000     
   3.4199999235570433E-002   421.69863716527595        400.00000000000000     
   3.4239999234676362E-002   421.46806196320739        400.00000000000000     
   3.4279999233782291E-002   421.22349818719567        400.00000000000000     
   3.4319999232888219E-002   420.96636533434634        400.00000000000000     
   3.4359999231994148E-002   420.69808089256856        400.00000000000000     
   3.4399999231100084E-002   420.42005700138429        400.00000000000000     
   3.4439999230206013E-002   420.13369705961929        400.00000000000000     
   3.4479999229311942E-002   419.84039229595584        400.00000000000000     
   3.4519999228417871E-002   419.54151831852619        400.00000000000000     
   3.4559999227523799E-002   419.23843165979480        400.00000000000000     
   3.4599999226629735E-002   418.93246633294029        400.00000000000000     
   3.4639999225735664E-002   418.62493041575891        400.00000000000000     
   3.4679999224841593E-002   418.31710267779789        400.00000000000000     
   3.4719999223947522E-002   418.01022926604003        400.00000000000000     
   3.4759999223053457E-002   417.70552046389446        400.00000000000000     
   3.4799999222159386E-002   417.40414753766134        400.00000000000000     
   3.4839999221265315E-002   417.10723968389408        400.00000000000000     
   3.4879999220371244E-002   416.81588109030389        400.00000000000000     
   3.4919999219477173E-002   416.53110812197514        400.00000000000000     
   3.4959999218583108E-002   416.25390664376641        400.00000000000000     
   3.4999999217689037E-002   415.98520948877450        400.00000000000000     
   3.5039999216794966E-002   415.72589408178840        400.00000000000000     
   3.5079999215900895E-002   415.47678022560871        400.00000000000000     
   3.5119999215006824E-002   415.23862805712571        400.00000000000000     
   3.5159999214112760E-002   415.01213617901618        400.00000000000000     
   3.5199999213218688E-002   414.79793997193065        400.00000000000000     
   3.5239999212324617E-002   414.59661009107867        400.00000000000000     
   3.5279999211430546E-002   414.40865115018710        400.00000000000000     
   3.5319999210536482E-002   414.23450059491387        400.00000000000000     
   3.5359999209642411E-002   414.07452776697454        400.00000000000000     
   3.5399999208748339E-002   413.92903315946575        400.00000000000000     
   3.5439999207854268E-002   413.79824786315385        400.00000000000000     
   3.5479999206960197E-002   413.68233320284719        400.00000000000000     
   3.5519999206066133E-002   413.58138056243240        400.00000000000000     
   3.5559999205172062E-002   413.49541139661102        400.00000000000000     
   3.5599999204277991E-002   413.42437742698093        400.00000000000000     
   3.5639999203383919E-002   413.36816101973778        400.00000000000000     
   3.5679999202489855E-002   413.32657574198942        400.00000000000000     
   3.5719999201595784E-002   413.29936709344975        400.00000000000000     
   3.5759999200701713E-002   413.28621341013917        400.00000000000000     
   3.5799999199807642E-002   413.28672693658910        400.00000000000000     
   3.5839999198913570E-002   413.30045506302685        400.00000000000000     
   3.5879999198019506E-002   413.32688172398895        400.00000000000000     
   3.5919999197125435E-002   413.36542895484848        400.00000000000000     
   3.5959999196231364E-002   413.41545860279956        400.00000000000000     
   3.5999999195337293E-002   413.47627418891386        400.00000000000000     
   3.6039999194443222E-002   413.54712291797534        400.00000000000000     
   3.6079999193549157E-002   413.62719783288765        400.00000000000000     
   3.6119999192655086E-002   413.71564011051566        400.00000000000000     
   3.6159999191761015E-002   413.81154149590816        400.00000000000000     
   3.6199999190866944E-002   413.91394687185931        400.00000000000000     
   3.6239999189972880E-002   414.02185696078288        400.00000000000000     
   3.6279999189078808E-002   414.13423115581378        400.00000000000000     
   3.6319999188184737E-002   414.24999047797007        400.00000000000000     
   3.6359999187290666E-002   414.36802065602262        400.00000000000000     
   3.6399999186396595E-002   414.48717532552024        400.00000000000000     
   3.6439999185502531E-002   414.60627934309332        400.00000000000000     
   3.6479999184608460E-002   414.72413221179414        400.00000000000000     
   3.6519999183714388E-002   414.83951161275434        400.00000000000000     
   3.6559999182820317E-002   414.95117703790680        400.00000000000000     
   3.6599999181926246E-002   415.05787351785864        400.00000000000000     
   3.6639999181032182E-002   415.15833543831724        400.00000000000000     
   3.6679999180138111E-002   415.25129043761984        400.00000000000000     
   3.6719999179244039E-002   415.33546337706650        400.00000000000000     
   3.6759999178349968E-002   415.40958037478248        400.00000000000000     
   3.6799999177455904E-002   415.47237289280332        400.00000000000000     
   3.6839999176561833E-002   415.52258186600557        400.00000000000000     
   3.6879999175667762E-002   415.55896186037057        400.00000000000000     
   3.6919999174773691E-002   415.58028524691940        400.00000000000000     
   3.6959999173879619E-002   415.58534637648188        400.00000000000000     
   3.6999999172985555E-002   415.57296573930671        400.00000000000000     
   3.7039999172091484E-002   415.54199409236986        400.00000000000000     
   3.7079999171197413E-002   415.49131653615621        400.00000000000000     
   3.7119999170303342E-002   415.41985652167136        400.00000000000000     
   3.7159999169409270E-002   415.32657976750158        400.00000000000000     
   3.7199999168515206E-002   415.21049806592612        400.00000000000000     
   3.7239999167621135E-002   415.07067295645743        400.00000000000000     
   3.7279999166727064E-002   414.90621924464585        400.00000000000000     
   3.7319999165832993E-002   414.71630834370376        400.00000000000000     
   3.7359999164938928E-002   414.50017141641791        400.00000000000000     
   3.7399999164044857E-002   414.25710229496599        400.00000000000000     
   3.7439999163150786E-002   413.98646015664696        400.00000000000000     
   3.7479999162256715E-002   413.68767193422246        400.00000000000000     
   3.7519999161362644E-002   413.36023444051273        400.00000000000000     
   3.7559999160468580E-002   413.00371618813244        400.00000000000000     
   3.7599999159574508E-002   412.61775888679341        400.00000000000000     
   3.7639999158680437E-002   412.20207860241419        400.00000000000000     
   3.7679999157786366E-002   411.75646656438329        400.00000000000000     
   3.7719999156892302E-002   411.28078960970470        400.00000000000000     
   3.7759999155998231E-002   410.77499025534422        400.00000000000000     
   3.7799999155104159E-002   410.23908639298276        400.00000000000000     
   3.7839999154210088E-002   409.67317060335728        400.00000000000000     
   3.7879999153316017E-002   409.07740909062585        400.00000000000000     
   3.7919999152421953E-002   408.45204024045006        400.00000000000000     
   3.7959999151527882E-002   407.79737280891641        400.00000000000000     
   3.7999999150633811E-002   407.11378375278719        400.00000000000000     
   3.8039999149739739E-002   406.40171571499764        400.00000000000000     
   3.8079999148845668E-002   405.66167418261000        400.00000000000000     
   3.8119999147951604E-002   404.89422433764031        400.00000000000000     
   3.8159999147057533E-002   404.09998762418235        400.00000000000000     
   3.8199999146163462E-002   403.27963805807065        400.00000000000000     
   3.8239999145269390E-002   402.43389830783622        400.00000000000000     
   3.8279999144375326E-002   401.56353557795973        400.00000000000000     
   3.8319999143481255E-002   400.66935732729524        400.00000000000000     
   3.8359999142587184E-002   399.75220685705716        400.00000000000000     
   3.8399999141693113E-002   398.81295880388296        400.00000000000000     
   3.8439999140799042E-002   397.85251457420168        400.00000000000000     
   3.8479999139904977E-002   396.87179775638543        400.00000000000000     
   3.8519999139010906E-002   395.87174954709150        400.00000000000000     
   3.8559999138116835E-002   394.85332422757631        400.00000000000000     
   3.8599999137222764E-002   393.81748472486782        400.00000000000000     
   3.8639999136328693E-002   392.76519829130069        400.00000000000000     
   3.8679999135434628E-002   391.69743233425049        400.00000000000000     
   3.8719999134540557E-002   390.61515042585665        400.00000000000000     
   3.8759999133646486E-002   389.51930852023298        400.00000000000000     
   3.8799999132752415E-002   388.41085140308127        400.00000000000000     
   3.8839999131858351E-002   387.29070939587956        400.00000000000000     
   3.8879999130964280E-002   386.15979533384996        400.00000000000000     
   3.8919999130070208E-002   385.01900183389461        400.00000000000000     
   3.8959999129176137E-002   383.86919886556655        400.00000000000000     
   3.8999999128282066E-002   382.71123163496048        400.00000000000000     
   3.9039999127388002E-002   381.54591878833230        400.00000000000000     
   3.9079999126493931E-002   380.37405093912565        400.00000000000000     
   3.9119999125599859E-002   379.19638951913379        400.00000000000000     
   3.9159999124705788E-002   378.01366595166110        400.00000000000000     
   3.9199999123811724E-002   376.82658114180310        400.00000000000000     
   3.9239999122917653E-002   375.63580527648008        400.00000000000000     
   3.9279999122023582E-002   374.44197792448739        400.00000000000000     
   3.9319999121129511E-002   373.24570842469205        400.00000000000000     
   3.9359999120235439E-002   372.04757654862902        400.00000000000000     
   3.9399999119341375E-002   370.84813342202051        400.00000000000000     
   3.9439999118447304E-002   369.64790268832178        400.00000000000000     
   3.9479999117553233E-002   368.44738189613429        400.00000000000000     
   3.9519999116659162E-002   367.24704409133619        400.00000000000000     
   3.9559999115765090E-002   366.04733959395207        400.00000000000000     
   3.9599999114871026E-002   364.84869793919682        400.00000000000000     
   3.9639999113976955E-002   363.65152996168990        400.00000000000000     
   3.9679999113082884E-002   362.45623000160543        400.00000000000000     
   3.9719999112188813E-002   361.26317821140043        400.00000000000000     
   3.9759999111294748E-002   360.07274294183799        400.00000000000000     
   3.9799999110400677E-002   358.88528318614993        400.00000000000000     
   3.9839999109506606E-002   357.70115106146767        400.00000000000000     
   3.9879999108612535E-002   356.52069430699288        400.00000000000000     
   3.9919999107718464E-002   355.34425877880102        400.00000000000000     
   3.9959999106824400E-002   354.17219092163276        400.00000000000000     
   3.9999999105930328E-002   353.00484019856373        400.00000000000000     
