   0.0000000000000000        12.153940760655715        0.0000000000000000     
   3.9999999105930327E-005   12.180138262454886        1.2566350293207649     
   7.9999998211860654E-005   12.258693242612383        2.5132576561604241     
   1.1999999731779099E-004   12.389493218588074        3.7698554781602800     
   1.5999999642372131E-004   12.572351029822501        5.0264160932064472     
   1.9999999552965163E-004   12.807005302337322        6.2829270995522588     
   2.3999999463558198E-004   13.093121097356461        7.5393760959406695     
   2.7999999374151227E-004   13.430290742135783        8.7957506817266378     
   3.1999999284744262E-004   13.818034840676082        10.052038456999538     
   3.5999999195337296E-004   14.255803461492045        11.308227022705516     
   3.9999999105930326E-004   14.742977499112207        12.564303980769884     
   4.3999999016523361E-004   15.278870205495341        13.820256934219477     
   4.7999998927116395E-004   15.862728887070977        15.076073487305003     
   5.1999998837709430E-004   16.493736762643234        16.331741245623380     
   5.5999998748302454E-004   17.171014976942327        17.587247816240083     
   5.9999998658895489E-004   17.893624764165800        18.842580807811444     
   6.3999998569488523E-004   18.660569755424856        20.097727830706937     
   6.7999998480081558E-004   19.470798423600161        21.352676497131480     
   7.1999998390674593E-004   20.323206658719041        22.607414421247690     
   7.5999998301267617E-004   21.216640466588998        23.861929219298126     
   7.9999998211860652E-004   22.149898783069681        25.116208509727517     
   8.3999998122453686E-004   23.121736396029391        26.370239913304943     
   8.7999998033046721E-004   24.130866966720209        27.624011053246033     
   9.1999997943639756E-004   25.175966142016879        28.877509555335116     
   9.5999997854232791E-004   26.255674748698787        30.130723048047358     
   9.9999997764825825E-004   27.368602060714153        31.383639162670825     
   1.0399999767541886E-003   28.513329130151504        32.636245533428607     
   1.0799999758601187E-003   29.688412172455088        33.888529797600825     
   1.1199999749660491E-003   30.892385996262682        35.140479595646681     
   1.1599999740719794E-003   32.123767468110813        36.392082571326419     
   1.1999999731779098E-003   33.381059002151311        37.643326371823264     
   1.2399999722838401E-003   34.662752064950041        38.894198647865359     
   1.2799999713897705E-003   35.967330685395538        40.144687053847669     
   1.3199999704957008E-003   37.293274959733402        41.394779247953764     
   1.3599999696016312E-003   38.639064541761563        42.644462892277701     
   1.3999999687075615E-003   40.003182108270508        43.893725652945719     
   1.4399999678134919E-003   41.384116789893966        45.142555200238057     
   1.4799999669194222E-003   42.780367557648567        46.390939208710556     
   1.5199999660253523E-003   44.190446555582511        47.638865357316369     
   1.5599999651312827E-003   45.612882370130691        48.886321329527519     
   1.5999999642372130E-003   47.046223226974845        50.133294813456494     
   1.6399999633431434E-003   48.489040106445231        51.379773501977766     
   1.6799999624490737E-003   49.939929768764536        52.625745092849193     
   1.7199999615550041E-003   51.397517680726551        53.871197288833542     
   1.7599999606609344E-003   52.860460835725554        55.116117797819712     
   1.7999999597668648E-003   54.327450459400566        56.360494332944235     
   1.8399999588727951E-003   55.797214593533035        57.604314612712372     
   1.8799999579787255E-003   57.268520551236286        58.847566361119462     
   1.9199999570846558E-003   58.740177236900401        60.090237307771957     
   1.9599999561905859E-003   60.211037324797857        61.332315188008621     
   1.9999999552965165E-003   61.679999290727608        62.573787743021555     
   2.0399999544024466E-003   63.146009291554982        63.814642719977144     
   2.0799999535083772E-003   64.608062888013393        65.054867872137066     
   2.1199999526143073E-003   66.065206606649298        66.294450958979056     
   2.1599999517202375E-003   67.516539337327032        67.533379746317820     
   2.1999999508261680E-003   68.961213563254461        68.771642006425722     
   2.2399999499320982E-003   70.398436421045005        70.009225518153471     
   2.2799999490380287E-003   71.827470588896617        71.246118067050787     
   2.3199999481439589E-003   73.247635001534789        72.482307445486853     
   2.3599999472498894E-003   74.658305391141582        73.717781452770922     
   2.3999999463558195E-003   76.058914654066456        74.952527895272624     
   2.4399999454617501E-003   77.448953043688164        76.186534586542393     
   2.4799999445676802E-003   78.827968190370001        77.419789347431674     
   2.5199999436736108E-003   80.195564950014798        78.652280006213232     
   2.5599999427795409E-003   81.551405083288344        79.883994398701120     
   2.5999999418854711E-003   82.895206768128432        81.114920368370875     
   2.6399999409914016E-003   84.226743948697717        82.345045766479458     
   2.6799999400973318E-003   85.545845524462933        83.574358452185166     
   2.7199999392032623E-003   86.852394383596717        84.802846292667354     
   2.7599999383091925E-003   88.146326285389549        86.030497163246338     
   2.7999999374151230E-003   89.427628596836712        87.257298947502989     
   2.8399999365210532E-003   90.696338889018691        88.483239537398305     
   2.8799999356269837E-003   91.952543399326274        89.708306833392896     
   2.9199999347329138E-003   93.196375365988757        90.932488744566484     
   2.9599999338388444E-003   94.428013241749724        92.155773188737143     
   2.9999999329447745E-003   95.647678793886229        93.378148092580616     
   3.0399999320507047E-003   96.855635098104528        94.599601391749374     
   3.0799999311566352E-003   98.052184434133935        95.820121030991871     
   3.1199999302625654E-003   99.237666091121426        97.039694964271277     
   3.1599999293684959E-003   100.41245409116041        98.258311154884609     
   3.1999999284744261E-003   101.57695483950050        99.475957575581347     
   3.2399999275803566E-003   102.73160471015660        100.69262220868225     
   3.2799999266862868E-003   103.87686757578197        101.90829304619788     
   3.3199999257922173E-003   105.01323229077819        103.12295808994725     
   3.3599999248981475E-003   106.14121013669477        104.33660535167601     
   3.3999999240040780E-003   107.26133223901310        105.54922285317505     
   3.4399999231100081E-003   108.37414696442308        106.76079862639850     
   3.4799999222159383E-003   109.48021730767999        107.97132071358190     
   3.5199999213218688E-003   110.58011827707408        109.18077716736039     
   3.5599999204277990E-003   111.67443428746263        110.38915605088629     
   3.5999999195337295E-003   112.76375656969691        111.59644543794727     
   3.6399999186396597E-003   113.84868060512915        112.80263341308377     
   3.6799999177455902E-003   114.92980359371002        114.00770807170677     
   3.7199999168515204E-003   116.00772196398019        115.21165752021530     
   3.7599999159574509E-003   117.08302893302789        116.41446987611359     
   3.7999999150633811E-003   118.15631212422421        117.61613326812869     
   3.8399999141693116E-003   119.22815125026280        118.81663583632742     
   3.8799999132752418E-003   120.29911586872258        120.01596573223337     
   3.9199999123811719E-003   121.36976321703816        121.21411111894402     
   3.9599999114871024E-003   122.44063613341160        122.41106017124747     
   3.9999999105930330E-003   123.51226106982448        123.60680107573916     
   4.0399999096989627E-003   124.58514620291703        124.80132203093837     
   4.0799999088048933E-003   125.65977964809508        125.99461124740495     
   4.1199999079108238E-003   126.73662778179938        127.18665694785538     
   4.1599999070167544E-003   127.81613367643546        128.37744736727922     
   4.1999999061226841E-003   128.89871565201338        129.56697075305505     
   4.2399999052286147E-003   129.98476594808886        130.75521536506673     
   4.2799999043345452E-003   131.07464951912576        131.94216947581893     
   4.3199999034404749E-003   132.16870295592980        133.12782137055314     
   4.3599999025464055E-003   133.26723353532185        134.31215934736318     
   4.3999999016523361E-003   134.37051839973572        135.49517171731068     
   4.4399999007582666E-003   135.47880386794429        136.67684680454056     
   4.4799998998641963E-003   136.59230487762997        137.85717294639602     
   4.5199998989701269E-003   137.71120456003661        139.03613849353400     
   4.5599998980760574E-003   138.83565394645905        140.21373181003983     
   4.5999998971819880E-003   139.96577180585459        141.38994127354226     
   4.6399998962879177E-003   141.10164461239367        142.56475527532808     
   4.6799998953938483E-003   142.24332664130810        143.73816222045673     
   4.7199998944997788E-003   143.39084019094713        144.91015052787478     
   4.7599998936057085E-003   144.54417592851559        146.08070863053010     
   4.7999998927116391E-003   145.70329335654270        147.24982497548612     
   4.8399998918175697E-003   146.86812139672003        148.41748802403598     
   4.8799998909235002E-003   148.03855908735619        149.58368625181603     
   4.9199998900294299E-003   149.21447639031103        150.74840814892002     
   4.9599998891353605E-003   150.39571510292203        151.91164222001234     
   4.9999998882412910E-003   151.58208987008493        153.07337698444175     
   5.0399998873472216E-003   152.77338929134078        154.23360097635447     
   5.0799998864531513E-003   153.96937711751303        155.39230274480741     
   5.1199998855590819E-003   155.16979353116903        156.54947085388136     
   5.1599998846650124E-003   156.37435650492273        157.70509388279353     
   5.1999998837709421E-003   157.58276323136585        158.85916042601056     
   5.2399998828768727E-003   158.79469161821115        160.01165909336103     
   5.2799998819828033E-003   160.00980184204946        161.16257851014763     
   5.3199998810887338E-003   161.22773795396785        162.31190731725980     
   5.3599998801946635E-003   162.44812953014790        163.45963417128553     
   5.3999998793005941E-003   163.67059336046086        164.60574774462350     
   5.4399998784065247E-003   164.89473516800018        165.75023672559493     
   5.4799998775124552E-003   166.12015135244476        166.89308981855490     
   5.5199998766183849E-003   167.34643075011994        168.03429574400403     
   5.5599998757243155E-003   168.57315640363470        169.17384323870016     
   5.5999998748302460E-003   169.79990733399700        170.31172105576883     
   5.6399998739361757E-003   171.02626030817399        171.44791796481474     
   5.6799998730421063E-003   172.25179159514246        172.58242275203250     
   5.7199998721480369E-003   173.47607870358576        173.71522422031722     
   5.7599998712539674E-003   174.69870209453143        174.84631118937517     
   5.7999998703598971E-003   175.91924686237564        175.97567249583392     
   5.8399998694658277E-003   177.13730437792964        177.10329699335276     
   5.8799998685717583E-003   178.35247388732716        178.22917355273248     
   5.9199998676776888E-003   179.56436406085905        179.35329106202533     
   5.9599998667836185E-003   180.77259448604934        180.47563842664476     
   5.9999998658895491E-003   181.97679709956242        181.59620456947474     
   6.0399998649954796E-003   183.17661755280824        182.71497843097922     
   6.0799998641014093E-003   184.37171650643083        183.83194896931124     
   6.1199998632073399E-003   185.56177084917854        184.94710516042196     
   6.1599998623132705E-003   186.74647483699735        186.06043599816925     
   6.1999998614192010E-003   187.92554114853922        187.17193049442673     
   6.2399998605251307E-003   189.09870185363889        188.28157767919177     
   6.2799998596310613E-003   190.26570929169418        189.38936660069402     
   6.3199998587369919E-003   191.42633685725883        190.49528632550349     
   6.3599998578429224E-003   192.58037969056298        191.59932593863834     
   6.3999998569488521E-003   193.72765527105949        192.70147454367270     
   6.4399998560547827E-003   194.86800391251299        193.80172126284424     
   6.4799998551607133E-003   196.00128915853961        194.90005523716135     
   6.5199998542666429E-003   197.12739807792866        195.99646562651054     
   6.5599998533725735E-003   198.24624145946922        197.09094160976332     
   6.5999998524785041E-003   199.35775390642439        198.18347238488298     
   6.6399998515844346E-003   200.46189383118784        199.27404716903126     
   6.6799998506903643E-003   201.55864335105775        200.36265519867470     
   6.7199998497962949E-003   202.64800808645964        201.44928572969096     
   6.7599998489022255E-003   203.73001686331716        202.53392803747477     
   6.7999998480081560E-003   204.80472132166187        203.61657141704384     
   6.8399998471140857E-003   205.87219543291707        204.69720518314452     
   6.8799998462200163E-003   206.93253492865168        205.77581867035724     
   6.9199998453259469E-003   207.98585664392962        206.85240123320165     
   6.9599998444318766E-003   209.03229777870297        207.92694224624196     
   6.9999998435378071E-003   210.07201508100047        208.99943110419167     
   7.0399998426437377E-003   211.10518395594920        210.06985722201802     
   7.0799998417496682E-003   212.13199750493658        211.13821003504682     
   7.1199998408555979E-003   213.15266549946713        212.20447899906651     
   7.1599998399615285E-003   214.16741329450042        213.26865359043236     
   7.1999998390674591E-003   215.17648068625894        214.33072330617026     
   7.2399998381733896E-003   216.18012071968593        215.39067766408010     
   7.2799998372793193E-003   217.17859845089393        216.44850620283984     
   7.3199998363852499E-003   218.17218967008370        217.50419848210822     
   7.3599998354911805E-003   219.16117959053889        218.55774408262815     
   7.3999998345971102E-003   220.14586150938197        219.60913260632930     
   7.4399998337030407E-003   221.12653544586303        220.65835367643075     
   7.4799998328089713E-003   222.10350676298683        221.70539693754358     
   7.5199998319149019E-003   223.07708477831258        222.75025205577296     
   7.5599998310208315E-003   224.04758136975946        223.79290871882009     
   7.5999998301267621E-003   225.01530958222239        224.83335663608409     
   7.6399998292326927E-003   225.98058224075982        225.87158553876355     
   7.6799998283386232E-003   226.94371057604073        226.90758517995766     
   7.7199998274445529E-003   227.90500286764356        227.94134533476770     
   7.7599998265504835E-003   228.86476311069086        228.97285580039775     
   7.7999998256564141E-003   229.82328971115780        230.00210639625536     
   7.8399998247623438E-003   230.78087421504452        231.02908696405211     
   7.8799998238682743E-003   231.73780007641579        232.05378736790382     
   7.9199998229742049E-003   232.69434146912772        233.07619749443066     
   7.9599998220801355E-003   233.65076214683143        234.09630725285689     
   7.9999998211860660E-003   234.60731435563042        235.11410657511038     
   8.0399998202919966E-003   235.56423780350457        236.12958541592229     
   8.0799998193979254E-003   236.52175869036475        237.14273375292581     
   8.1199998185038560E-003   237.48008880231899        238.15354158675527     
   8.1599998176097865E-003   238.43942467344453        239.16199894114496     
   8.1999998167157171E-003   239.39994681806371        240.16809586302736     
   8.2399998158216477E-003   240.36181903620525        241.17182242263144     
   8.2799998149275782E-003   241.32518779462544        242.17316871358071     
   8.3199998140335088E-003   242.29018168542061        243.17212485299103     
   8.3599998131394376E-003   243.25691096395212        244.16868098156800     
   8.3999998122453682E-003   244.22546716744898        245.16282726370454     
   8.4399998113512988E-003   245.19592281532468        246.15455388757752     
   8.4799998104572293E-003   246.16833119189923        247.14385106524506     
   8.5199998095631599E-003   247.14272621187479        248.13070903274280     
   8.5599998086690905E-003   248.11912236857177        249.11511805018048     
   8.5999998077750210E-003   249.09751476459172        250.09706840183807     
   8.6399998068809498E-003   250.07787922423847        251.07655039626135     
   8.6799998059868804E-003   251.06017248669485        252.05355436635810     
   8.7199998050928110E-003   252.04433247862860        253.02807066949291     
   8.7599998041987415E-003   253.03027866458081        254.00008968758277     
   8.7999998033046721E-003   254.01791247318297        254.96960182719189     
   8.8399998024106027E-003   255.00711779694396        255.93659751962633     
   8.8799998015165332E-003   255.99776156306231        256.90106722102843     
   8.9199998006224638E-003   256.98969437244068        257.86300141247114     
   8.9599997997283926E-003   257.98275120381356        258.82239060005168     
   8.9999997988343232E-003   258.97675217964814        259.77922531498569     
   9.0399997979402538E-003   259.97150339024603        260.73349611370031     
   9.0799997970461843E-003   260.96679777224722        261.68519357792746     
   9.1199997961521149E-003   261.96241603753907        262.63430831479673     
   9.1599997952580454E-003   262.95812764838621        263.58083095692854     
   9.1999997943639760E-003   263.95369183442511        264.52475216252583     
   9.2399997934699048E-003   264.94885864702218        265.46606261546691     
   9.2799997925758354E-003   265.94337004636054        266.40475302539727     
   9.3199997916817660E-003   266.93696101651079        267.34081412782081     
   9.3599997907876965E-003   267.92936070364897        268.27423668419192     
   9.3999997898936271E-003   268.92029357251732        269.20501148200628     
   9.4399997889995577E-003   269.90948057616606        270.13312933489192     
   9.4799997881054882E-003   270.89664033399333        271.05858108269979     
   9.5199997872114171E-003   271.88149031308598        271.98135759159425     
   9.5599997863173476E-003   272.86374800787291        272.90144975414313     
   9.5999997854232782E-003   273.84313211314469        273.81884848940791     
   9.6399997845292087E-003   274.81936368553181        274.73354474303284     
   9.6799997836351393E-003   275.79216728861877        275.64552948733467     
   9.7199997827410699E-003   276.76127211695410        276.55479372139155     
   9.7599997818470004E-003   277.72641309433249        277.46132847113228     
   9.7999997809529310E-003   278.68733194185342        278.36512478942421     
   9.8399997800588598E-003   279.64377821140857        279.26617375616212     
   9.8799997791647904E-003   280.59551028041693        280.16446647835596     
   9.9199997782707210E-003   281.54229630380485        281.05999409021877     
   9.9599997773766515E-003   282.48391511943350        281.95274775325402     
   9.9999997764825821E-003   283.42015710337978        282.84271865634298     
   1.0039999775588513E-002   284.35082497171334        283.72989801583174     
   1.0079999774694443E-002   285.27573452564479        284.61427707561757     
   1.0119999773800372E-002   286.19471533717712        285.49584710723570     
   1.0159999772906303E-002   287.10761137265393        286.37459940994546     
   1.0199999772012233E-002   288.01428155187102        287.25052531081582     
   1.0239999771118164E-002   288.91460024070108        288.12361616481132     
   1.0279999770224094E-002   289.80845767546566        288.99386335487725     
   1.0319999769330025E-002   290.69576031759323        289.86125829202467     
   1.0359999768435955E-002   291.57643113739084        290.72579241541519     
   1.0399999767541884E-002   292.45040982606946        291.58745719244564     
   1.0439999766647815E-002   293.31765293546624        292.44624411883211     
   1.0479999765753745E-002   294.17813394521380        293.30214471869380     
   1.0519999764859676E-002   295.03184325741591        294.15515054463685     
   1.0559999763965607E-002   295.87878811918887        295.00525317783763     
   1.0599999763071537E-002   296.71899247374319        295.85244422812605     
   1.0639999762177468E-002   297.55249674096041        296.69671533406785     
   1.0679999761283396E-002   298.37935752873074        297.53805816304759     
   1.0719999760389327E-002   299.19964727659419        298.37646441135087     
   1.0759999759495258E-002   300.01345383350929        299.21192580424594     
   1.0799999758601188E-002   300.82087997184277        300.04443409606563     
   1.0839999757707119E-002   301.62204283993879        300.87398107028889     
   1.0879999756813049E-002   302.41707335586671        301.70055853962151     
   1.0919999755918980E-002   303.20611554519115        302.52415834607700     
   1.0959999755024910E-002   303.98932582582870        303.34477236105744     
   1.0999999754130839E-002   304.76687224326724        304.16239248543320     
   1.1039999753236770E-002   305.53893365961716        304.97701064962342     
   1.1079999752342700E-002   306.30569890014596        305.78861881367521     
   1.1119999751448631E-002   307.06736586111259        306.59720896734319     
   1.1159999750554562E-002   307.82414058285957        307.40277313016861     
   1.1199999749660492E-002   308.57623629225782        308.20530335155786     
   1.1239999748766423E-002   309.32387241870634        309.00479171086124     
   1.1279999747872351E-002   310.06727358798247        309.80123031745097     
   1.1319999746978282E-002   310.80666859831734        310.59461131079911     
   1.1359999746084213E-002   311.54228938312508        311.38492686055514     
   1.1399999745190143E-002   312.27436996484892        312.17216916662323     
   1.1439999744296074E-002   313.00314540441605        312.95633045923915     
   1.1479999743402004E-002   313.72885075077772        313.73740299904711     
   1.1519999742507935E-002   314.45171999500985        314.51537907717602     
   1.1559999741613864E-002   315.17198503339381        315.29025101531568     
   1.1599999740719794E-002   315.88987464385423        316.06201116579251     
   1.1639999739825725E-002   316.60561348005041        316.83065191164485     
   1.1679999738931655E-002   317.31942108732608        317.59616566669854     
   1.1719999738037586E-002   318.03151094461475        318.35854487564143     
   1.1759999737143517E-002   318.74208953627016        319.11778201409800     
   1.1799999736249447E-002   319.45135545765038        319.87386958870394     
   1.1839999735355378E-002   320.15949855812505        320.62680013717954     
   1.1879999734461306E-002   320.86669912500656        321.37656622840399     
   1.1919999733567237E-002   321.57312711171295        322.12316046248827     
   1.1959999732673168E-002   322.27894141327909        322.86657547084820     
   1.1999999731779098E-002   322.98428919211392        323.60680391627733     
   1.2039999730885029E-002   323.68930525668361        324.34383849301952     
   1.2079999729990959E-002   324.39411149556230        325.07767192684042     
   1.2119999729096890E-002   325.09881636905595        325.80829697510001     
   1.2159999728202819E-002   325.80351446034808        326.53570642682365     
   1.2199999727308749E-002   326.50828608785793        327.25989310277328     
   1.2239999726414680E-002   327.21319698024428        327.98084985551839     
   1.2279999725520610E-002   327.91829801520902        328.69856956950650     
   1.2319999724626541E-002   328.62362502298794        329.41304516113343     
   1.2359999723732472E-002   329.32919865513981        330.12426957881303     
   1.2399999722838402E-002   330.03502431896305        330.83223580304713     
   1.2439999721944331E-002   330.74109217759417        331.53693684649454     
   1.2479999721050261E-002   331.44737721556641        332.23836575404005     
   1.2519999720156192E-002   332.15383936932676        332.93651560286304     
   1.2559999719262123E-002   332.86042372194072        333.63137950250609     
   1.2599999718368053E-002   333.56706076094503        334.32295059494265     
   1.2639999717473984E-002   334.27366669804172        335.01122205464486     
   1.2679999716579914E-002   334.98014384907498        335.69618708865090     
   1.2719999715685845E-002   335.68638107247978        336.37783893663197     
   1.2759999714791774E-002   336.39225426414748        337.05617087095914     
   1.2799999713897704E-002   337.09762690642441        337.73117619676975     
   1.2839999713003635E-002   337.80235066873786        338.40284825203344     
   1.2879999712109565E-002   338.50626605713018        339.07118040761776     
   1.2919999711215496E-002   339.20920310978153        339.73616606735379     
   1.2959999710321427E-002   339.91098213542284        340.39779866810113     
   1.2999999709427357E-002   340.61141449135664        341.05607167981276     
   1.3039999708533286E-002   341.31030339765636        341.71097860559951     
   1.3079999707639216E-002   342.00744478396092        342.36251298179405     
   1.3119999706745147E-002   342.70262816516009        343.01066837801466     
   1.3159999705851078E-002   343.39563754214953        343.65543839722909     
   1.3199999704957008E-002   344.08625232373907        344.29681667581696     
   1.3239999704062939E-002   344.77424826572093        344.93479688363340     
   1.3279999703168869E-002   345.45939842303795        345.56937272407106     
   1.3319999702274798E-002   346.14147411094871        346.20053793412200     
   1.3359999701380729E-002   346.82024587105980        346.82828628444020     
   1.3399999700486659E-002   347.49548443808419        347.45261157940246     
   1.3439999699592590E-002   348.16696170318943        348.07350765716996     
   1.3479999698698520E-002   348.83445166982943        348.69096838974860     
   1.3519999697804451E-002   349.49773139798913        349.30498768304994     
   1.3559999696910381E-002   350.15658193284003        349.91555947695110     
   1.3599999696016312E-002   350.81078921386546        350.52267774535466     
   1.3639999695122241E-002   351.46014496062600        351.12633649624809     
   1.3679999694228171E-002   352.10444753142690        351.72652977176278     
   1.3719999693334102E-002   352.74350275128518        352.32325164823322     
   1.3759999692440033E-002   353.37712470572774        352.91649623625506     
   1.3799999691545963E-002   354.00513649710700        353.50625768074326     
   1.3839999690651894E-002   354.62737096029207        354.09253016099024     
   1.3879999689757824E-002   355.24367133476295        354.67530789072310     
   1.3919999688863753E-002   355.85389189034629        355.25458511816026     
   1.3959999687969684E-002   356.45789850401468        355.83035612606938     
   1.3999999687075614E-002   357.05556918540498        356.40261523182261     
   1.4039999686181545E-002   357.64679454892314        356.97135678745326     
   1.4079999685287475E-002   358.23147823054313        357.53657517971146     
   1.4119999684393406E-002   358.80953724764260        358.09826483011966     
   1.4159999683499336E-002   359.38090230047311        358.65642019502741     
   1.4199999682605265E-002   359.94551801410802        359.21103576566622     
   1.4239999681711196E-002   360.50334311997011        359.76210606820410     
   1.4279999680817126E-002   361.05435057630808        360.30962566379930     
   1.4319999679923057E-002   361.59852762724165        360.85358914865418     
   1.4359999679028988E-002   362.13587580027223        361.39399115406849     
   1.4399999678134918E-002   362.66641084240894        361.93082634649215     
   1.4439999677240849E-002   363.19016259532884        362.46408942757841     
   1.4479999676346779E-002   363.70717481024639        362.99377513423559     
   1.4519999675452708E-002   364.21750490342686        363.51987823867933     
   1.4559999674558639E-002   364.72122365353061        364.04239354848403     
   1.4599999673664569E-002   365.21841484221432        364.56131590663438     
   1.4639999672770500E-002   365.70917483966832        365.07664019157579     
   1.4679999671876430E-002   366.19361213698977        365.58836131726537     
   1.4719999670982361E-002   366.67184682751787        366.09647423322195     
   1.4759999670088291E-002   367.14401003947557        366.60097392457590     
   1.4799999669194220E-002   367.61024332246046        367.10185541211860     
   1.4839999668300151E-002   368.07069799051948        367.59911375235174     
   1.4879999667406081E-002   368.52553442472754        368.09274403753608     
   1.4919999666512012E-002   368.97492133834817        368.58274139573950     
   1.4959999665617943E-002   369.41903500781774        369.06910099088589     
   1.4999999664723873E-002   369.85805847292539        369.55181802280197     
   1.5039999663829804E-002   370.29218070968881        370.03088772726522     
   1.5079999662935733E-002   370.72159577953840        370.50630537605088     
   1.5119999662041663E-002   371.14650195850783        370.97806627697838     
   1.5159999661147594E-002   371.56710085021581        371.44616577395789     
   1.5199999660253524E-002   371.98359648647636        371.91059924703603     
   1.5239999659359455E-002   372.39619441942853        372.37136211244172     
   1.5279999658465385E-002   372.80510080909477        372.82844982263128     
   1.5319999657571316E-002   373.21052151029721        373.28185786633321     
   1.5359999656677246E-002   373.61266116284975        373.73158176859289     
   1.5399999655783175E-002   374.01172228892597        374.17761709081674     
   1.5439999654889106E-002   374.40790440145861        374.61995943081610     
   1.5479999653995036E-002   374.80140312737740        375.05860442285018     
   1.5519999653100967E-002   375.19240934941877        375.49354773766993     
   1.5559999652206898E-002   375.58110837015153        375.92478508256011     
   1.5599999651312828E-002   375.96767910176447        376.35231220138201     
   1.5639999650418759E-002   376.35229328504118        376.77612487461533     
   1.5679999649524688E-002   376.73511474082221        377.19621891939988     
   1.5719999648630620E-002   377.11629865710051        377.61259018957685     
   1.5759999647736549E-002   377.49599091474755        378.02523457572948     
   1.5799999646842477E-002   377.87432745469033        378.43414800522413     
   1.5839999645948410E-002   378.25143368918214        378.83932644225024     
   1.5879999645054339E-002   378.62742395961277        379.24076588785988     
   1.5919999644160271E-002   379.00240104310529        379.63846238000758     
   1.5959999643266200E-002   379.37645570993192        380.03241199358928     
   1.5999999642372132E-002   379.74966633356092        380.42261084048118     
   1.6039999641478061E-002   380.12209855492239        380.80905506957788     
   1.6079999640583993E-002   380.49380500224214        381.19174086683080     
   1.6119999639689922E-002   380.86482506755760        381.57066445528523     
   1.6159999638795851E-002   381.23518474078458        381.94582209511816     
   1.6199999637901783E-002   381.60489650195927        382.31721008367504     
   1.6239999637007712E-002   381.97395927202331        382.68482475550616     
   1.6279999636113644E-002   382.34235842228406        383.04866248240279     
   1.6319999635219573E-002   382.71006584241383        383.40871967343327     
   1.6359999634325505E-002   383.07704006661874        383.76499277497840     
   1.6399999633431434E-002   383.44322645734843        384.11747827076618     
   1.6439999632537363E-002   383.80855744568203        384.46617268190698     
   1.6479999631643295E-002   384.17295282727707        384.81107256692746     
   1.6519999630749224E-002   384.53632011254120        385.15217452180485     
   1.6559999629855156E-002   384.89855492944804        385.48947518000045     
   1.6599999628961085E-002   385.25954147720341        385.82297121249258     
   1.6639999628067018E-002   385.61915302874951        386.15265932780994     
   1.6679999627172946E-002   385.97725247988558        386.47853627206382     
   1.6719999626278875E-002   386.33369294259847        386.80059882898001     
   1.6759999625384808E-002   386.68831837999358        387.11884381993116     
   1.6799999624490736E-002   387.04096428005630        387.43326810396724     
   1.6839999623596669E-002   387.39145836530571        387.74386857784754     
   1.6879999622702598E-002   387.73962133524941        388.05064217607048     
   1.6919999621808530E-002   388.08526763841553        388.35358587090440     
   1.6959999620914459E-002   388.42820627061201        388.65269667241711     
   1.6999999620020387E-002   388.76824159595634        388.94797162850563     
   1.7039999619126320E-002   389.10517418712345        389.23940782492519     
   1.7079999618232249E-002   389.43880168117880        389.52700238531799     
   1.7119999617338181E-002   389.76891964730669        389.81075247124170     
   1.7159999616444110E-002   390.09532246268452        390.09065528219742     
   1.7199999615550042E-002   390.41780419273664        390.36670805565711     
   1.7239999614655971E-002   390.73615947197339        390.63890806709134     
   1.7279999613761900E-002   391.05018438162807        390.90725262999564     
   1.7319999612867832E-002   391.35967732031958        391.17173909591742     
   1.7359999611973761E-002   391.66443986399923        391.43236485448193     
   1.7399999611079693E-002   391.96427761149886        391.68912733341790     
   1.7439999610185622E-002   392.25900101204047        391.94202399858324     
   1.7479999609291554E-002   392.54842617117913        392.19105235398979     
   1.7519999608397483E-002   392.83237563171178        392.43620994182817     
   1.7559999607503412E-002   393.11067912622383        392.67749434249174     
   1.7599999606609344E-002   393.38317429804937        392.91490317460079     
   1.7639999605715273E-002   393.64970738757290        393.14843409502578     
   1.7679999604821205E-002   393.91013388093853        393.37808479891083     
   1.7719999603927134E-002   394.16431911840709        393.60385301969598     
   1.7759999603033066E-002   394.41213885977453        393.82573652913993     
   1.7799999602138995E-002   394.65347980444369        394.04373313734180     
   1.7839999601244928E-002   394.88824006394884        394.25784069276312     
   1.7879999600350856E-002   395.11632958493391        394.46805708224855     
   1.7919999599456785E-002   395.33767052079520        394.67438023104711     
   1.7959999598562718E-002   395.55219755042975        394.87680810283251     
   1.7999999597668646E-002   395.75985814275430        395.07533869972320     
   1.8039999596774579E-002   395.96061276589535        395.26997006230238     
   1.8079999595880508E-002   396.15443504018543        395.46070026963679     
   1.8119999594986440E-002   396.34131183435471        395.64752743929625     
   1.8159999594092369E-002   396.52124330453609        395.83044972737190     
   1.8199999593198297E-002   396.69424287596098        396.00946532849457     
   1.8239999592304230E-002   396.86033716746732        396.18457247585246     
   1.8279999591410159E-002   397.01956585917588        396.35576944120851     
   1.8319999590516091E-002   397.17198150396126        396.52305453491778     
   1.8359999589622020E-002   397.31764928354897        396.68642610594384     
   1.8399999588727952E-002   397.45664671034677        396.84588254187508     
   1.8439999587833881E-002   397.58906327631911        397.00142226894081     
   1.8479999586939810E-002   397.71500005046016        397.15304375202669     
   1.8519999586045742E-002   397.83456922663362        397.30074549468969     
   1.8559999585151671E-002   397.94789362375883        397.44452603917330     
   1.8599999584257603E-002   398.05510614053395        397.58438396642134     
   1.8639999583363532E-002   398.15634916706597        397.72031789609258     
   1.8679999582469464E-002   398.25177395598399        397.85232648657399     
   1.8719999581575393E-002   398.34153995575878        397.98040843499382     
   1.8759999580681322E-002   398.42581410913152        398.10456247723505     
   1.8799999579787254E-002   398.50477011969843        398.22478738794723     
   1.8839999578893183E-002   398.57858768982209        398.34108198055895     
   1.8879999577999115E-002   398.64745173318164        398.45344510728967     
   1.8919999577105044E-002   398.71155156535605        398.56187565916031     
   1.8959999576210976E-002   398.77108007595234        398.66637256600529     
   1.8999999575316905E-002   398.82623288584551        398.76693479648219     
   1.9039999574422834E-002   398.87720749317737        398.86356135808228     
   1.9079999573528766E-002   398.92420241178644        398.95625129714045     
   1.9119999572634695E-002   398.96741630579788        399.04500369884431     
   1.9159999571740628E-002   399.00704712409083        399.12981768724347     
   1.9199999570846556E-002   399.04329123837510        399.21069242525806     
   1.9239999569952489E-002   399.07634258858576        399.28762711468698     
   1.9279999569058417E-002   399.10639183927339        399.36062099621591     
   1.9319999568164346E-002   399.13362555061150        399.42967334942460     
   1.9359999567270279E-002   399.15822536759271        399.49478349279428     
   1.9399999566376207E-002   399.18036723088591        399.55595078371397     
   1.9439999565482140E-002   399.20022061275051        399.61317461848716     
   1.9479999564588069E-002   399.21794778128219        399.66645443233784     
   1.9519999563694001E-002   399.23370309614961        399.71578969941555     
   1.9559999562799930E-002   399.24763233884073        399.76117993280116     
   1.9599999561905862E-002   399.25987208028744        399.80262468451133     
   1.9639999561011791E-002   399.27054908858730        399.84012354550316     
   1.9679999560117720E-002   399.27977977934580        399.87367614567796     
   1.9719999559223652E-002   399.28766971100907        399.90328215388507     
   1.9759999558329581E-002   399.29431312733641        399.92894127792511     
   1.9799999557435513E-002   399.29979254897478        399.95065326455295     
   1.9839999556541442E-002   399.30417841588741        399.96841789948002     
   1.9879999555647374E-002   399.30752878216197        399.98223500737646     
   1.9919999554753303E-002   399.30988906450352        399.99210445187299     
   1.9959999553859232E-002   399.31129184549428        399.99802613556227     
   1.9999999552965164E-002   399.31175673245571        399.99999999999960     
   2.0039999552071093E-002   399.31129027251876        399.99802602570378     
   2.0079999551177025E-002   399.30988592426786        399.99210423215703     
   2.0119999550282954E-002   399.30752408607430        399.98223467780520     
   2.0159999549388886E-002   399.30417218100678        399.96841746005674     
   2.0199999548494815E-002   399.29978479794238        399.95065271528205     
   2.0239999547600744E-002   399.29430388829246        399.92894061881191     
   2.0279999546706676E-002   399.28765901748244        399.90328138493612     
   2.0319999545812605E-002   399.27976767012564        399.87367526690082     
   2.0359999544918538E-002   399.27053560757440        399.84012255690658     
   2.0399999544024466E-002   399.25985727632525        399.80262358610497     
   2.0439999543130399E-002   399.24761626552646        399.76117872459588     
   2.0479999542236327E-002   399.23368581162907        399.71578838142329     
   2.0519999541342256E-002   399.21792934802420        399.66645300457162     
   2.0559999540448189E-002   399.20020109730649        399.61317308096113     
   2.0599999539554117E-002   399.18034670363187        399.55594913644313     
   2.0639999538660050E-002   399.15820390245659        399.49478173579502     
   2.0679999537765979E-002   399.13360322478695        399.42967148271424     
   2.0719999536871911E-002   399.10636873291992        399.36061901981287     
   2.0759999535977840E-002   399.07631878451696        399.28762502861076     
   2.0799999535083769E-002   399.04326682173536        399.21069022952929     
   2.0839999534189701E-002   399.00702218202395        399.12981538188382     
   2.0879999533295630E-002   398.96739092710675        399.04500128387650     
   2.0919999532401562E-002   398.92417668658464        398.95624877258831     
   2.0959999531507491E-002   398.87718151253637        398.86355872397075     
   2.0999999530613423E-002   398.82620674143737        398.76693205283715     
   2.1039999529719352E-002   398.77105385968849        398.66636971285396     
   2.1079999528825281E-002   398.71152536902628        398.56187269653083     
   2.1119999527931213E-002   398.64742564809131        398.45344203521120     
   2.1159999527037142E-002   398.57856180643176        398.34107879906196     
   2.1199999526143074E-002   398.50474452726490        398.22478409706298     
   2.1239999525249003E-002   398.42578889535645        398.10455907699605     
   2.1279999524354935E-002   398.34151520643849        397.98040492543367     
   2.1319999523460864E-002   398.25174975467024        397.85232286772725     
   2.1359999522566793E-002   398.15632559473227        397.72031416799513     
   2.1399999521672725E-002   398.05508327525445        397.58438012910983     
   2.1439999520778654E-002   397.94787154039699        397.44452209268559     
   2.1479999519884586E-002   397.83454799654271        397.30074143906484     
   2.1519999518990515E-002   397.71497974119944        397.15303958730465     
   2.1559999518096448E-002   397.58904395138319        397.00141799516274     
   2.1599999517202376E-002   397.45662842891244        396.84587815908310     
   2.1639999516308309E-002   397.31763210023888        396.68642161418120     
   2.1679999515414237E-002   397.17196546862499        396.52304993422882     
   2.1719999514520166E-002   397.01955101669273        396.35576473163871     
   2.1759999513626099E-002   396.86032355756396        396.18456765744821     
   2.1799999512732027E-002   396.69423053305655        396.00946040130356     
   2.1839999511837960E-002   396.52123225760249        395.83044469144261     
   2.1879999510943889E-002   396.34130210680377        395.64752229467837     
   2.1919999510049821E-002   396.15442664977519        395.46069501638112     
   2.1959999509155750E-002   395.96060572466138        395.26996470046083     
   2.1999999508261679E-002   395.75985245696319        395.07533322934876     
   2.2039999507367611E-002   395.55219322055581        394.87680252397905     
   2.2079999506473540E-002   395.33766754152145        394.67437454376977     
   2.2119999505579472E-002   395.11632794517624        394.46805128660338     
   2.2159999504685401E-002   394.88823974690212        394.25783478880732     
   2.2199999503791333E-002   394.65348078765362        394.04372712513367     
   2.2239999502897262E-002   394.41214111523050        393.82573040873876     
   2.2279999502003191E-002   394.16432261265669        393.60384679116225     
   2.2319999501109123E-002   393.91013857522557        393.37807846230601     
   2.2359999500215052E-002   393.64971323799625        393.14842765041243     
   2.2399999499320984E-002   393.38318125574085        392.91489662204242     
   2.2439999498426913E-002   393.11068713754793        392.67748768205308     
   2.2479999497532845E-002   392.83238463848420        392.43620317357494     
   2.2519999496638774E-002   392.54843611089990        392.19104547798884     
   2.2559999495744703E-002   392.25901181814777        391.94201701490238     
   2.2599999494850635E-002   391.96428921363787        391.68912024212602     
   2.2639999493956564E-002   391.66445218830421        391.43235765564907     
   2.2679999493062496E-002   391.35969028971010        391.17173178961468     
   2.2719999492168425E-002   391.05019791611886        390.90724521629511     
   2.2759999491274358E-002   390.73617348899194        390.63890054606611     
   2.2799999490380286E-002   390.41781860745431        390.36670042738149     
   2.2839999489486215E-002   390.09533718835280        390.09064754674665     
   2.2879999488592147E-002   389.76893459560296        389.81074462869219     
   2.2919999487698076E-002   389.43881676255410        389.52699443574704     
   2.2959999486804009E-002   389.10518931115769        389.23939976841126     
   2.2999999485909937E-002   388.76825667171528        388.94796346512834     
   2.3039999485015870E-002   388.42822120700436        388.65268840225696     
   2.3079999484121799E-002   388.08528234455093        388.35357749404307     
   2.3119999483227727E-002   387.73963572079396        388.05063369259062     
   2.3159999482333660E-002   387.39147234083532        387.74385998783288     
   2.3199999481439589E-002   387.04097775740712        387.43325940750253     
   2.3239999480545521E-002   386.68833127260365        387.11883501710219     
   2.3279999479651450E-002   386.33370516584483        386.80058991987380     
   2.3319999478757382E-002   385.97726395141160        386.47852725676813     
   2.3359999477863311E-002   385.61916366878501        386.15265020641385     
   2.3399999476969243E-002   385.25955120887301        385.82296198508607     
   2.3439999476075172E-002   384.89856367906606        385.48946584667459     
   2.3479999475181101E-002   384.53632780989693        385.15216508265183     
   2.3519999474287033E-002   384.17295940590441        384.81106302204040     
   2.3559999473392962E-002   383.80856284311420        384.46616303138012     
   2.3599999472498894E-002   383.44323061535789        384.11746851469468     
   2.3639999471604823E-002   383.07704293144002        383.76498291345860     
   2.3679999470710755E-002   382.71006736494877        383.40870970656249     
   2.3719999469816684E-002   382.34235855828916        383.04865241027937     
   2.3759999468922613E-002   381.97395798227865        382.68481457822958     
   2.3799999468028545E-002   381.60489375241775        382.31719980134574     
   2.3839999467134474E-002   381.23518050270127        381.94581170783761     
   2.3879999466240406E-002   380.86481931759840        381.57065396315579     
   2.3919999465346335E-002   380.49379772257328        381.19173026995622     
   2.3959999464452267E-002   380.12208973327569        380.80904436806270     
   2.3999999463558196E-002   379.74965596328138        380.42260003443096     
   2.4039999462664125E-002   379.37644379000227        380.03240108311076     
   2.4079999461770057E-002   379.00238757814782        379.63845136520837     
   2.4119999460875986E-002   378.62740895987150        379.24075476884877     
   2.4159999459981919E-002   378.25141717048257        378.83931521913695     
   2.4199999459087847E-002   377.87430943837740        378.43413667811939     
   2.4239999458193780E-002   377.49597142760359        378.02522314474504     
   2.4279999457299709E-002   377.11627773124081        377.61257865482554     
   2.4319999456405637E-002   376.73509241357158        377.19620728099568     
   2.4359999455511570E-002   376.35226959878850        376.77611313267306     
   2.4399999454617499E-002   375.96765410379993        376.35230035601745     
   2.4439999453723431E-002   375.58108211248305        375.92477313389020     
   2.4479999452829360E-002   375.19238188856929        375.49353568581262     
   2.4519999451935292E-002   374.80137452416812        375.05859226792444     
   2.4559999451041221E-002   374.40787472077085        374.61994717294186     
   2.4599999450147150E-002   374.01169159945005        374.17760473011509     
   2.4639999449253082E-002   373.61262953681717        373.73156930518564     
   2.4679999448359011E-002   373.21048902320018        373.28184530034343     
   2.4719999447464943E-002   372.80506753939102        372.82843715418306     
   2.4759999446570872E-002   372.39616044823487        372.37134934166011     
   2.4799999445676804E-002   371.98356189725138        371.91058637404700     
   2.4839999444782733E-002   371.56706572843331        371.44615279888853     
   2.4879999443888662E-002   371.14646639132167        370.97805319995672     
   2.4919999442994594E-002   370.72155985543935        370.50629219720599     
   2.4959999442100523E-002   370.29214451815704        370.03087444672713     
   2.4999999441206455E-002   369.85802210407849        369.55180464070179     
   2.5039999440312384E-002   369.41899855205509        369.06908750735573     
   2.5079999439418316E-002   368.97488488599328        368.58272781091244     
   2.5119999438524245E-002   368.52549806567163        368.09273035154615     
   2.5159999437630177E-002   368.07066181386665        367.59909996533401     
   2.5199999436736106E-002   367.61020741617295        367.10184152420919     
   2.5239999435842035E-002   367.14397449002723        366.60095993591187     
   2.5279999434947967E-002   366.67181171954979        366.09646014394133     
   2.5319999434053896E-002   366.19357755297506        365.58834712750723     
   2.5359999433159829E-002   365.70914085958424        365.07662590148016     
   2.5399999432265757E-002   365.21838154322506        364.56130151634233     
   2.5439999431371690E-002   364.72119110968111        364.04237905813756     
   2.5479999430477619E-002   364.21747318534955        363.51986364842151     
   2.5519999429583547E-002   363.70714398487928        362.99376044421041     
   2.5559999428689480E-002   363.19013272565280        362.46407463793071     
   2.5599999427795408E-002   362.66638198719710        361.93081145736812     
   2.5639999426901341E-002   362.13584801385764        361.39397616561484     
   2.5679999426007270E-002   361.59850095930454        360.85357406101906     
   2.5719999425113202E-002   361.05432507167956        360.30961047713146     
   2.5759999424219131E-002   360.50331881845796        359.76209078265350     
   2.5799999423325060E-002   359.94549495034136        359.21102038138378     
   2.5839999422430992E-002   359.38088050376922        358.65640471216477     
   2.5879999421536921E-002   358.80951674189441        358.09824924882980     
   2.5919999420642853E-002   358.23145903413052        357.53655950014814     
   2.5959999419748782E-002   357.64677667464485        356.97134100977121     
   2.5999999418854714E-002   357.05555264043448        356.40259935617757     
   2.6039999417960643E-002   356.45788328987817        355.83034015261802     
   2.6079999417066572E-002   355.85387800292500        355.25456904706027     
   2.6119999416172504E-002   355.24365876431636        354.67529172213295     
   2.6159999415278433E-002   354.62735969150521        354.09251389506971     
   2.6199999414384365E-002   354.00512650916033        353.50624131765278     
   2.6239999413490294E-002   353.37711597238734        352.91647977615611     
   2.6279999412596226E-002   352.74349524101751        352.32323509128832     
   2.6319999411702155E-002   352.10444120753118        351.72651311813524     
   2.6359999410808084E-002   351.46013978139052        351.12631974610235     
   2.6399999409914016E-002   350.81078513274093        350.52266089885609     
   2.6439999409019945E-002   350.15657889863348        349.91554253426591     
   2.6479999408125877E-002   349.49772935507542        349.30497064434530     
   2.6519999407231806E-002   348.83445055837916        348.69095125519266     
   2.6559999406337739E-002   348.16696145941415        348.07349042693193     
   2.6599999405443667E-002   347.49548499449583        347.45259425365242     
   2.6639999404549596E-002   346.82024715674441        346.82826886334908     
   2.6679999403655529E-002   346.14147605185298        346.20052041786170     
   2.6719999402761457E-002   345.45940094226694        345.56935511281443     
   2.6759999401867390E-002   344.77425128384630        344.93477917755445     
   2.6799999400973318E-002   344.08625575911628        344.29679887509030     
   2.6839999400079251E-002   343.39564131124308        343.65542050203032     
   2.6879999399185180E-002   342.70263218287459        343.01065038852056     
   2.6919999398291108E-002   342.00744896397725        342.36249489818204     
   2.6959999397397041E-002   341.31030765277245        341.71096042804817     
   2.6999999396502970E-002   340.61141873382951        341.05605340850150     
   2.7039999395608902E-002   339.91098627731179        340.39778030321020     
   2.7079999394714831E-002   339.20920706329235        339.73614760906446     
   2.7119999393820763E-002   338.50626973495622        339.07116185611233     
   2.7159999392926692E-002   337.80235398439913        338.40282960749494     
   2.7199999392032624E-002   337.09762977460218        337.73115745938213     
   2.7239999391138553E-002   336.39225660101380        337.05615204090736     
   2.7279999390244482E-002   335.68638279602038        336.37782001410181     
   2.7319999389350414E-002   334.98014487940316        335.69616807382914     
   2.7359999388456343E-002   334.27366695770621        335.01120294771931     
   2.7399999387562275E-002   333.56706017522492        334.32293139610186     
   2.7439999386668204E-002   332.86042221913129        333.63136021193947     
   2.7479999385774136E-002   332.15383688101099        332.93649622076094     
   2.7519999384880065E-002   331.44737367687799        332.23834628059370     
   2.7559999383985994E-002   330.74108752746014        331.53691728189636     
   2.7599999383091926E-002   330.03501850033780        330.83221614749004     
   2.7639999382197855E-002   329.32919161521949        330.12424983249116     
   2.7679999381303787E-002   328.62361671340994        329.41302532424157     
   2.7719999380409716E-002   327.91828839223570        328.69854964224044     
   2.7759999379515649E-002   327.21318600492634        327.98082983807478     
   2.7799999378621577E-002   326.50827372618124        327.25987299534972     
   2.7839999377727506E-002   325.80350068336168        326.53568622961870     
   2.7879999376833439E-002   325.09880115298097        325.80827668831279     
   2.7919999375939367E-002   324.39409482188017        325.07765155067125     
   2.7959999375045300E-002   323.68928711220593        324.34381802766950     
   2.7999999374151228E-002   322.98426956903097        323.60678336194854     
   2.8039999373257161E-002   322.27892030918821        322.86655482774341     
   2.8079999372363090E-002   321.57310452962673        322.12313973081126     
   2.8119999371469018E-002   320.86667507334084        321.37654540835939     
   2.8159999370574951E-002   320.15947305066521        320.62677922897279     
   2.8199999369680880E-002   319.45132851349774        319.87384859254132     
   2.8239999368786812E-002   318.74206117976843        319.11776093018688     
   2.8279999367892741E-002   318.03148120525577        318.35852370418979     
   2.8319999366998673E-002   317.31938999963592        317.59614440791529     
   2.8359999366104602E-002   316.60558108345697        316.83063056574008     
   2.8399999365210531E-002   315.88984098253343        316.06198973297666     
   2.8439999364316463E-002   315.17195015610019        315.29022949580036     
   2.8479999363422392E-002   314.45168395488673        314.51535747117356     
   2.8519999362528324E-002   313.72881360515208        313.73738130677066     
   2.8559999361634253E-002   313.00310721457589        312.95630868090302     
   2.8599999360740185E-002   312.27433079580442        312.17214730244217     
   2.8639999359846114E-002   311.54224930335499        311.38490491074521     
   2.8679999358952043E-002   310.80662767950361        310.59458927557677     
   2.8719999358057975E-002   310.06723190472763        309.80120819703359     
   2.8759999357163904E-002   309.32383004824368        309.00476950546738     
   2.8799999356269836E-002   308.57619331414645        308.20528106140642     
   2.8839999355375765E-002   307.82409707867293        307.40275075547981     
   2.8879999354481697E-002   307.06732191411754        306.59718650833770     
   2.8919999353587626E-002   306.30565459497376        305.78859627057477     
   2.8959999352693559E-002   305.53888908192960        304.97698802265052     
   2.8999999351799487E-002   304.76682747941845        304.16236977481111     
   2.9039999350905416E-002   303.98928096252280        303.34474956701047     
   2.9079999350011349E-002   303.20607066913846        302.52413546882991     
   2.9119999349117277E-002   302.41702855344084        301.70053557940014     
   2.9159999348223210E-002   301.62199819683224        300.87395802731993     
   2.9199999347329138E-002   300.82083557272773        300.04441097057651     
   2.9239999346435071E-002   300.01340976170059        299.21190259646477     
   2.9279999345541000E-002   299.19960361371852        298.37644112150679     
   2.9319999344646928E-002   298.37931435440180        297.53803479137048     
   2.9359999343752861E-002   297.55245413246359        296.69669188078831     
   2.9399999342858790E-002   296.71895050572886        295.85242069347561     
   2.9439999341964722E-002   295.87874686337562        295.00522956204856     
   2.9479999341070651E-002   295.03180278230809        294.15512684794220     
   2.9519999340176583E-002   294.17809431583083        293.30212094132736     
   2.9559999339282512E-002   293.31761421308573        292.44622026102866     
   2.9599999338388441E-002   292.45037206798889        291.58743325444078     
   2.9639999337494373E-002   291.57639439670197        290.72576839744505     
   2.9679999336600302E-002   290.69572464297789        289.86123419432624     
   2.9719999335706234E-002   289.80842311100650        288.99383917768830     
   2.9759999334812163E-002   288.91456682571464        288.12359190837066     
   2.9799999333918095E-002   288.01424932075838        287.25050097536274     
   2.9839999333024024E-002   287.10758035477255        286.37457499572031     
   2.9879999332129953E-002   286.19468555673467        285.49582261447915     
   2.9919999331235885E-002   285.27570600161278        284.61425250457148     
   2.9959999330341814E-002   284.35079771776418        283.72987336673867     
   2.9999999329447746E-002   283.42013112784383        282.84269392944623     
   3.0039999328553675E-002   282.48389042527987        281.95272294879754     
   3.0079999327659607E-002   281.54227288864297        281.05996920844746     
   3.0119999326765536E-002   280.59548813652003        280.16444151951532     
   3.0159999325871465E-002   279.64375732575945        279.26614872049856     
   3.0199999324977397E-002   278.68731229621102        278.36509967718473     
   3.0239999324083326E-002   277.72639466532002        277.46130328256481     
   3.0279999323189258E-002   276.76125487616616        276.55476845674468     
   3.0319999322295187E-002   275.79215120275012        275.64550414685766     
   3.0359999321401120E-002   274.81934871652334        274.73351932697574     
   3.0399999320507048E-002   273.84311821835001        273.81882299802191     
   3.0439999319612977E-002   272.86373514024001        272.90142418767959     
   3.0479999318718910E-002   271.88147842135737        271.98133195030545     
   3.0519999317824838E-002   270.89662936292189        271.05855536683885     
   3.0559999316930771E-002   269.90947046674364        270.13310354471247     
   3.0599999316036700E-002   268.92028426222100        269.20498561776321     
   3.0639999315142632E-002   267.92935212669482        268.27421074614023     
   3.0679999314248561E-002   266.93695310412301        267.34078811621669     
   3.0719999313354493E-002   265.94336272704953        266.40472694049720     
   3.0759999312460422E-002   264.94885184687126        265.46603645752856     
   3.0799999311566351E-002   263.95368547738576        264.52472593180738     
   3.0839999310672283E-002   262.95812165658049        263.58080465368863     
   3.0879999309778212E-002   261.96241033156622        262.63428193929519     
   3.0919999308884144E-002   260.96679227149525        261.68516713042447     
   3.0959999307990073E-002   259.97149801320705        260.73346959445701     
   3.0999999307096005E-002   258.97674684423384        259.77919872426378     
   3.1039999306201934E-002   257.98274582767334        258.82236393811360     
   3.1079999305307863E-002   256.98968887327794        257.86297467957996     
   3.1119999304413795E-002   255.99775585894926        256.90104041744809     
   3.1159999303519724E-002   255.00711180663421        255.93657064562132     
   3.1199999302625656E-002   254.01790611641982        254.96957488302749     
   3.1239999301731585E-002   253.03027186240038        254.00006267352487     
   3.1279999300837517E-002   252.04432515365752        253.02804358580815     
   3.1319999299943446E-002   251.06016456344142        252.05352721331363     
   3.1359999299049375E-002   250.07787062937388        251.07652317412547     
   3.1399999298155304E-002   249.09750542722435        250.09704111087925     
   3.1439999297261240E-002   248.11911222051177        249.11509069066801     
   3.1479999296367168E-002   247.14271518788658        248.13068160494689     
   3.1519999295473097E-002   246.16831922994359        247.14382356943619     
   3.1559999294579026E-002   245.19590985678855        246.15452632402736     
   3.1599999293684955E-002   244.22545315736210        245.16279963268497     
   3.1639999292790891E-002   243.25689585118965        244.16865328335166     
   3.1679999291896820E-002   242.29016542289330        243.17209708785143     
   3.1719999291002748E-002   241.32517033945209        242.17314088179168     
   3.1759999290108677E-002   240.36180034987186        241.17179452446788     
   3.1799999289214613E-002   239.39992686656515        240.16806789876441     
   3.1839999288320542E-002   238.43940342741203        239.16197091105875     
   3.1879999287426471E-002   237.48006623712732        238.15351349112242     
   3.1919999286532399E-002   236.52173478622481        237.14270559202356     
   3.1959999285638328E-002   235.56421254553726        236.12955719002881     
   3.1999999284744264E-002   234.60728773392194        235.11407828450393     
   3.2039999283850193E-002   233.65073415647180        234.09627889781683     
   3.2079999282956122E-002   232.69431211022911        233.07616907523686     
   3.2119999282062051E-002   231.73776935411399        232.05375888483678     
   3.2159999281167986E-002   230.78084213947957        231.02905841739278     
   3.2199999280273915E-002   229.82325629743880        230.00207778628575     
   3.2239999279379844E-002   228.86472837883824        228.97282712740014     
   3.2279999278485773E-002   227.90496684251633        227.94131659902504     
   3.2319999277591702E-002   226.94367328724280        226.90755638175352     
   3.2359999276697637E-002   225.98054372252901        225.87155667838203     
   3.2399999275803566E-002   225.01526987330124        224.83332771381041     
   3.2439999274909495E-002   224.04754051324872        223.79287973493948     
   3.2479999274015424E-002   223.07704282150596        222.75022301057149     
   3.2519999273121353E-002   222.10346375719058        221.70536783130791     
   3.2559999272227289E-002   221.12649144619886        220.65832450944799     
   3.2599999271333217E-002   220.14581657457401        219.60910337888748     
   3.2639999270439146E-002   219.16113378268628        218.55771479501590     
   3.2679999269545075E-002   218.17214305441829        217.50416913461444     
   3.2719999268651011E-002   217.17855109552534        216.44847679575398     
   3.2759999267756940E-002   216.18007269533513        215.39064819769257     
   3.2799999266862868E-002   215.17643206597842        214.33069378077190     
   3.2839999265968797E-002   214.16736415338607        213.26862400631478     
   3.2879999265074726E-002   213.15261591436087        212.20444935652134     
   3.2919999264180662E-002   212.13194755411902        211.13818033436669     
   3.2959999263286591E-002   211.10513371882931        210.06982746349615     
   3.2999999262392520E-002   210.07196463779630        208.99940128812173     
   3.3039999261498448E-002   209.03224721012094        207.92691237291848     
   3.3079999260604377E-002   207.98580603084025        206.85237130291904     
   3.3119999259710313E-002   206.93248435176369        205.77578868341101     
   3.3159999258816242E-002   205.87214497245304        204.69717513983076     
   3.3199999257922171E-002   204.80467105703443        203.61654131765903     
   3.3239999257028099E-002   203.72996687280943        202.53389788231607     
   3.3279999256134035E-002   202.64795844690946        201.44925551905573     
   3.3319999255239964E-002   201.55859413754945        200.36262493286111     
   3.3359999254345893E-002   200.46184511674917        199.27401684833833     
   3.3399999253451822E-002   199.35770576173550        198.18344200960982     
   3.3439999252557751E-002   198.24619395257898        197.09091118020987     
   3.3479999251663686E-002   197.12735127398565        195.99643514297679     
   3.3519999250769615E-002   196.00124311953411        194.90002469994818     
   3.3559999249875544E-002   194.86795869703329        193.80169067225336     
   3.3599999248981473E-002   193.72761093406439        192.70144390000587     
   3.3639999248087409E-002   192.58033628316969        191.59929524219783     
   3.3679999247193337E-002   191.42629442654948        190.49525557659257     
   3.3719999246299266E-002   190.26566788053884        189.38933579961585     
   3.3759999245405195E-002   189.09866150053907        188.28154682625066     
   3.3799999244511124E-002   187.92550188748933        187.17189958992705     
   3.3839999243617060E-002   186.74643669736821        186.06040504241588     
   3.3879999242722988E-002   185.56173385561976        184.94707415372051     
   3.3919999241828917E-002   184.37168067879534        183.83191791196779     
   3.3959999240934846E-002   183.17658290609657        182.71494732330027     
   3.3999999240040775E-002   181.97676364388965        181.59617341176750     
   3.4039999239146711E-002   180.77256222663127        180.47560721921639     
   3.4079999238252640E-002   179.56433299802146        179.35325980518400     
   3.4119999237358568E-002   178.35244401653429        178.22914224678667     
   3.4159999236464497E-002   177.13727568983242        177.10326563861148     
   3.4199999235570433E-002   175.91921934288143        175.97564109260645     
   3.4239999234676362E-002   174.69867572489176        174.84627973797174     
   3.4279999233782291E-002   173.47605346050236        173.71519272104817     
   3.4319999232888219E-002   172.25176745089189        172.58239120520861     
   3.4359999231994148E-002   171.02623723074856        171.44788637074743     
   3.4399999231100084E-002   169.79988528726116        170.31168941476972     
   3.4439999230206013E-002   168.57313534749787        169.17381155108191     
   3.4479999229311942E-002   167.34641064072184        168.03426401007920     
   3.4519999228417871E-002   166.12013214235347        166.89305803863658     
   3.4559999227523799E-002   164.89471680642299        165.75020489999693     
   3.4599999226629735E-002   163.67057579346476        164.60571587365976     
   3.4639999225735664E-002   162.44811270089028        163.45960225527082     
   3.4679999224841593E-002   161.22772180293461        162.31187535650901     
   3.4719999223947522E-002   160.00978630730015        161.16254650497623     
   3.4759999223053457E-002   158.79467663563048        160.01162704408469     
   3.4799999222159386E-002   157.58274873492053        158.85912833294583     
   3.4839999221265315E-002   156.37434242692038        157.70506174625723     
   3.4879999220371244E-002   155.16977980252096        156.54943867419033     
   3.4919999219477173E-002   153.96936366799832        155.39227052227966     
   3.4959999218583108E-002   152.77337604987008        154.23356871130761     
   3.4999999217689037E-002   151.58207676496571        153.07334467719446     
   3.5039999216794966E-002   150.39570206212051        151.91160987088347     
   3.5079999215900895E-002   149.21446334171338        150.74837575822880     
   3.5119999215006824E-002   148.03854595902595        149.58365381988219     
   3.5159999214112760E-002   146.86810811715256        148.41745555117939     
   3.5199999213218688E-002   145.70327985491491        147.24979246202767     
   3.5239999212324617E-002   144.54416213493147        146.08067607679044     
   3.5279999211430546E-002   143.39082603667649        144.91011793417525     
   3.5319999210536482E-002   142.24331205902018        143.73812958711889     
   3.5359999209642411E-002   141.10162953638476        142.56472260267412     
   3.5399999208748339E-002   139.96575617226762        141.38990856189483     
   3.5439999207854268E-002   138.83563769349570        140.21369905972162     
   3.5479999206960197E-002   137.71118762816354        139.03610570486822     
   3.5519999206066133E-002   136.59228720977481        137.85714011970614     
   3.5559999205172062E-002   135.47878540968540        136.67681394015068     
   3.5599999204277991E-002   134.37049909948149        135.49513881554540     
   3.5639999203383919E-002   133.26721334448158        134.31212640854702     
   3.5679999202489855E-002   132.16868182907572        133.12778839501104     
   3.5719999201595784E-002   131.07462741414551        131.94213646387649     
   3.5759999200701713E-002   129.98474282632765        130.75518231704976     
   3.5799999199807642E-002   128.89869147840602        129.56693766928996     
   3.5839999198913570E-002   127.81610841962824        128.37741424809226     
   3.5879999198019506E-002   126.73660141426059        127.18662379357333     
   3.5919999197125435E-002   125.65975214621497        125.99457805835516     
   3.5959999196231364E-002   124.58511754709565        124.80128880744843     
   3.5999999195337293E-002   123.51223124454765        123.60676781813712     
   3.6039999194443222E-002   122.44060512731446        122.41102687986141     
   3.6079999193549157E-002   121.36973102295528        121.21407779410234     
   3.6119999192655086E-002   120.29908248372658        120.01593237426513     
   3.6159999191761015E-002   119.22811667568709        118.81660244556187     
   3.6199999190866944E-002   118.15627636567218        117.61609984489556     
   3.6239999189972880E-002   117.08299200036819        116.41443642074223     
   3.6279999189078808E-002   116.00768387132631        115.21162403303637     
   3.6319999188184737E-002   114.92976435938370        114.00767455305052     
   3.6359999187290666E-002   113.84864025160857        112.80259986328130     
   3.6399999186396595E-002   112.76371512354876        111.59641185732954     
   3.6439999185502531E-002   111.67439177925674        110.38912243978459     
   3.6479999184608460E-002   110.58007474128195        109.18074352610674     
   3.6519999183714388E-002   109.48017278255581        107.97128704250802     
   3.6559999182820317E-002   108.37410149186731        106.76076492583699     
   3.6599999181926246E-002   107.26128586441889        105.54918912345840     
   3.6639999181032182E-002   106.14116290877784        104.33657159313697     
   3.6679999180138111E-002   105.01318426138921        103.12292430291932     
   3.6719999179244039E-002   103.87681879970195        101.90825923101418     
   3.6759999178349968E-002   102.73155524487660        100.69258836567687     
   3.6799999177455904E-002   101.57690474498438        99.475923705087951     
   3.6839999176561833E-002   100.41240342959473        98.258277257237665     
   3.6879999175667762E-002   99.237614926648760        97.039661039805353     
   3.6919999174773691E-002   98.052132832574372        95.820087080041745     
   3.6959999173879619E-002   96.855583126664470        94.599567414650352     
   3.6999999172985555E-002   95.647626520855752        93.378114089667648     
   3.7039999172091484E-002   94.427960736192233        92.155739160346045     
   3.7079999171197413E-002   93.196322697420925        90.932454691033072     
   3.7119999170303342E-002   91.952490637391961        89.708272755053272     
   3.7159999169409270E-002   90.696286103159778        88.483205434588967     
   3.7199999168515206E-002   89.427575855959660        87.257264820560195     
   3.7239999167621135E-002   88.146273657532845        86.030463012507070     
   3.7279999166727064E-002   86.852341935599412        84.802812118468651     
   3.7319999165832993E-002   85.545793321636793        83.574324254864337     
   3.7359999164938928E-002   84.226692054506231        82.345011546373854     
   3.7399999164044857E-002   82.895155243874370        81.114886125818543     
   3.7439999163150786E-002   81.551353987811211        79.883960134039853     
   3.7479999162256715E-002   80.195514339402152        78.652245719781220     
   3.7519999161362644E-002   78.827918117684476        77.419755039567335     
   3.7559999160468580E-002   77.448903558711805        76.186500257584115     
   3.7599999159574508E-002   76.058865803066283        74.952493545559420     
   3.7639999158680437E-002   74.658257216656011        73.717747082641978     
   3.7679999157786366E-002   73.247587542184547        72.482273055281212     
   3.7719999156892302E-002   71.827423879222948        71.246083657107690     
   3.7759999155998231E-002   70.398390491375153        70.009191088812713     
   3.7799999155104159E-002   68.961168439596733        68.771607558027100     
   3.7839999154210088E-002   67.516495041296579        67.533345279201512     
   3.7879999153316017E-002   66.065163155426873        66.294416473484858     
   3.7919999152421953E-002   64.608020294336001        65.054833368605529     
   3.7959999151527882E-002   63.145967563741998        63.814608198748822     
   3.7999999150633811E-002   61.679958432739319        62.573753204437132     
   3.8039999149739739E-002   60.210997336329676        61.332280632409173     
   3.8079999148845668E-002   58.740138113510717        60.090202735498167     
   3.8119999147951604E-002   57.268482284508238        58.847531772512731     
   3.8159999147057533E-002   55.797177171269745        57.604280008114081     
   3.8199999146163462E-002   54.327413865852321        56.360459712695899     
   3.8239999145269390E-002   52.860425051847216        55.116083162263209     
   3.8279999144375326E-002   51.397482684464521        53.871162638310345     
   3.8319999143481255E-002   49.939895535371754        52.625710427701321     
   3.8359999142587184E-002   48.489006608820105        51.379738822547672     
   3.8399999141693113E-002   47.046190436022826        50.133260120086284     
   3.8439999140799042E-002   45.612850255147364        48.886286622559773     
   3.8479999139904977E-002   44.190415084651562        47.638830637093285     
   3.8519999139010906E-002   42.780336698056047        46.390904475574807     
   3.8559999138116835E-002   41.384086508551576        45.142520454532800     
   3.8599999137222764E-002   40.003152372146189        43.893690895013698     
   3.8639999136328693E-002   38.639035318314711        42.644428122461960     
   3.8679999135434628E-002   37.293246217349150        41.394744466597480     
   3.8719999134540557E-002   35.967302393816446        40.144652261293928     
   3.8759999133646486E-002   34.662724195698750        38.894163844457914     
   3.8799999132752415E-002   33.381031528942955        37.643291557905421     
   3.8839999131858351E-002   32.123740367249709        36.392047747241620     
   3.8879999130964280E-002   30.892359247021560        35.140444761738792     
   3.8919999130070208E-002   29.688385757430776        33.888494954213641     
   3.8959999129176137E-002   28.513303035595246        32.636210680906011     
   3.8999999128282066E-002   27.368576276833718        31.383604301356989     
   3.9039999127388002E-002   26.255649269927449        30.130688178285993     
   3.9079999126493931E-002   25.175940967249094        28.877474677470548     
   3.9119999125599859E-002   24.130842099508513        27.623976167622487     
   3.9159999124705788E-002   23.121711844742475        26.370205020266731     
   3.9199999123811724E-002   22.149874561008460        25.116173609618837     
   3.9239999122917653E-002   21.216616592060436        23.861894312463789     
   3.9279999122023582E-002   20.323183155064413        22.607379508032029     
   3.9319999121129511E-002   19.470775319178252        21.352641577879076     
   3.9359999120235439E-002   18.660547083549606        20.097692905762429     
   3.9399999119341375E-002   17.893602562997682        18.842545877519353     
   3.9439999118447304E-002   17.170993289334202        17.587212880945515     
   3.9479999117553233E-002   16.493715635940706        16.331706305670945     
   3.9519999116659162E-002   15.862708372868987        15.076038543039546     
   3.9559999115765090E-002   15.278850359352077        13.820221985985889     
   3.9599999114871026E-002   14.742958380222111        12.564269028912911     
   3.9639999113976955E-002   14.255785132320659        11.308192067570474     
   3.9679999113082884E-002   13.818017366558154        10.052003498931240     
   3.9719999112188813E-002   13.430274190840482        8.7957157210701098     
   3.9759999111294748E-002   13.093105538622572        7.5393411330407760     
   3.9799999110400677E-002   12.806990807382117        6.2828921347544293     
   3.9839999109506606E-002   12.572337670827249        5.0263811268555898     
   3.9879999108612535E-002   12.389481068164727        3.7698205106013218     
   3.9919999107718464E-002   12.258682373255894        2.5132226877386592     
   3.9959999106824400E-002   12.180128745984540        1.2566000603813168     
   3.9999999105930328E-002   12.153932667650599       -3.4969112001489900E-005
